  2.000000000000  -4.9999999999284093     
  3.000000000000  -4.9999997263116267     
  4.000000000000  -4.9999830778650134     
  5.000000000000  -4.9997990156414982     
  6.000000000000  -4.9989538064940202     
  7.000000000000  -4.9966009001645686     
  8.000000000000  -4.9917727123169886     
  9.000000000000  -4.9836303894752811     
  10.00000000000  -4.9715947844978814     
  11.00000000000  -4.9553625150360450     
  12.00000000000  -4.9348597702749428     
  13.00000000000  -4.9101780847001510     
  14.00000000000  -4.8815155294734298     
  15.00000000000  -4.8491314005365336     
  16.00000000000  -4.8133145824845540     
  17.00000000000  -4.7743628667915932     
  18.00000000000  -4.7325700955453645     
  19.00000000000  -4.6882185367751470     
  20.00000000000  -4.6415746206996529     
  21.00000000000  -4.5928867882759006     
  22.00000000000  -4.5423846558930014     
  23.00000000000  -4.4902790004882451     
  24.00000000000  -4.4367622578334034     
  25.00000000000  -4.3820093409057366     
  26.00000000000  -4.3261786533323514     
  27.00000000000  -4.2694132137519336     
  28.00000000000  -4.2118418321850593     
  29.00000000000  -4.1535802960475223     
  30.00000000000  -4.0947325349870134     
  31.00000000000  -4.0353917423476728     
  32.00000000000  -3.9756414377898599     
  33.00000000000  -3.9155564609523132     
  34.00000000000  -3.8552038903282115     
  35.00000000000  -3.7946438849010740     
  36.00000000000  -3.7339304487115337     
  37.00000000000  -3.6731121204423811     
  38.00000000000  -3.6122325915242861     
  39.00000000000  -3.5513312571738309     
  40.00000000000  -3.4904437053349655     
  41.00000000000  -3.4296021487567110     
  42.00000000000  -3.3688358054816279     
  43.00000000000  -3.3081712328992179     
  44.00000000000  -3.2476326202778880     
  45.00000000000  -3.1872420443988041     
  46.00000000000  -3.1270196925336204     
  47.00000000000  -3.0669840566654711     
  48.00000000000  -3.0071521024618653     
  49.00000000000  -2.9475394161502892     
  50.00000000000  -2.8881603321016760     
  51.00000000000  -2.8290280436062032     
  52.00000000000  -2.7701546990329087     
  53.00000000000  -2.7115514852923210     
  54.00000000000  -2.6532287003020176     
  55.00000000000  -2.5951958159125637     
  56.00000000000  -2.5374615325947421     
  57.00000000000  -2.4800338270068698     
  58.00000000000  -2.4229199934233350     
  59.00000000000  -2.3661266798792617     
  60.00000000000  -2.3096599197722432     
  61.00000000000  -2.2535251595796515     
  62.00000000000  -2.1977272832435419     
  63.00000000000  -2.1422706337245119     
  64.00000000000  -2.0871590321465083     
  65.00000000000  -2.0323957949073979     
  66.00000000000  -1.9779837490718890     
  67.00000000000  -1.9239252463291452     
  68.00000000000  -1.8702221757537698     
  69.00000000000  -1.8168759755799622     
  70.00000000000  -1.7638876441730442     
  71.00000000000  -1.7112577503549051     
  72.00000000000  -1.6589864432325507     
  73.00000000000  -1.6070734616636750     
  74.00000000000  -1.5555181434789089     
  75.00000000000  -1.5043194346043700     
  76.00000000000  -1.4534758982021811     
  77.00000000000  -1.4029857239990795     
  78.00000000000  -1.3528467379555993     
  79.00000000000  -1.3030564125043060     
  80.00000000000  -1.2536118775888072     
  81.00000000000  -1.2045099328219200     
  82.00000000000  -1.1557470611525575     
  83.00000000000  -1.1073194445082821     
  84.00000000000  -1.0592229820202554     
  85.00000000000  -1.0114533115902571     
  86.00000000000 -0.96400583572416387     
  87.00000000000 -0.91687575282396949     
  88.00000000000 -0.87005809540702295     
  89.00000000000 -0.82354777709715155     
  90.00000000000 -0.77733965069058453     
  91.00000000000 -0.73142858017039414     
  92.00000000000 -0.68580953024760705     
  93.00000000000 -0.64047767788431287     
  94.00000000000 -0.59542855129201966     
  95.00000000000 -0.55065820322888381     
  96.00000000000 -0.50616342689298888     
  97.00000000000 -0.46194202456215727     
  98.00000000000 -0.41799314109904362     
  99.00000000000 -0.37431767666574789     
  100.0000000000 -0.33091879512691857     
  101.0000000000 -0.28780254641282310     
  102.0000000000 -0.24497862191073771     
  103.0000000000 -0.20246126076558024     
  104.0000000000 -0.16027032018226306     
  105.0000000000 -0.11843251224942763     
  106.0000000000 -7.69827901465527376E-002
  107.0000000000 -3.59658343243531853E-002
  108.0000000000  4.56245958139200880E-003
  109.0000000000  4.45336564638005861E-002
  110.0000000000  8.38658691021803016E-002
  111.0000000000  0.12246359080258884     
  112.0000000000  0.16021866885189118     
  113.0000000000  0.19701281002012205     
  114.0000000000  0.23272188873964206     
  115.0000000000  0.26722205660425091     
  116.0000000000  0.30039724438109339     
  117.0000000000  0.33214719974910389     
  118.0000000000  0.36239488031167122     
  119.0000000000  0.39109198843440129     
  120.0000000000  0.41822175959000241     
  121.0000000000  0.44379870688049516     
  122.0000000000  0.46786566530325935     
  123.0000000000  0.49048894797802767     
  124.0000000000  0.51175260545965529     
  125.0000000000  0.53175268846965862     
  126.0000000000  0.55059216272552858     
  127.0000000000  0.56837683504274095     
  128.0000000000  0.58521240830051724     
  129.0000000000  0.60120262544323966     
  130.0000000000  0.61644838927400736     
  131.0000000000  0.63104773901054179     
  132.0000000000  0.64509660982598804     
  133.0000000000  0.65869039196153789     
  134.0000000000  0.67192645476489909     
  135.0000000000  0.68490805765150897     
  136.0000000000  0.69775056372670008     
  137.0000000000  0.71059194433444217     
  138.0000000000  0.72361221263199971     
  139.0000000000  0.73707406432556022     
  140.0000000000  0.75142426592768197     
  141.0000000000  0.76763267747924113     
  142.0000000000  0.78948655300815374     
  143.0000000000  0.89338561647962567     
  144.0000000000  0.87810255554373784     
  145.0000000000  0.86225769261312113     
  146.0000000000  0.84898279451614389     
  147.0000000000  0.83980562792536406     
  148.0000000000  0.83319684825438012     
  149.0000000000  0.82791157482172539     
  150.0000000000  0.82335585035490189     
  151.0000000000  0.81924448348498491     
  152.0000000000  0.81542817030381198     
  153.0000000000  0.81182187937217953     
  154.0000000000  0.80837363120331696     
  155.0000000000  0.80504974095918880     
  156.0000000000  0.80182729516640860     
  157.0000000000  0.79869005862328657     
  158.0000000000  0.79562612138110334     
  159.0000000000  0.79262648122058055     
  160.0000000000  0.78968415473656728     
  161.0000000000  0.78679360021985489     
  162.0000000000  0.78395033142218540     
  163.0000000000  0.78115065206597678     
  164.0000000000  0.77839146894621536     
  165.0000000000  0.77567015752811630     
  166.0000000000  0.77298446341495675     
  167.0000000000  0.77033242883915154     
  168.0000000000  0.76771233693830143     
  169.0000000000  0.76512266889300351     
  170.0000000000  0.76256207051687563     
  171.0000000000  0.76002932587569139     
  172.0000000000  0.75752333623155466     
  173.0000000000  0.75504310304304290     
  174.0000000000  0.75258771411987546     
  175.0000000000  0.75015633222148048     
  176.0000000000  0.74774818560706935     
  177.0000000000  0.74536256012750268     
  178.0000000000  0.74299879256223789     
  179.0000000000  0.74065626496653936     
  180.0000000000  0.73833439983696958     
  181.0000000000  0.73603265596929701     
  182.0000000000  0.73375052486118719     
  183.0000000000  0.73148752760428859     
  184.0000000000  0.72924321215227905     
  185.0000000000  0.72701715093592423     
  186.0000000000  0.72480893875446362     
  187.0000000000  0.72261819091563462     
  188.0000000000  0.72044454157083360     
  189.0000000000  0.71828764224262920     
  190.0000000000  0.71614716050140259     
  191.0000000000  0.71402277877198883     
  192.0000000000  0.71191419327213601     
  193.0000000000  0.70982111303964290     
  194.0000000000  0.70774325905798230     
  195.0000000000  0.70568036346108265     
  196.0000000000  0.70363216881060597     
  197.0000000000  0.70159842742757395     
  198.0000000000  0.69957890079833784     
  199.0000000000  0.69757335901467710     
  200.0000000000  0.69558158026001893     
  201.0000000000  0.69360335035250342     
  202.0000000000  0.69163846229967074     
  203.0000000000  0.68968671591066943     
  204.0000000000  0.68774791742333208     
  205.0000000000  0.68582187915572979     
  206.0000000000  0.68390841920220979     
  207.0000000000  0.68200736112351645     
  208.0000000000  0.68011853368713704     
  209.0000000000  0.67824177059868240     
  210.0000000000  0.67637691026957480     
  211.0000000000  0.67452379559760489     
  212.0000000000  0.67268227374818945     
  213.0000000000  0.67085219597169188     
  214.0000000000  0.66903341740877775     
  215.0000000000  0.66722579692384254     
  216.0000000000  0.66542919694868707     
  217.0000000000  0.66364348331856693     
  218.0000000000  0.66186852514385219     
  219.0000000000  0.66010419466207793     
  220.0000000000  0.65835036711742156     
  221.0000000000  0.65660692064572035     
  222.0000000000  0.65487373615044620     
  223.0000000000  0.65315069720312391     
  224.0000000000  0.65143768993882978     
  225.0000000000  0.64973460296629282     
  226.0000000000  0.64804132726757802     
  227.0000000000  0.64635775611658597     
  228.0000000000  0.64468378500301726     
  229.0000000000  0.64301931154309777     
  230.0000000000  0.64136423541381060     
  231.0000000000  0.63971845827851126     
  232.0000000000  0.63808188372781038     
  233.0000000000  0.63645441720402329     
  234.0000000000  0.63483596594897818     
  235.0000000000  0.63322643894161557     
  236.0000000000  0.63162574685073802     
  237.0000000000  0.63003380197053183     
  238.0000000000  0.62845051817798103     
  239.0000000000  0.62687581088312505     
  240.0000000000  0.62530959698077260     
  241.0000000000  0.62375179481436549     
  242.0000000000  0.62220232412168464     
  243.0000000000  0.62066110600296565     
  244.0000000000  0.61912806287966959     
  245.0000000000  0.61760311845563032     
  246.0000000000  0.61608619768954842     
  247.0000000000  0.61457722674822168     
  248.0000000000  0.61307613298228558     
  249.0000000000  0.61158284489255066     
  250.0000000000  0.61009729209944707     
  251.0000000000  0.60861940531222725     
  252.0000000000  0.60714911630881274     
  253.0000000000  0.60568635789635461     
  254.0000000000  0.60423106389375303     
  255.0000000000  0.60278316910442031     
  256.0000000000  0.60134260929233485     
  257.0000000000  0.59990932115839202     
  258.0000000000  0.59848324231652761     
  259.0000000000  0.59706431127934434     
  260.0000000000  0.59565246742595135     
  261.0000000000  0.59424765098894761     
  262.0000000000  0.59284980303365797     
  263.0000000000  0.59145886543923543     
  264.0000000000  0.59007478087997889     
  265.0000000000  0.58869749280596928     
  266.0000000000  0.58732694543452546     
  267.0000000000  0.58596308372056161     
  268.0000000000  0.58460585334961057     
  269.0000000000  0.58325520072023207     
  270.0000000000  0.58191107292850897     
  271.0000000000  0.58057341775417659     
  272.0000000000  0.57924218364618107     
  273.0000000000  0.57791731970919091     
  274.0000000000  0.57659877568819995     
  275.0000000000  0.57528650196426045     
  276.0000000000  0.57398044952885752     
  277.0000000000  0.57268056998104722     
  278.0000000000  0.57138681551307879     
  279.0000000000  0.57009913889904329     
  280.0000000000  0.56881749348407140     
  281.0000000000  0.56754183317303142     
  282.0000000000  0.56627211242069286     
  283.0000000000  0.56500828622119281     
  284.0000000000  0.56375031009593490     
  285.0000000000  0.56249814009251020     
  286.0000000000  0.56125173276285689     
  287.0000000000  0.56001104516212541     
  288.0000000000  0.55877603483791516     
  289.0000000000  0.55754665982182816     
  290.0000000000  0.55632287862091090     
  291.0000000000  0.55510465020907773     
  292.0000000000  0.55389193401942050     
  293.0000000000  0.55268468993647790     
  294.0000000000  0.55148287828852260     
  295.0000000000  0.55028645984006486     
  296.0000000000  0.54909539578240196     
  297.0000000000  0.54790964773527273     
  298.0000000000  0.54672917772715934     
  299.0000000000  0.54555394819680081     
  300.0000000000  0.54438392198487051     
  301.0000000000  0.54321906232744577     
  302.0000000000  0.54205933284931995     
  303.0000000000  0.54090469755844905     
  304.0000000000  0.53975512083979693     
  305.0000000000  0.53861056744934921     
  306.0000000000  0.53747100250835955     
  307.0000000000  0.53633639149791767     
  308.0000000000  0.53520670025340289     
  309.0000000000  0.53408189495724612     
  310.0000000000  0.53296194214164405     
  311.0000000000  0.53184680867118894     
  312.0000000000  0.53073646174605660     
  313.0000000000  0.52963086889529087     
  314.0000000000  0.52852999797177058     
  315.0000000000  0.52743381714732274     
  316.0000000000  0.52634229490882500     
  317.0000000000  0.52525540005291793     
  318.0000000000  0.52417310168174991     
  319.0000000000  0.52309536919944377     
  320.0000000000  0.52202217230638503     
  321.0000000000  0.52095348099664529     
  322.0000000000  0.51988926555265469     
  323.0000000000  0.51882949654202504     
  324.0000000000  0.51777414481331441     
  325.0000000000  0.51672318149219620     
  326.0000000000  0.51567657797553124     
  327.0000000000  0.51463430593635862     
  328.0000000000  0.51359633730732956     
  329.0000000000  0.51256264428554754     
  330.0000000000  0.51153319932762753     
  331.0000000000  0.51050797514537483     
  332.0000000000  0.50948694470310840     
  333.0000000000  0.50847008121399395     
  334.0000000000  0.50745735813711390     
  335.0000000000  0.50644874917373306     
  336.0000000000  0.50544422826498459     
  337.0000000000  0.50444376958810344     
  338.0000000000  0.50344734755387044     
  339.0000000000  0.50245493680330500     
  340.0000000000  0.50146651220527316     
  341.0000000000  0.50048204885281811     
  342.0000000000  0.49950152206126708     
  343.0000000000  0.49852490736485566     
  344.0000000000  0.49755218051455424     
  345.0000000000  0.49658331747446949     
  346.0000000000  0.49561829441824690     
  347.0000000000  0.49465708773436423     
  348.0000000000  0.49369967401081172     
  349.0000000000  0.49274603004138451     
  350.0000000000  0.49179613282080159     
  351.0000000000  0.49084995954279820     
  352.0000000000  0.48990748759705610     
  353.0000000000  0.48896869456774672     
  354.0000000000  0.48803355823033284     
  355.0000000000  0.48710205655011052     
  356.0000000000  0.48617416767917837     
  357.0000000000  0.48524986995535296     
  358.0000000000  0.48432914189871679     
  359.0000000000  0.48341196221063920     
  360.0000000000  0.48249830977103425     
  361.0000000000  0.48158816363670887     
  362.0000000000  0.48068150303851442     
  363.0000000000  0.47977830738122706     
  364.0000000000  0.47887855623896103     
  365.0000000000  0.47798222935571716     
  366.0000000000  0.47708930664188087     
  367.0000000000  0.47619976817293908     
  368.0000000000  0.47531359418793917     
  369.0000000000  0.47443076508681242     
  370.0000000000  0.47355126142758819     
  371.0000000000  0.47267506393222147     
  372.0000000000  0.47180215347252469     
  373.0000000000  0.47093251107653533     
  374.0000000000  0.47006611792555353     
  375.0000000000  0.46920295535164563     
  376.0000000000  0.46834300483666924     
  377.0000000000  0.46748624801007799     
  378.0000000000  0.46663266664731373     
  379.0000000000  0.46578224266948098     
  380.0000000000  0.46493495813980529     
  381.0000000000  0.46409079526385100     
  382.0000000000  0.46324973638703698     
  383.0000000000  0.46241176399337219     
  384.0000000000  0.46157686070459092     
  385.0000000000  0.46074500927763012     
  386.0000000000  0.45991619260417316     
  387.0000000000  0.45909039370869087     
  388.0000000000  0.45826759574719950     
  389.0000000000  0.45744778200646896     
  390.0000000000  0.45663093590121884     
  391.0000000000  0.45581704097462089     
  392.0000000000  0.45500608089563371     
  393.0000000000  0.45419803945849635     
  394.0000000000  0.45339290058085413     
  395.0000000000  0.45259064830316470     
  396.0000000000  0.45179126678680870     
  397.0000000000  0.45099474031335463     
  398.0000000000  0.45020105328293752     
  399.0000000000  0.44941019021382278     
  400.0000000000  0.44862213574005694     
  401.0000000000  0.44783687461166166     
  402.0000000000  0.44705439168974304     
  403.0000000000  0.44627467195586445     
  404.0000000000  0.44549770049652027     
  405.0000000000  0.44472346251112116     
  406.0000000000  0.44395194330907828     
  407.0000000000  0.44318312830792905     
  408.0000000000  0.44241700303338011     
  409.0000000000  0.44165355311739207     
  410.0000000000  0.44089276429756286     
  411.0000000000  0.44013462241611034     
  412.0000000000  0.43937911341806801     
  413.0000000000  0.43862622335185902     
  414.0000000000  0.43787593836690253     
  415.0000000000  0.43712824471306216     
  416.0000000000  0.43638312874045015     
  417.0000000000  0.43564057689706354     
  418.0000000000  0.43490057572910668     
  419.0000000000  0.43416311187935969     
  420.0000000000  0.43342817208646195     
  421.0000000000  0.43269574318422271     
  422.0000000000  0.43196581210043111     
  423.0000000000  0.43123836585591718     
  424.0000000000  0.43051339156426599     
  425.0000000000  0.42979087643005476     
  426.0000000000  0.42907080774870848     
  427.0000000000  0.42835317290598524     
  428.0000000000  0.42763795937572080     
  429.0000000000  0.42692515472035797     
  430.0000000000  0.42621474658977032     
  431.0000000000  0.42550672272021889     
  432.0000000000  0.42480107093383496     
  433.0000000000  0.42409777913757579     
  434.0000000000  0.42339683532269479     
  435.0000000000  0.42269822756388764     
  436.0000000000  0.42200194401887342     
  437.0000000000  0.42130797292666061     
  438.0000000000  0.42061630260782401     
  439.0000000000  0.41992692146357141     
  440.0000000000  0.41923981797481613     
  441.0000000000  0.41855498070125130     
  442.0000000000  0.41787239828122180     
  443.0000000000  0.41719205943055720     
  444.0000000000  0.41651395293998167     
  445.0000000000  0.41583806768295084     
  446.0000000000  0.41516439260210947     
  447.0000000000  0.41449291671720234     
  448.0000000000  0.41382362912213322     
  449.0000000000  0.41315651898465833     
  450.0000000000  0.41249157554532428     
  451.0000000000  0.41182878811734663     
  452.0000000000  0.41116814608524566     
  453.0000000000  0.41050963890504483     
  454.0000000000  0.40985325610319784     
  455.0000000000  0.40919898727592841     
  456.0000000000  0.40854682208859944     
  457.0000000000  0.40789675027565497     
  458.0000000000  0.40724876163935336     
  459.0000000000  0.40660284604973318     
  460.0000000000  0.40595899344346670     
  461.0000000000  0.40531719382376236     
  462.0000000000  0.40467743725960964     
  463.0000000000  0.40403971388552012     
  464.0000000000  0.40340401390024538     
  465.0000000000  0.40277032756682640     
  466.0000000000  0.40213864521218767     
  467.0000000000  0.40150895722616470     
  468.0000000000  0.40088125406097119     
  469.0000000000  0.40025552623119842     
  470.0000000000  0.39963176431254827     
  471.0000000000  0.39900995894204833     
  472.0000000000  0.39839010081733839     
  473.0000000000  0.39777218069531672     
  474.0000000000  0.39715618939315911     
  475.0000000000  0.39654211778671511     
  476.0000000000  0.39592995681043591     
  477.0000000000  0.39531969745662915     
  478.0000000000  0.39471133077526238     
  479.0000000000  0.39410484787353978     
  480.0000000000  0.39350023991530020     
  481.0000000000  0.39289749811991848     
  482.0000000000  0.39229661376300962     
  483.0000000000  0.39169757817578360     
  484.0000000000  0.39110038274343534     
  485.0000000000  0.39050501890598921     
  486.0000000000  0.38991147815731220     
  487.0000000000  0.38931975204471647     
  488.0000000000  0.38872983216842755     
  489.0000000000  0.38814171018179383     
  490.0000000000  0.38755537778961868     
  491.0000000000  0.38697082674912298     
  492.0000000000  0.38638804886840822     
  493.0000000000  0.38580703600698801     
  494.0000000000  0.38522778007470920     
  495.0000000000  0.38465027303139343     
  496.0000000000  0.38407450688687700     
  497.0000000000  0.38350047370029577     
  498.0000000000  0.38292816558011539     
  499.0000000000  0.38235757468221093     
  500.0000000000  0.38178869321213615     
  501.0000000000  0.38122151342011734     
  502.0000000000  0.38065602761099016     
  503.0000000000  0.38009222812954335     
  504.0000000000  0.37953010736963833     
  505.0000000000  0.37896965777182295     
  506.0000000000  0.37841087182242150     
  507.0000000000  0.37785374205316924     
  508.0000000000  0.37729826104131248     
  509.0000000000  0.37674442140902054     
  510.0000000000  0.37619221582299733     
  511.0000000000  0.37564163699412606     
  512.0000000000  0.37509267767747057     
  513.0000000000  0.37454533067147583     
  514.0000000000  0.37399958881734419     
  515.0000000000  0.37345544499984801     
  516.0000000000  0.37291289214620610     
  517.0000000000  0.37237192322568807     
  518.0000000000  0.37183253124962001     
  519.0000000000  0.37129470927086455     
  520.0000000000  0.37075845038333161     
  521.0000000000  0.37022374772253785     
  522.0000000000  0.36969059446418917     
  523.0000000000  0.36915898382436690     
  524.0000000000  0.36862890905937240     
  525.0000000000  0.36810036346523989     
  526.0000000000  0.36757334037728517     
  527.0000000000  0.36704783317022410     
  528.0000000000  0.36652383525751336     
  529.0000000000  0.36600134009116048     
  530.0000000000  0.36548034116164657     
  531.0000000000  0.36496083199735069     
  532.0000000000  0.36444280616424030     
  533.0000000000  0.36392625726603650     
  534.0000000000  0.36341117894323094     
  535.0000000000  0.36289756487356273     
  536.0000000000  0.36238540877124115     
  537.0000000000  0.36187470438693953     
  538.0000000000  0.36136544550695587     
  539.0000000000  0.36085762595444149     
  540.0000000000  0.36035123958681936     
  541.0000000000  0.35984628029780424     
  542.0000000000  0.35934274201562438     
  543.0000000000  0.35884061870350942     
  544.0000000000  0.35833990435944585     
  545.0000000000  0.35784059301498328     
  546.0000000000  0.35734267873667536     
  547.0000000000  0.35684615562399641     
  548.0000000000  0.35635101781040346     
  549.0000000000  0.35585725946265823     
  550.0000000000  0.35536487478032819     
  551.0000000000  0.35487385799626109     
  552.0000000000  0.35438420337523835     
  553.0000000000  0.35389590521517711     
  554.0000000000  0.35340895784567006     
  555.0000000000  0.35292335562785665     
  556.0000000000  0.35243909295544373     
  557.0000000000  0.35195616425282750     
  558.0000000000  0.35147456397590804     
  559.0000000000  0.35099428661151283     
  560.0000000000  0.35051532667760693     
  561.0000000000  0.35003767872181418     
  562.0000000000  0.34956133732331818     
  563.0000000000  0.34908629709055833     
  564.0000000000  0.34861255266196511     
  565.0000000000  0.34814009870605922     
  566.0000000000  0.34766892992066445     
  567.0000000000  0.34719904103268312     
  568.0000000000  0.34673042679856714     
  569.0000000000  0.34626308200330869     
  570.0000000000  0.34579700146064613     
  571.0000000000  0.34533218001301352     
  572.0000000000  0.34486861253066042     
  573.0000000000  0.34440629391241645     
  574.0000000000  0.34394521908477271     
  575.0000000000  0.34348538300211034     
  576.0000000000  0.34302678064589698     
  577.0000000000  0.34256940702500810     
  578.0000000000  0.34211325717630720     
  579.0000000000  0.34165832616269376     
  580.0000000000  0.34120460907363531     
  581.0000000000  0.34075210102395731     
  582.0000000000  0.34030079716053813     
  583.0000000000  0.33985069265078161     
  584.0000000000  0.33940178268940141     
  585.0000000000  0.33895406249739346     
  586.0000000000  0.33850752732168321     
  587.0000000000  0.33806217243426206     
  588.0000000000  0.33761799313290880     
  589.0000000000  0.33717498473989110     
  590.0000000000  0.33673314260310139     
  591.0000000000  0.33629246209534552     
  592.0000000000  0.33585293861331195     
  593.0000000000  0.33541456757892713     
  594.0000000000  0.33497734443805838     
  595.0000000000  0.33454126466106043     
  596.0000000000  0.33410632374197052     
  597.0000000000  0.33367251719874752     
  598.0000000000  0.33323984057308564     
  599.0000000000  0.33280828943023616     
  600.0000000000  0.33237785935853087     
  601.0000000000  0.33194854597040069     
  602.0000000000  0.33152034489986965     
  603.0000000000  0.33109325180510529     
  604.0000000000  0.33066726236659200     
  605.0000000000  0.33024237228751840     
  606.0000000000  0.32981857729329883     
