  2.000000000000   5.0000000000002069   
  3.000000000000   4.9999999959343100   
  4.000000000000   4.9999992799453770   
  5.000000000000   4.9999839194234514   
  6.000000000000   4.9998724796171734   
  7.000000000000   4.9994403856159204   
  8.000000000000   4.9983034416732632   
  9.000000000000   4.9959807319409757   
  10.00000000000   4.9919877760802782   
  11.00000000000   4.9859120451748291   
  12.00000000000   4.9774532255194073   
  13.00000000000   4.9664321984803941   
  14.00000000000   4.9527800379785862   
  15.00000000000   4.9365175541451585   
  16.00000000000   4.9177325705477291   
  17.00000000000   4.8965589181714373   
  18.00000000000   4.8731588717095731   
  19.00000000000   4.8477094182843823   
  20.00000000000   4.8203920733635535   
  21.00000000000   4.7913856865297175   
  22.00000000000   4.7608616259881975   
  23.00000000000   4.7289807800643224   
  24.00000000000   4.6958919021869079   
  25.00000000000   4.6617309200678658   
  26.00000000000   4.6266209153605251   
  27.00000000000   4.5906725518980540   
  28.00000000000   4.5539847882149207   
  29.00000000000   4.5166457549384091   
  30.00000000000   4.4787337119218451   
  31.00000000000   4.4403180257915587   
  32.00000000000   4.4014601277501244   
  33.00000000000   4.3622144255701896   
  34.00000000000   4.3226291539187489   
  35.00000000000   4.2827471544751701   
  36.00000000000   4.2426065824385208   
  37.00000000000   4.2022415395532144   
  38.00000000000   4.1616826361297301   
  39.00000000000   4.1209574860243396   
  40.00000000000   4.0800911394081716   
  41.00000000000   4.0391064585822809   
  42.00000000000   3.9980244422101041   
  43.00000000000   3.9568645032602641   
  44.00000000000   3.9156447057069936   
  45.00000000000   3.8743819647434687   
  46.00000000000   3.8330922148953785   
  47.00000000000   3.7917905500486597   
  48.00000000000   3.7504913390267767   
  49.00000000000   3.7092083199865211   
  50.00000000000   3.6679546765499120   
  51.00000000000   3.6267430982756874   
  52.00000000000   3.5855858277601822   
  53.00000000000   3.5444946964023414   
  54.00000000000   3.5034811506141974   
  55.00000000000   3.4625562700430654   
  56.00000000000   3.4217307791741458   
  57.00000000000   3.3810150535154033   
  58.00000000000   3.3404191214035555   
  59.00000000000   3.2999526623441513   
  60.00000000000   3.2596250026735509   
  61.00000000000   3.2194451092257559   
  62.00000000000   3.1794215815962152   
  63.00000000000   3.1395626435069941   
  64.00000000000   3.0998761337093654   
  65.00000000000   3.0603694967916750   
  66.00000000000   3.0210497742042648   
  67.00000000000   2.9819235957610832   
  68.00000000000   2.9429971718334169   
  69.00000000000   2.9042762864117408   
  70.00000000000   2.8657662911759232   
  71.00000000000   2.8274721006866450   
  72.00000000000   2.7893981887850927   
  73.00000000000   2.7515485862665559   
  74.00000000000   2.7139268798813800   
  75.00000000000   2.6765362127040877   
  76.00000000000   2.6393792859033951   
  77.00000000000   2.6024583619521469   
  78.00000000000   2.5657752693109783   
  79.00000000000   2.5293314086409131   
  80.00000000000   2.4931277606055966   
  81.00000000000   2.4571648953592815   
  82.00000000000   2.4214429838359086   
  83.00000000000   2.3859618110082348   
  84.00000000000   2.3507207913219998   
  85.00000000000   2.3157189865876537   
  86.00000000000   2.2809551266728301   
  87.00000000000   2.2464276334397839   
  88.00000000000   2.2121346484809310   
  89.00000000000   2.1780740653275918   
  90.00000000000   2.1442435669725217   
  91.00000000000   2.1106406697224527   
  92.00000000000   2.0772627746139225   
  93.00000000000   2.0441072278713408   
  94.00000000000   2.0111713921799996   
  95.00000000000   1.9784527308610480   
  96.00000000000   1.9459489074000249   
  97.00000000000   1.9136579031763690   
  98.00000000000   1.8815781566319765   
  99.00000000000   1.8497087275127062   
  100.0000000000   1.8180494901454844   
  101.0000000000   1.7866013598973818   
  102.0000000000   1.7553665569399635   
  103.0000000000   1.7243489109742400   
  104.0000000000   1.6935542095355971   
  105.0000000000   1.6629905905438918   
  106.0000000000   1.6326689765399158   
  107.0000000000   1.6026035431887924   
  108.0000000000   1.5728122076545352   
  109.0000000000   1.5433171130833356   
  110.0000000000   1.5141450736236495   
  111.0000000000   1.4853279306466347   
  112.0000000000   1.4569027565571955   
  113.0000000000   1.4289118303392043   
  114.0000000000   1.4014023027999905   
  115.0000000000   1.3744254744506579   
  116.0000000000   1.3480356301737504   
  117.0000000000   1.3222884156588273   
  118.0000000000   1.2972388000334281   
  119.0000000000   1.2729387396611078   
  120.0000000000   1.2494347255780345   
  121.0000000000   1.2267654432770785   
  122.0000000000   1.2049597821822879   
  123.0000000000   1.1840353956930318   
  124.0000000000   1.1639979364603565   
  125.0000000000   1.1448409933047459   
  126.0000000000   1.1265466592379791   
  127.0000000000   1.1090865853509055   
  128.0000000000   1.0924233343162135   
  129.0000000000   1.0765118404212526   
  130.0000000000   1.0613008017976080   
  131.0000000000   1.0467338622968336   
  132.0000000000   1.0327504725276651   
  133.0000000000   1.0192863415915787   
  134.0000000000   1.0062733949227844   
  135.0000000000  0.99363913173663909   
  136.0000000000  0.98130521730478049   
  137.0000000000  0.96918503166630687   
  138.0000000000  0.95717969234287548   
  139.0000000000  0.94517171360154939   
  140.0000000000  0.93301488420186818   
  141.0000000000  0.92051823975008618   
  142.0000000000  0.90742285663205546   
  143.0000000000  0.89338561648518455   
  144.0000000000  0.87810255554374173   
  145.0000000000  0.86225769261312457   
  146.0000000000  0.84898279451613445   
  147.0000000000  0.83980562792536018   
  148.0000000000  0.83319684825442164   
  149.0000000000  0.82791157482181865   
  150.0000000000  0.82335585035493808   
  151.0000000000  0.81924448348500067   
  152.0000000000  0.81542817030382031   
  153.0000000000  0.81182187937221695   
  154.0000000000  0.80837363120326422   
  155.0000000000  0.80504974095893911   
  156.0000000000  0.80182729516640194   
  157.0000000000  0.79869005862327225   
  158.0000000000  0.79562612138107769   
  159.0000000000  0.79262648122056190   
  160.0000000000  0.78968415473659281   
  161.0000000000  0.78679360021985156   
  162.0000000000  0.78395033142222392   
  163.0000000000  0.78115065206596646   
  164.0000000000  0.77839146894620059   
  165.0000000000  0.77567015752808155   
  166.0000000000  0.77298446341496863   
  167.0000000000  0.77033242883911357   
  168.0000000000  0.76771233693832885   
  169.0000000000  0.76512266889302394   
  170.0000000000  0.76256207051693681   
  171.0000000000  0.76002932587571381   
  172.0000000000  0.75752333623159374   
  173.0000000000  0.75504310304307132   
  174.0000000000  0.75258771411982361   
  175.0000000000  0.75015633222147582   
  176.0000000000  0.74774818560706424   
  177.0000000000  0.74536256012751123   
  178.0000000000  0.74299879256225776   
  179.0000000000  0.74065626496653159   
  180.0000000000  0.73833439983698468   
  181.0000000000  0.73603265596932210   
  182.0000000000  0.73375052486117154   
  183.0000000000  0.73148752760431257   
  184.0000000000  0.72924321215226517   
  185.0000000000  0.72701715093588481   
  186.0000000000  0.72480893875583485   
  187.0000000000  0.72261819091564727   
  188.0000000000  0.72044454157081295   
  189.0000000000  0.71828764224265029   
  190.0000000000  0.71614716050134608   
  191.0000000000  0.71402277877207665   
  192.0000000000  0.71191419327218630   
  193.0000000000  0.70982111303958106   
  194.0000000000  0.70774325905800262   
  195.0000000000  0.70568036346111196   
  196.0000000000  0.70363216881060353   
  197.0000000000  0.70159842742762901   
  198.0000000000  0.69957890079825980   
  199.0000000000  0.69757335901464179   
  200.0000000000  0.69558158026001060   
  201.0000000000  0.69360335035250786   
  202.0000000000  0.69163846229968462   
  203.0000000000  0.68968671591066888   
  204.0000000000  0.68774791742327857   
  205.0000000000  0.68582187915567261   
  206.0000000000  0.68390841920223155   
  207.0000000000  0.68200736112349658   
  208.0000000000  0.68011853368717312   
  209.0000000000  0.67824177059873592   
  210.0000000000  0.67637691026953961   
  211.0000000000  0.67452379559763853   
  212.0000000000  0.67268227374813805   
  213.0000000000  0.67085219597172085   
  214.0000000000  0.66903341740871081   
  215.0000000000  0.66722579692387518   
  216.0000000000  0.66542919694871272   
  217.0000000000  0.66364348331857437   
  218.0000000000  0.66186852514383565   
  219.0000000000  0.66010419466212911   
  220.0000000000  0.65835036711740524   
  221.0000000000  0.65660692064578374   
  222.0000000000  0.65487373615040856   
  223.0000000000  0.65315069720317942   
  224.0000000000  0.65143768993873807   
  225.0000000000  0.64973460296631846   
  226.0000000000  0.64804132726760233   
  227.0000000000  0.64635775611656265   
  228.0000000000  0.64468378500300627   
  229.0000000000  0.64301931154315994   
  230.0000000000  0.64136423541382770   
  231.0000000000  0.63971845827845764   
  232.0000000000  0.63808188372777486   
  233.0000000000  0.63645441720410678   
  234.0000000000  0.63483596594898073   
  235.0000000000  0.63322643894156705   
  236.0000000000  0.63162574685072326   
  237.0000000000  0.63003380197052938   
  238.0000000000  0.62845051817793884   
  239.0000000000  0.62687581088304922   
  240.0000000000  0.62530959698079402   
  241.0000000000  0.62375179481441312   
  242.0000000000  0.62220232412171195   
  243.0000000000  0.62066110600295865   
  244.0000000000  0.61912806287963984   
  245.0000000000  0.61760311845566696   
  246.0000000000  0.61608619768958084   
  247.0000000000  0.61457722674825099   
  248.0000000000  0.61307613298238983   
  249.0000000000  0.61158284489256332   
  250.0000000000  0.61009729209949670   
  251.0000000000  0.60861940531226510   
  252.0000000000  0.60714911630885315   
  253.0000000000  0.60568635789638559   
  254.0000000000  0.60423106389376935   
  255.0000000000  0.60278316910438579   
  256.0000000000  0.60134260929235583   
  257.0000000000  0.59990932115841078   
  258.0000000000  0.59848324231646821   
  259.0000000000  0.59706431127943682   
  260.0000000000  0.59565246742590205   
  261.0000000000  0.59424765098887800   
  262.0000000000  0.59284980303367196   
  263.0000000000  0.59145886543920223   
  264.0000000000  0.59007478087994791   
  265.0000000000  0.58869749280602701   
  266.0000000000  0.58732694543452935   
  267.0000000000  0.58596308372057204   
  268.0000000000  0.58460585334968795   
  269.0000000000  0.58325520072022019   
  270.0000000000  0.58191107292855571   
  271.0000000000  0.58057341775423099   
  272.0000000000  0.57924218364617097   
  273.0000000000  0.57791731970913796   
  274.0000000000  0.57659877568826923   
  275.0000000000  0.57528650196432518   
  276.0000000000  0.57398044952886551   
  277.0000000000  0.57268056998112249   
  278.0000000000  0.57138681551309356   
  279.0000000000  0.57009913889908814   
  280.0000000000  0.56881749348401467   
  281.0000000000  0.56754183317304385   
  282.0000000000  0.56627211242067022   
  283.0000000000  0.56500828622119459   
  284.0000000000  0.56375031009587040   
  285.0000000000  0.56249814009259924   
  286.0000000000  0.56125173276287166   
  287.0000000000  0.56001104516208378   
  288.0000000000  0.55877603483789462   
  289.0000000000  0.55754665982183904   
  290.0000000000  0.55632287862095231   
  291.0000000000  0.55510465020908095   
  292.0000000000  0.55389193401945869   
  293.0000000000  0.55268468993653141   
  294.0000000000  0.55148287828859677   
  295.0000000000  0.55028645984001168   
  296.0000000000  0.54909539578236377   
  297.0000000000  0.54790964773534689   
  298.0000000000  0.54672917772716012   
  299.0000000000  0.54555394819687741   
  300.0000000000  0.54438392198485264   
  301.0000000000  0.54321906232749306   
  302.0000000000  0.54205933284937380   
  303.0000000000  0.54090469755848636   
  304.0000000000  0.53975512083989297   
  305.0000000000  0.53861056744936531   
  306.0000000000  0.53747100250837987   
  307.0000000000  0.53633639149786649   
  308.0000000000  0.53520670025345829   
  309.0000000000  0.53408189495725766   
  310.0000000000  0.53296194214166392   
  311.0000000000  0.53184680867120115   
  312.0000000000  0.53073646174608102   
  313.0000000000  0.52963086889535727   
  314.0000000000  0.52852999797176436   
  315.0000000000  0.52743381714730275   
  316.0000000000  0.52634229490888307   
  317.0000000000  0.52525540005285587   
  318.0000000000  0.52417310168178133   
  319.0000000000  0.52309536919938782   
  320.0000000000  0.52202217230639258   
  321.0000000000  0.52095348099654482   
  322.0000000000  0.51988926555259096   
  323.0000000000  0.51882949654198440   
  324.0000000000  0.51777414481339290   
  325.0000000000  0.51672318149219376   
  326.0000000000  0.51567657797555433   
  327.0000000000  0.51463430593626569   
  328.0000000000  0.51359633730725929   
  329.0000000000  0.51256264428552545   
  330.0000000000  0.51153319932767916   
  331.0000000000  0.51050797514536417   
  332.0000000000  0.50948694470312872   
  333.0000000000  0.50847008121408432   
  334.0000000000  0.50745735813714465   
  335.0000000000  0.50644874917366367   
  336.0000000000  0.50544422826501278   
  337.0000000000  0.50444376958807258   
  338.0000000000  0.50344734755398368   
  339.0000000000  0.50245493680331144   
  340.0000000000  0.50146651220519312   
  341.0000000000  0.50048204885282588   
  342.0000000000  0.49950152206130438   
  343.0000000000  0.49852490736486033   
  344.0000000000  0.49755218051449751   
  345.0000000000  0.49658331747442275   
  346.0000000000  0.49561829441832511   
  347.0000000000  0.49465708773428713   
  348.0000000000  0.49369967401081649   
  349.0000000000  0.49274603004135420   
  350.0000000000  0.49179613282082052   
  351.0000000000  0.49084995954267652   
  352.0000000000  0.48990748759707026   
  353.0000000000  0.48896869456770270   
  354.0000000000  0.48803355823039413   
  355.0000000000  0.48710205655012806   
  356.0000000000  0.48617416767927690   
  357.0000000000  0.48524986995533254   
  358.0000000000  0.48432914189872683   
  359.0000000000  0.48341196221069349   
  360.0000000000  0.48249830977103725   
  361.0000000000  0.48158816363660573   
  362.0000000000  0.48068150303859897   
  363.0000000000  0.47977830738120270   
  364.0000000000  0.47887855623904929   
  365.0000000000  0.47798222935560863   
  366.0000000000  0.47708930664185184   
  367.0000000000  0.47619976817287757   
  368.0000000000  0.47531359418789243   
  369.0000000000  0.47443076508686999   
  370.0000000000  0.47355126142983051   
  371.0000000000  0.47267506393223579   
  372.0000000000  0.47180215347246413   
  373.0000000000  0.47093251107647049   
  374.0000000000  0.47006611792557923   
  375.0000000000  0.46920295535170814   
  376.0000000000  0.46834300483671232   
  377.0000000000  0.46748624800998406   
  378.0000000000  0.46663266664734515   
  379.0000000000  0.46578224266954638   
  380.0000000000  0.46493495813983404   
  381.0000000000  0.46409079526392766   
  382.0000000000  0.46324973638704203   
  383.0000000000  0.46241176399349676   
  384.0000000000  0.46157686070456300   
  385.0000000000  0.46074500927770085   
  386.0000000000  0.45991619260419947   
  387.0000000000  0.45909039370869581   
  388.0000000000  0.45826759574730358   
  389.0000000000  0.45744778200643643   
  390.0000000000  0.45663093590117348   
  391.0000000000  0.45581704097461673   
  392.0000000000  0.45500608089555949   
  393.0000000000  0.45419803945852161   
  394.0000000000  0.45339290058076342   
  395.0000000000  0.45259064830310947   
  396.0000000000  0.45179126678692794   
  397.0000000000  0.45099474031331144   
  398.0000000000  0.45020105328297327   
  399.0000000000  0.44941019021385992   
  400.0000000000  0.44862213574015219   
  401.0000000000  0.44783687461160776   
  402.0000000000  0.44705439168974920   
  403.0000000000  0.44627467195586462   
  404.0000000000  0.44549770049656690   
  405.0000000000  0.44472346251122064   
  406.0000000000  0.44395194330900750   
  407.0000000000  0.44318312830800571   
  408.0000000000  0.44241700303337211   
  409.0000000000  0.44165355311753340   
  410.0000000000  0.44089276429761498   
  411.0000000000  0.44013462241610857   
  412.0000000000  0.43937911341799701   
  413.0000000000  0.43862622335183105   
  414.0000000000  0.43787593836685090   
  415.0000000000  0.43712824471309358   
  416.0000000000  0.43638312874057278   
  417.0000000000  0.43564057689708507   
  418.0000000000  0.43490057572915780   
  419.0000000000  0.43416311187941214   
  420.0000000000  0.43342817208648865   
  421.0000000000  0.43269574318414927   
  422.0000000000  0.43196581210043561   
  423.0000000000  0.43123836585584630   
  424.0000000000  0.43051339156421614   
  425.0000000000  0.42979087642995117   
  426.0000000000  0.42907080774880868   
  427.0000000000  0.42835317290599795   
  428.0000000000  0.42763795937577642   
  429.0000000000  0.42692515472032655   
  430.0000000000  0.42621474658973246   
  431.0000000000  0.42550672272025769   
  432.0000000000  0.42480107093376718   
  433.0000000000  0.42409777913753921   
  434.0000000000  0.42339683532267569   
  435.0000000000  0.42269822756388575   
  436.0000000000  0.42200194401877245   
  437.0000000000  0.42130797292652322   
  438.0000000000  0.42061630260775501   
  439.0000000000  0.41992692146363841   
  440.0000000000  0.41923981797484217   
  441.0000000000  0.41855498070132297   
  442.0000000000  0.41787239828110917   
  443.0000000000  0.41719205943047405   
  444.0000000000  0.41651395293990151   
  445.0000000000  0.41583806768289766   
  446.0000000000  0.41516439260205951   
  447.0000000000  0.41449291671714739   
  448.0000000000  0.41382362912211068   
  449.0000000000  0.41315651898467298   
  450.0000000000  0.41249157554543325   
  451.0000000000  0.41182878811727253   
  452.0000000000  0.41116814608528629   
  453.0000000000  0.41050963890506803   
  454.0000000000  0.40985325610321177   
  455.0000000000  0.40919898727592968   
  456.0000000000  0.40854682208862425   
  457.0000000000  0.40789675027559530   
  458.0000000000  0.40724876163953538   
  459.0000000000  0.40660284604970309   
  460.0000000000  0.40595899344334568   
  461.0000000000  0.40531719382376158   
  462.0000000000  0.40467743725970884   
  463.0000000000  0.40403971388561499   
  464.0000000000  0.40340401390022024   
  465.0000000000  0.40277032756683517   
  466.0000000000  0.40213864521214238   
  467.0000000000  0.40150895722601354   
  468.0000000000  0.40088125406099928   
  469.0000000000  0.40025552623110294   
  470.0000000000  0.39963176431258135   
  471.0000000000  0.39900995894205504   
  472.0000000000  0.39839010081716592   
  473.0000000000  0.39777218069522763   
  474.0000000000  0.39715618939321906   
  475.0000000000  0.39654211778668330   
  476.0000000000  0.39592995681033893   
  477.0000000000  0.39531969745664342   
  478.0000000000  0.39471133077528597   
  479.0000000000  0.39410484787363842   
  480.0000000000  0.39350023991529959   
  481.0000000000  0.39289749811990571   
  482.0000000000  0.39229661376317271   
  483.0000000000  0.39169757817569711   
  484.0000000000  0.39110038274338865   
  485.0000000000  0.39050501890587286   
  486.0000000000  0.38991147815735394   
  487.0000000000  0.38931975204475194   
  488.0000000000  0.38872983216854662   
  489.0000000000  0.38814171018179283   
  490.0000000000  0.38755537778958254   
  491.0000000000  0.38697082674894212   
  492.0000000000  0.38638804886846623   
  493.0000000000  0.38580703600696303   
  494.0000000000  0.38522778007464092   
  495.0000000000  0.38465027303122873   
  496.0000000000  0.38407450688689448   
  497.0000000000  0.38350047370034357   
  498.0000000000  0.38292816558003290   
  499.0000000000  0.38235757468216663   
  500.0000000000  0.38178869321213355   
  501.0000000000  0.38122151342009675   
  502.0000000000  0.38065602761102130   
  503.0000000000  0.38009222812942700   
  504.0000000000  0.37953010736963599   
  505.0000000000  0.37896965777188546   
  506.0000000000  0.37841087182229699   
  507.0000000000  0.37785374205310535   
  508.0000000000  0.37729826104121034   
  509.0000000000  0.37674442140909309   
  510.0000000000  0.37619221582305967   
  511.0000000000  0.37564163699419117   
  512.0000000000  0.37509267767756205   
  513.0000000000  0.37454533067134421   
  514.0000000000  0.37399958881734569   
  515.0000000000  0.37345544499983269   
  516.0000000000  0.37291289214612000   
  517.0000000000  0.37237192322564738   
  518.0000000000  0.37183253124959159   
  519.0000000000  0.37129470927090130   
  520.0000000000  0.37075845038331501   
  521.0000000000  0.37022374772255390   
  522.0000000000  0.36969059446413255   
  523.0000000000  0.36915898382429169   
  524.0000000000  0.36862890905926693   
  525.0000000000  0.36810036346525787   
  526.0000000000  0.36757334037720102   
  527.0000000000  0.36704783317011352   
  528.0000000000  0.36652383525747612   
  529.0000000000  0.36600134009124763   
  530.0000000000  0.36548034116168704   
  531.0000000000  0.36496083199740853   
  532.0000000000  0.36444280616429320   
  533.0000000000  0.36392625726601469   
  534.0000000000  0.36341117894317232   
  535.0000000000  0.36289756487360270   
  536.0000000000  0.36238540877116743   
  537.0000000000  0.36187470438680458   
  538.0000000000  0.36136544550697347   
  539.0000000000  0.36085762595435833   
  540.0000000000  0.36035123958676696   
  541.0000000000  0.35984628029788784   
  542.0000000000  0.35934274201557670   
  543.0000000000  0.35884061870363615   
  544.0000000000  0.35833990435937335   
  545.0000000000  0.35784059301508586   
  546.0000000000  0.35734267873681330   
  547.0000000000  0.35684615562409633   
  548.0000000000  0.35635101781023004   
  549.0000000000  0.35585725946269664   
  550.0000000000  0.35536487478035095   
  551.0000000000  0.35487385799622345   
  552.0000000000  0.35438420337518528   
  553.0000000000  0.35389590521521797   
  554.0000000000  0.35340895784554738   
  555.0000000000  0.35292335562794241   
  556.0000000000  0.35243909295553982   
  557.0000000000  0.35195616425282211   
  558.0000000000  0.35147456397601584   
  559.0000000000  0.35099428661159648   
  560.0000000000  0.35051532667743251   
  561.0000000000  0.35003767872188335   
  562.0000000000  0.34956133732339939   
  563.0000000000  0.34908629709040195   
  564.0000000000  0.34861255266195534   
  565.0000000000  0.34814009870598378   
  566.0000000000  0.34766892992062270   
  567.0000000000  0.34719904103280674   
  568.0000000000  0.34673042679869831   
  569.0000000000  0.34626308200349415   
  570.0000000000  0.34579700146077436   
  571.0000000000  0.34533218001306104   
  572.0000000000  0.34486861253070483   
  573.0000000000  0.34440629391255428   
  574.0000000000  0.34394521908483616   
  575.0000000000  0.34348538300207737   
  576.0000000000  0.34302678064585107   
  577.0000000000  0.34256940702512584   
  578.0000000000  0.34211325717631325   
  579.0000000000  0.34165832616259956   
  580.0000000000  0.34120460907369365   
  581.0000000000  0.34075210102389253   
  582.0000000000  0.34030079716078548   
  583.0000000000  0.33985069265063017   
  584.0000000000  0.33940178268941962   
  585.0000000000  0.33895406249744803   
  586.0000000000  0.33850752732171541   
  587.0000000000  0.33806217243428643   
  588.0000000000  0.33761799313282459   
  589.0000000000  0.33717498473984675   
  590.0000000000  0.33673314260315029   
  591.0000000000  0.33629246209535818   
  592.0000000000  0.33585293861336657   
  593.0000000000  0.33541456757910559   
  594.0000000000  0.33497734443815830   
  595.0000000000  0.33454126466101319   
  596.0000000000  0.33410632374203603   
  597.0000000000  0.33367251719872026   
  598.0000000000  0.33323984057310535   
  599.0000000000  0.33280828942997370   
  600.0000000000  0.33237785935848096   
  601.0000000000  0.33194854597022477   
  602.0000000000  0.33152034489977622   
  603.0000000000  0.33109325180510574   
  604.0000000000  0.33066726236658650   
  605.0000000000  0.33024237228760323   
  606.0000000000  0.32981857729321951   
