  2.0000 -0.99999999999284095      
  3.0000 -0.99999997263116269      
  4.0000 -0.99999830778656484      
  5.0000 -0.99997990158679606      
  6.0000 -0.99989538177327175      
  7.0000 -0.99966010806600158      
  8.0000 -0.99917741431322271      
  9.0000 -0.99836374695671870      
  10.000 -0.99716199649407966      
  11.000 -0.99554329253102181      
  12.000 -0.99350241091938296      
  13.000 -0.99105117842947710      
  14.000 -0.98821227016675395      
  15.000 -0.98501429904664606      
  16.000 -0.98148830165023337      
  17.000 -0.97766540525737844      
  18.000 -0.97357538670517996      
  19.000 -0.96924586110056699      
  20.000 -0.96470189509107962      
  21.000 -0.95996589512481856      
  22.000 -0.95505766624300448      
  23.000 -0.94999457043107349      
  24.000 -0.94479173731291299      
  25.000 -0.93946229642772550      
  26.000 -0.93401761156940277      
  27.000 -0.92846750529312383      
  28.000 -0.92282046679895779      
  29.000 -0.91708383981799135      
  30.000 -0.91126398934181219      
  31.000 -0.90536644745089345      
  32.000 -0.89939603935318446      
  33.000 -0.89335699122168799      
  34.000 -0.88725302164335651      
  35.000 -0.88108741854492434      
  36.000 -0.87486310341950624      
  37.000 -0.86858268455117515      
  38.000 -0.86224850080006710      
  39.000 -0.85586265734076272      
  40.000 -0.84942705458528356      
  41.000 -0.84294341136424467      
  42.000 -0.83641328329342757      
  43.000 -0.82983807712085389      
  44.000 -0.82321906172851167      
  45.000 -0.81655737636783277      
  46.000 -0.80985403660454092      
  47.000 -0.80310993838498734      
  48.000 -0.79632586056271670      
  49.000 -0.78950246617128417      
  50.000 -0.78264030268250817      
  51.000 -0.77573980145051824      
  52.000 -0.76880127650998853      
  53.000 -0.76182492286658943      
  54.000 -0.75481081440481490      
  55.000 -0.74775890150345725      
  56.000 -0.74066900844839023      
  57.000 -0.73354083070939768      
  58.000 -0.72637393213872881      
  59.000 -0.71916774213846968      
  60.000 -0.71192155283121683      
  61.000 -0.70463451626893658      
  62.000 -0.69730564169219011      
  63.000 -0.68993379285924905      
  64.000 -0.68251768544763936      
  65.000 -0.67505588453236398      
  66.000 -0.66754680213067796      
  67.000 -0.65998869480590294      
  68.000 -0.65237966131574221      
  69.000 -0.64471764028511158      
  70.000 -0.63700040788441714      
  71.000 -0.62922557549051528      
  72.000 -0.62139058730789132      
  73.000 -0.61349271792984128      
  74.000 -0.60552906981925514      
  75.000 -0.59749657069868822      
  76.000 -0.58939197083893957      
  77.000 -0.58121184025437977      
  78.000 -0.57295256581536236      
  79.000 -0.56461034831755486      
  80.000 -0.55618119955764656      
  81.000 -0.54766093950157169      
  82.000 -0.53904519366695458      
  83.000 -0.53032939088037812      
  84.000 -0.52150876163488014      
  85.000 -0.51257833734809544      
  86.000 -0.50353295090490913      
  87.000 -0.49436723899920132      
  88.000 -0.48507564693241384      
  89.000 -0.47565243672045360      
  90.000 -0.46609169960252927      
  91.000 -0.45638737435262378      
  92.000 -0.44653327318173786      
  93.000 -0.43652311751147954      
  94.000 -0.42635058650062280      
  95.000 -0.41600938198962034      
  96.000 -0.40549331443965508      
  97.000 -0.39479641561475326      
  98.000 -0.38391308508901700      
  99.000 -0.37283827925707036      
  100.00 -0.36156775325821788      
  101.00 -0.35009836801791949      
  102.00 -0.33842847619490618      
  103.00 -0.32655840175550815      
  104.00 -0.31449102739336093      
  105.00 -0.30223250094128590      
  106.00 -0.28979306445410635      
  107.00 -0.27718799560983515      
  108.00 -0.26443862773680687      
  109.00 -0.25157338000961477      
  110.00 -0.23862868276372504      
  111.00 -0.22564962867191429      
  112.00 -0.21269013041773416      
  113.00 -0.19981234090187039      
  114.00 -0.18708512184506504      
  115.00 -0.17458145731107427      
  116.00 -0.16237490505040958      
  117.00 -0.15053542517628327      
  118.00 -0.13912514328065775      
  119.00 -0.12819469868430017      
  120.00 -0.11778073935002317      
  121.00 -0.10790487241444895      
  122.00 -9.85740572283995836E-002 
  123.00 -8.97821528476831082E-002 
  124.00 -8.15121828082842476E-002 
  125.00 -7.37388688497922495E-002 
  126.00 -6.64310719373146646E-002 
  127.00 -5.95539056314663001E-002 
  128.00 -5.30704067708237734E-002 
  129.00 -4.69427367339279381E-002 
  130.00 -4.11329373945698434E-002 
  131.00 -3.56032838153873474E-002 
  132.00 -3.03162679299836049E-002 
  133.00 -2.52342179250081913E-002 
  134.00 -2.03185037946054421E-002 
  135.00 -1.55281837133085156E-002 
  136.00 -1.08177620850172969E-002 
  137.00 -6.13333380081019456E-003 
  138.00 -1.40541658319547806E-003 
  139.00  3.46601574191213267E-003 
  140.00  8.64868631611019449E-003 
  141.00  1.45013338923723981E-002 
  142.00  2.23993698893820946E-002 
  143.00  6.60246986448202178E-002 
  144.00  5.94386890862506068E-002 
  145.00  5.29717201241022839E-002 
  146.00  4.80075438899318849E-002 
  147.00  4.49872551106123009E-002 
  148.00  4.31041995438074324E-002 
  149.00  4.17873915074000596E-002 
  150.00  4.07758958154850609E-002 
  151.00  3.99470792522794091E-002 
  152.00  3.92375483226191299E-002 
  153.00  3.86114896152206649E-002 
  154.00  3.80471258227396414E-002 
  155.00  3.75303924821519877E-002 
  156.00  3.70517426833894409E-002 
  157.00  3.66044200824904992E-002 
  158.00  3.61834711234948203E-002 
  159.00  3.57851523086706452E-002 
  160.00  3.54065596392210274E-002 
  161.00  3.50453885892438172E-002 
  162.00  3.46997737439093956E-002 
  163.00  3.43681786920811902E-002 
  164.00  3.40493185674361903E-002 
  165.00  3.37421043548545158E-002 
  166.00  3.34456020510358609E-002 
  167.00  3.31590021776613092E-002 
  168.00  3.28815966490825853E-002 
  169.00  3.26127609555094955E-002 
  170.00  3.23519402491393021E-002 
  171.00  3.20986383426669977E-002 
  172.00  3.18524089042285033E-002 
  173.00  3.16128483365329532E-002 
  174.00  3.13795899562850505E-002 
  175.00  3.11522991956127981E-002 
  176.00  3.09306696077350507E-002 
  177.00  3.07144195173755137E-002 
  178.00  3.05032891895823770E-002 
  179.00  3.02970384199040266E-002 
  180.00  3.00954444706958875E-002 
  181.00  2.98983002903563735E-002 
  182.00  2.97054129720712781E-002 
  183.00  2.95166024079079707E-002 
  184.00  2.93317001123628400E-002 
  185.00  2.91505481853233835E-002 
  186.00  2.89729983965544488E-002 
  187.00  2.87989113722196891E-002 
  188.00  2.86281558718671850E-002 
  189.00  2.84606081404759799E-002 
  190.00  2.82961513279045944E-002 
  191.00  2.81346749670909405E-002 
  192.00  2.79760745016478622E-002 
  193.00  2.78202508598584322E-002 
  194.00  2.76671100673845545E-002 
  195.00  2.75165628951347177E-002 
  196.00  2.73685245381150785E-002 
  197.00  2.72229143227102691E-002 
  198.00  2.70796554372061786E-002 
  199.00  2.69386746858719557E-002 
  200.00  2.67999022629505299E-002 
  201.00  2.66632715431423181E-002 
  202.00  2.65287188904436803E-002 
  203.00  2.63961834795390198E-002 
  204.00  2.62656071318387689E-002 
  205.00  2.61369341637171342E-002 
  206.00  2.60101112441162470E-002 
  207.00  2.58850872646134156E-002 
  208.00  2.57618132160369329E-002 
  209.00  2.56402420758624454E-002 
  210.00  2.55203287017286284E-002 
  211.00  2.54020297320774364E-002 
  212.00  2.52853034946242880E-002 
  213.00  2.51701099187855992E-002 
  214.00  2.50564104556687053E-002 
  215.00  2.49441680016718563E-002 
  216.00  2.48333468269436204E-002 
  217.00  2.47239125094494347E-002 
  218.00  2.46158318710308147E-002 
  219.00  2.45090729193007326E-002 
  220.00  2.44036047916082986E-002 
  221.00  2.42993977021730145E-002 
  222.00  2.41964228936392758E-002 
  223.00  2.40946525898051364E-002 
  224.00  2.39940599519502806E-002 
  225.00  2.38946190367870202E-002 
  226.00  2.37963047579163242E-002 
  227.00  2.36990928483030751E-002 
  228.00  2.36029598246748698E-002 
  229.00  2.35078829550590673E-002 
  230.00  2.34138402266118179E-002 
  231.00  2.33208103159873448E-002 
  232.00  2.32287725604181511E-002 
  233.00  2.31377069315195430E-002 
  234.00  2.30475940091806990E-002 
  235.00  2.29584149574360505E-002 
  236.00  2.28701515008886622E-002 
  237.00  2.27827859034126258E-002 
  238.00  2.26963009467158715E-002 
  239.00  2.26106799105404606E-002 
  240.00  2.25259065537298728E-002 
  241.00  2.24419650956792990E-002 
  242.00  2.23588401997803221E-002 
  243.00  2.22765169564953097E-002 
  244.00  2.21949808677021007E-002 
  245.00  2.21142178318440262E-002 
  246.00  2.20342141290980828E-002 
  247.00  2.19549564084242886E-002 
  248.00  2.18764316739815980E-002 
  249.00  2.17986272727239624E-002 
  250.00  2.17215308824038125E-002 
  251.00  2.16451305002762703E-002 
  252.00  2.15694144316016141E-002 
  253.00  2.14943712799030295E-002 
  254.00  2.14199899363583177E-002 
  255.00  2.13462595703574204E-002 
  256.00  2.12731696201397709E-002 
  257.00  2.12007097840250722E-002 
  258.00  2.11288700119801227E-002 
  259.00  2.10576404969406127E-002 
  260.00  2.09870116678021537E-002 
  261.00  2.09169741812531250E-002 
  262.00  2.08475189147833487E-002 
  263.00  2.07786369597019391E-002 
  264.00  2.07103196144552762E-002 
  265.00  2.06425583782845132E-002 
  266.00  2.05753449446752432E-002 
  267.00  2.05086711960191445E-002 
  268.00  2.04425291974924574E-002 
  269.00  2.03769111916580065E-002 
  270.00  2.03118095931587098E-002 
  271.00  2.02472169835832307E-002 
  272.00  2.01831261066287536E-002 
  273.00  2.01195298633035716E-002 
  274.00  2.00564213074933342E-002 
  275.00  1.99937936410988018E-002 
  276.00  1.99316402104834575E-002 
  277.00  1.98699545019314291E-002 
  278.00  1.98087301377969024E-002 
  279.00  1.97479608726991648E-002 
  280.00  1.96876405898342884E-002 
  281.00  1.96277632974240640E-002 
  282.00  1.95683231253204158E-002 
  283.00  1.95093143216231030E-002 
  284.00  1.94507312496799874E-002 
  285.00  1.93925683844246646E-002 
  286.00  1.93348203101846791E-002 
  287.00  1.92774817172826421E-002 
  288.00  1.92205473993301394E-002 
  289.00  1.91640122505379110E-002 
  290.00  1.91078712631433181E-002 
  291.00  1.90521195248127273E-002 
  292.00  1.89967522162266880E-002 
  293.00  1.89417646087131769E-002 
  294.00  1.88871520619262809E-002 
  295.00  1.88329100216301192E-002 
  296.00  1.87790340176757983E-002 
  297.00  1.87255196614433995E-002 
  298.00  1.86723626444890226E-002 
  299.00  1.86195587361476858E-002 
  300.00  1.85671037817395530E-002 
  301.00  1.85149937007671253E-002 
  302.00  1.84632244850065803E-002 
  303.00  1.84117921969503655E-002 
  304.00  1.83606929679594778E-002 
  305.00  1.83099229967478155E-002 
  306.00  1.82594785477460317E-002 
  307.00  1.82093559495825202E-002 
  308.00  1.81595515935611129E-002 
  309.00  1.81100619323881357E-002 
  310.00  1.80608834782231900E-002 
  311.00  1.80120128020916474E-002 
  312.00  1.79634465320432299E-002 
  313.00  1.79151813519724361E-002 
  314.00  1.78672140004045334E-002 
  315.00  1.78195412692336123E-002 
  316.00  1.77721600025772253E-002 
  317.00  1.77250670955977109E-002 
  318.00  1.76782594934017691E-002 
  319.00  1.76317341899395151E-002 
  320.00  1.75854882269547118E-002 
  321.00  1.75395186929485046E-002 
  322.00  1.74938227221860323E-002 
  323.00  1.74483974936846600E-002 
  324.00  1.74032402303395083E-002 
  325.00  1.73583481979494962E-002 
  326.00  1.73137187043966301E-002 
  327.00  1.72693490983980777E-002 
  328.00  1.72252367692856297E-002 
  329.00  1.71813791457218513E-002 
  330.00  1.71377736950060408E-002 
  331.00  1.70944179223332278E-002 
  332.00  1.70513093699195019E-002 
  333.00  1.70084456163634087E-002 
  334.00  1.69658242758947177E-002 
  335.00  1.69234429975819514E-002 
  336.00  1.68812994647340245E-002 
  337.00  1.68393913942055592E-002 
  338.00  1.67977165356863849E-002 
  339.00  1.67562726711123419E-002 
  340.00  1.67150576140339090E-002 
  341.00  1.66740692089658062E-002 
  342.00  1.66333053308382779E-002 
  343.00  1.65927638843944049E-002 
  344.00  1.65524428036060572E-002 
  345.00  1.65123400511412409E-002 
  346.00  1.64724536179395344E-002 
  347.00  1.64327815222047521E-002 
  348.00  1.63933218096108460E-002 
  349.00  1.63540725523074644E-002 
  350.00  1.63150318485609513E-002 
  351.00  1.62761978222342521E-002 
  352.00  1.62375686224023735E-002 
  353.00  1.61991424227996700E-002 
  354.00  1.61609174214607694E-002 
  355.00  1.61228918401898971E-002 
  356.00  1.60850639242138549E-002 
  357.00  1.60474319417234848E-002 
  358.00  1.60099941834627862E-002 
  359.00  1.59727489623724440E-002 
  360.00  1.59356946131246277E-002 
  361.00  1.58988294918255835E-002 
  362.00  1.58621519755828069E-002 
  363.00  1.58256604621413929E-002 
  364.00  1.57893533695798172E-002 
  365.00  1.57532291359135483E-002 
  366.00  1.57172862187615753E-002 
  367.00  1.56815230950346149E-002 
  368.00  1.56459382605534728E-002 
  369.00  1.56105302297971510E-002 
  370.00  1.55752975356692157E-002 
  371.00  1.55402387287373652E-002 
  372.00  1.55053523776192657E-002 
  373.00  1.54706370682330431E-002 
  374.00  1.54360914036219075E-002 
  375.00  1.54017140036907581E-002 
  376.00  1.53675035049037206E-002 
  377.00  1.53334585600205468E-002 
  378.00  1.52995778378589159E-002 
  379.00  1.52658600229990896E-002 
  380.00  1.52323038155286888E-002 
  381.00  1.51989079308467966E-002 
  382.00  1.51656710993794217E-002 
  383.00  1.51325920663118087E-002 
  384.00  1.50996695914557919E-002 
  385.00  1.50669024488855087E-002 
  386.00  1.50342894268475392E-002 
  387.00  1.50018293274247396E-002 
  388.00  1.49695209664013115E-002 
  389.00  1.49373631730108179E-002 
  390.00  1.49053547897398976E-002 
  391.00  1.48734946721660512E-002 
  392.00  1.48417816886647937E-002 
  393.00  1.48102147202716136E-002 
  394.00  1.47787926605478879E-002 
  395.00  1.47475144152697663E-002 
  396.00  1.47163789023194470E-002 
  397.00  1.46853850515118265E-002 
  398.00  1.46545318043913332E-002 
  399.00  1.46238181140480959E-002 
  400.00  1.45932429449884167E-002 
  401.00  1.45628052729206287E-002 
  402.00  1.45325040847227253E-002 
  403.00  1.45023383778417145E-002 
  404.00  1.44723071608213096E-002 
  405.00  1.44424094526401613E-002 
  406.00  1.44126442827381494E-002 
  407.00  1.43830106908072047E-002 
  408.00  1.43535077267092637E-002 
  409.00  1.43241344502676952E-002 
  410.00  1.42948899311482885E-002 
  411.00  1.42657732487818014E-002 
  412.00  1.42367834920974871E-002 
  413.00  1.42079197595352119E-002 
  414.00  1.41791811587774312E-002 
  415.00  1.41505668066859817E-002 
  416.00  1.41220758292798405E-002 
  417.00  1.40937073613406454E-002 
  418.00  1.40654605465682890E-002 
  419.00  1.40373345372983120E-002 
  420.00  1.40093284944544337E-002 
  421.00  1.39814415873678599E-002 
  422.00  1.39536729937592037E-002 
  423.00  1.39260218995155699E-002 
  424.00  1.38984874986434297E-002 
  425.00  1.38710689931684887E-002 
  426.00  1.38437655930210984E-002 
  427.00  1.38165765158749423E-002 
  428.00  1.37895009871192679E-002 
  429.00  1.37625382397265766E-002 
  430.00  1.37356875141485812E-002 
  431.00  1.37089480582159359E-002 
  432.00  1.36823191270695529E-002 
  433.00  1.36557999830057737E-002 
  434.00  1.36293898954742889E-002 
  435.00  1.36030881408668088E-002 
  436.00  1.35768940025938617E-002 
  437.00  1.35508067707970879E-002 
  438.00  1.35248257423947159E-002 
  439.00  1.34989502209721494E-002 
  440.00  1.34731795167017665E-002 
  441.00  1.34475129462014488E-002 
  442.00  1.34219498325326841E-002 
  443.00  1.33964895050753905E-002 
  444.00  1.33711312995428797E-002 
  445.00  1.33458745575241091E-002 
  446.00  1.33207186270185608E-002 
  447.00  1.32956628619121560E-002 
  448.00  1.32707066220549043E-002 
  449.00  1.32458492731756111E-002 
  450.00  1.32210901867737853E-002 
  451.00  1.31964287400889533E-002 
  452.00  1.31718643160243370E-002 
  453.00  1.31473963030506406E-002 
  454.00  1.31230240951881599E-002 
  455.00  1.30987470918920990E-002 
  456.00  1.30745646979932469E-002 
  457.00  1.30504763236752412E-002 
  458.00  1.30264813843677905E-002 
  459.00  1.30025793006920080E-002 
  460.00  1.29787694984219541E-002 
  461.00  1.29550514083795927E-002 
  462.00  1.29314244664194659E-002 
  463.00  1.29078881133492980E-002 
  464.00  1.28844417948854838E-002 
  465.00  1.28610849615605517E-002 
  466.00  1.28378170687052980E-002 
  467.00  1.28146375763811635E-002 
  468.00  1.27915459493124356E-002 
  469.00  1.27685416568714093E-002 
  470.00  1.27456241729419304E-002 
  471.00  1.27227929759891924E-002 
  472.00  1.27000475488857397E-002 
  473.00  1.26773873789518491E-002 
  474.00  1.26548119578523358E-002 
  475.00  1.26323207815689422E-002 
  476.00  1.26099133503374365E-002 
  477.00  1.25875891686171304E-002 
  478.00  1.25653477450431532E-002 
  479.00  1.25431885923600155E-002 
  480.00  1.25211112274100176E-002 
  481.00  1.24991151710255426E-002 
  482.00  1.24771999480390635E-002 
  483.00  1.24553650872555079E-002 
  484.00  1.24336101213422846E-002 
  485.00  1.24119345868472508E-002 
  486.00  1.23903380240823306E-002 
  487.00  1.23688199772100469E-002 
  488.00  1.23473799940539437E-002 
  489.00  1.23260176261699335E-002 
  490.00  1.23047324287230177E-002 
  491.00  1.22835239605308972E-002 
  492.00  1.22623917839576463E-002 
  493.00  1.22413354649017429E-002 
  494.00  1.22203545727602812E-002 
  495.00  1.21994486803730772E-002 
  496.00  1.21786173640504088E-002 
  497.00  1.21578602034431126E-002 
  498.00  1.21371767815492016E-002 
  499.00  1.21165666846880689E-002 
  500.00  1.20960295024774324E-002 
  501.00  1.20755648278452320E-002 
  502.00  1.20551722566694768E-002 
  503.00  1.20348513882678164E-002 
  504.00  1.20146018250221094E-002 
  505.00  1.19944231724119880E-002 
  506.00  1.19743150390139823E-002 
  507.00  1.19542770364498459E-002 
  508.00  1.19343087793008142E-002 
  509.00  1.19144098852627719E-002 
  510.00  1.18945799748120511E-002 
  511.00  1.18748186714941802E-002 
  512.00  1.18551256017047843E-002 
  513.00  1.18355003946672838E-002 
  514.00  1.18159426824700955E-002 
  515.00  1.17964521000033483E-002 
  516.00  1.17770282849677700E-002 
  517.00  1.17576708777508976E-002 
  518.00  1.17383795215172185E-002 
  519.00  1.17191538621101987E-002 
  520.00  1.16999935480277713E-002 
  521.00  1.16808982304415498E-002 
  522.00  1.16618675631221403E-002 
  523.00  1.16429012024153022E-002 
  524.00  1.16239988072600470E-002 
  525.00  1.16051600391286758E-002 
  526.00  1.15863845619516397E-002 
  527.00  1.15676720422702439E-002 
  528.00  1.15490221489959986E-002 
  529.00  1.15304345534963139E-002 
  530.00  1.15119089295617656E-002 
  531.00  1.14934449534402801E-002 
  532.00  1.14750423036127334E-002 
  533.00  1.14567006610602658E-002 
  534.00  1.14384197089995691E-002 
  535.00  1.14201991329561034E-002 
  536.00  1.14020386207671475E-002 
  537.00  1.13839378625255790E-002 
  538.00  1.13658965505405562E-002 
  539.00  1.13479143793524442E-002 
  540.00  1.13299910457078622E-002 
  541.00  1.13121262485164371E-002 
  542.00  1.12943196888481093E-002 
  543.00  1.12765710698913522E-002 
  544.00  1.12588800969693117E-002 
  545.00  1.12412464775055697E-002 
  546.00  1.12236699209720420E-002 
  547.00  1.12061501389194903E-002 
  548.00  1.11886868449272269E-002 
  549.00  1.11712797545946308E-002 
  550.00  1.11539285855028723E-002 
  551.00  1.11366330572526435E-002 
  552.00  1.11193928913753091E-002 
  553.00  1.11022078113574806E-002 
  554.00  1.10850775425956269E-002 
  555.00  1.10680018124406816E-002 
  556.00  1.10509803500852856E-002 
  557.00  1.10340128866451039E-002 
  558.00  1.10170991550202699E-002 
  559.00  1.10002388900281769E-002 
  560.00  1.09834318283028483E-002 
  561.00  1.09666777082102224E-002 
  562.00  1.09499762699956198E-002 
  563.00  1.09333272556619409E-002 
  564.00  1.09167304088991328E-002 
  565.00  1.09001854752595710E-002 
  566.00  1.08836922019045976E-002 
  567.00  1.08672503378079450E-002 
  568.00  1.08508596335880215E-002 
  569.00  1.08345198415635054E-002 
  570.00  1.08182307156876618E-002 
  571.00  1.08019920116194414E-002 
  572.00  1.07858034866281233E-002 
  573.00  1.07696648995999934E-002 
  574.00  1.07535760110493740E-002 
  575.00  1.07375365830857349E-002 
  576.00  1.07215463793780795E-002 
  577.00  1.07056051651868937E-002 
  578.00  1.06897127073255181E-002 
  579.00  1.06738687741604714E-002 
  580.00  1.06580731355346882E-002 
  581.00  1.06423255629661748E-002 
  582.00  1.06266258291419918E-002 
  583.00  1.06109737085518692E-002 
  584.00  1.05953689770567974E-002 
  585.00  1.05798114119719476E-002 
  586.00  1.05643007920819196E-002 
  587.00  1.05488368975984754E-002 
  588.00  1.05334195101763409E-002 
  589.00  1.05180484128635562E-002 
  590.00  1.05027233901077693E-002 
  591.00  1.04874442277740326E-002 
  592.00  1.04722107130981699E-002 
  593.00  1.04570226346723579E-002 
  594.00  1.04418797824330032E-002 
  595.00  1.04267819476986552E-002 
  596.00  1.04117289230948994E-002 
  597.00  1.03967205025797295E-002 
  598.00  1.03817564814232249E-002 
  599.00  1.03668366561708337E-002 
  600.00  1.03519608247076983E-002 
  601.00  1.03371287861550691E-002 
  602.00  1.03223403409248658E-002 
  603.00  1.03075952906632358E-002 
  604.00  1.02928934383108382E-002 
  605.00  1.02782345879782137E-002 
  606.00  1.02636185450932210E-002 
