  2.0000 -0.99999999999999556      
  3.0000  -1.0000000000000000      
  4.0000 -0.99999999999998401      
  5.0000 -0.99999999999235656      
  6.0000 -0.99999999953252128      
  7.0000 -0.99999999117273541      
  8.0000 -0.99999992003392946      
  9.0000 -0.99999955603518631      
  10.000 -0.99999825029359068      
  11.000 -0.99999462518808069      
  12.000 -0.99998630330430660      
  13.000 -0.99996976793514369      
  14.000 -0.99994039103824173      
  15.000 -0.99989260814554659      
  16.000 -0.99982018806649542      
  17.000 -0.99971653947146566      
  18.000 -0.99957500696398172      
  19.000 -0.99938912581607897      
  20.000 -0.99915282039307363      
  21.000 -0.99886054335209629      
  22.000 -0.99850736037618382      
  23.000 -0.99808898915951738      
  24.000 -0.99760180265305054      
  25.000 -0.99704280622171504      
  26.000 -0.99640959713989097      
  27.000 -0.99570031329447450      
  28.000 -0.99491357639777189      
  29.000 -0.99404843360604522      
  30.000 -0.99310430026426511      
  31.000 -0.99208090556475226      
  32.000 -0.99097824219768460      
  33.000 -0.98979652054870793      
  34.000 -0.98853612763339493      
  35.000 -0.98719759070602042      
  36.000 -0.98578154532146167      
  37.000 -0.98428870753355535      
  38.000 -0.98271984986480110      
  39.000 -0.98107578066572176      
  40.000 -0.97935732648686680      
  41.000 -0.97756531710434991      
  42.000 -0.97570057286626422      
  43.000 -0.97376389405502439      
  44.000 -0.97175605199466397      
  45.000 -0.96967778165940710      
  46.000 -0.96752977557036901      
  47.000 -0.96531267879319915      
  48.000 -0.96302708487361655      
  49.000 -0.96067353256916610      
  50.000 -0.95825250325503164      
  51.000 -0.95576441889666464      
  52.000 -0.95320964049900669      
  53.000 -0.95058846695187249      
  54.000 -0.94790113420320110      
  55.000 -0.94514781470037157      
  56.000 -0.94232861704798387      
  57.000 -0.93944358583581944      
  58.000 -0.93649270159816689      
  59.000 -0.93347588086846045      
  60.000 -0.93039297629816475      
  61.000 -0.92724377681206815      
  62.000 -0.92402800777406324      
  63.000 -0.92074533114124735      
  64.000 -0.91739534558464508      
  65.000 -0.91397758655748018      
  66.000 -0.91049152629227614      
  67.000 -0.90693657371022041      
  68.000 -0.90331207422593951      
  69.000 -0.89961730943228058      
  70.000 -0.89585149664923325      
  71.000 -0.89201378832242018      
  72.000 -0.88810327125583921      
  73.000 -0.88411896566342185      
  74.000 -0.88005982402444471      
  75.000 -0.87592472972675406      
  76.000 -0.87171249548103413      
  77.000 -0.86742186148965794      
  78.000 -0.86305149335126363      
  79.000 -0.85859997968272772      
  80.000 -0.85406582943752340      
  81.000 -0.84944746889956091      
  82.000 -0.84474323832874032      
  83.000 -0.83995138823433779      
  84.000 -0.83507007524922461      
  85.000 -0.83009735757786651      
  86.000 -0.82503118998795755      
  87.000 -0.81986941831510196      
  88.000 -0.81460977344870122      
  89.000 -0.80924986476567384      
  90.000 -0.80378717297952629      
  91.000 -0.79821904237250096      
  92.000 -0.79254267238092191      
  93.000 -0.78675510850754304      
  94.000 -0.78085323254165284      
  95.000 -0.77483375207623317      
  96.000 -0.76869318932527819      
  97.000 -0.76242786926338013      
  98.000 -0.75603390713330410      
  99.000 -0.74950719539992250      
  100.00 -0.74284339026941582      
  101.00 -0.73603789794128271      
  102.00 -0.72908586082130067      
  103.00 -0.72198214398748761      
  104.00 -0.71472132227214991      
  105.00 -0.70729766838763619      
  106.00 -0.69970514256784755      
  107.00 -0.69193738420401907      
  108.00 -0.68398770588415303      
  109.00 -0.67584909006144200      
  110.00 -0.66751418822376452      
  111.00 -0.65897532185529117      
  112.00 -0.65022448363006258      
  113.00 -0.64125333613372093      
  114.00 -0.63205320402526621      
  115.00 -0.62261505406748707      
  116.00 -0.61292945611772398      
  117.00 -0.60298651732571829      
  118.00 -0.59277578178487711      
  119.00 -0.58228608894165335      
  120.00 -0.57150538612704893      
  121.00 -0.56042049317036224      
  122.00 -0.54901681935959368      
  123.00 -0.53727803406261221      
  124.00 -0.52518569126415549      
  125.00 -0.51271880469160325      
  126.00 -0.49985336408098896      
  127.00 -0.48656177476580559      
  128.00 -0.47281219226272730      
  129.00 -0.45856771057036888      
  130.00 -0.44378534621689780      
  131.00 -0.42841473733434199      
  132.00 -0.41239644405790277      
  133.00 -0.39565968676787422      
  134.00 -0.37811928113954607      
  135.00 -0.35967140553377852      
  136.00 -0.34018763570698385      
  137.00 -0.31950635130832306      
  138.00 -0.29742007137227067      
  139.00 -0.27365639470320541      
  140.00 -0.24784898701369898      
  141.00 -0.21949445151205818      
  142.00 -0.18789845735067551      
  143.00 -0.15217888728289586      
  144.00 -0.11181424375006388      
  145.00 -6.99560962898036764E-002 
  146.00 -3.75292164727985406E-002 
  147.00 -1.88935941653834046E-002 
  148.00 -8.49158991737041131E-003 
  149.00 -2.15771984735868170E-003 
  150.00  2.03250166958068596E-003 
  151.00  4.98386701421968305E-003 
  152.00  7.16170894215004822E-003 
  153.00  8.82640958495582197E-003 
  154.00  1.01341229606040292E-002 
  155.00  1.11838824428909071E-002 
  156.00  1.20414164997254165E-002 
  157.00  1.27520138055379120E-002 
  158.00  1.33478710373737437E-002 
  159.00  1.38524914844221185E-002 
  160.00  1.42834256157302331E-002 
  161.00  1.46540382839447959E-002 
  162.00  1.49746826903309153E-002 
  163.00  1.52535008395205569E-002 
  164.00  1.54969819589961810E-002 
  165.00  1.57103600872952817E-002 
  166.00  1.58979023423816493E-002 
  167.00  1.60631213640933593E-002 
  168.00  1.62089341992617125E-002 
  169.00  1.63377827344801871E-002 
  170.00  1.64517261098431691E-002 
  171.00  1.65525124061066779E-002 
  172.00  1.66416348520717593E-002 
  173.00  1.67203762900420688E-002 
  174.00  1.67898446848201259E-002 
  175.00  1.68510016821283512E-002 
  176.00  1.69046857771832822E-002 
  177.00  1.69516312262138376E-002 
  178.00  1.69924835908505031E-002 
  179.00  1.70278125937795080E-002 
  180.00  1.70581228048210486E-002 
  181.00  1.70838625897505002E-002 
  182.00  1.71054316150073375E-002 
  183.00  1.71231872035759632E-002 
  184.00  1.71374497105554260E-002 
  185.00  1.71485071159056361E-002 
  186.00  1.71566189478698575E-002 
  187.00  1.71620196529516447E-002 
  188.00  1.71649215061202357E-002 
  189.00  1.71655171176824974E-002 
  190.00  1.71639816206537316E-002 
  191.00  1.71604745646306046E-002 
  192.00  1.71551415815463029E-002 
  193.00  1.71481158342534981E-002 
  194.00  1.71395192938925724E-002 
  195.00  1.71294638638174804E-002 
  196.00  1.71180523732007775E-002 
  197.00  1.71053794505730619E-002 
  198.00  1.70915323099065652E-002 
  199.00  1.70765914401629429E-002 
  200.00  1.70606312190386619E-002 
  201.00  1.70437204722123856E-002 
  202.00  1.70259229578683356E-002 
  203.00  1.70072978161388069E-002 
  204.00  1.69878999636318070E-002 
  205.00  1.69677804468678119E-002 
  206.00  1.69469867726446330E-002 
  207.00  1.69255631896521007E-002 
  208.00  1.69035509606389606E-002 
  209.00  1.68809885926170973E-002 
  210.00  1.68579120568879623E-002 
  211.00  1.68343549877283602E-002 
  212.00  1.68103488544631557E-002 
  213.00  1.67859231320675872E-002 
  214.00  1.67611054425645181E-002 
  215.00  1.67359216940630058E-002 
  216.00  1.67103962071725801E-002 
  217.00  1.66845518222872094E-002 
  218.00  1.66584100114631449E-002 
  219.00  1.66319909668967633E-002 
  220.00  1.66053136921700921E-002 
  221.00  1.65783960858865917E-002 
  222.00  1.65512550100451357E-002 
  223.00  1.65239063629132356E-002 
  224.00  1.64963651404823018E-002 
  225.00  1.64686454983912559E-002 
  226.00  1.64407608007237291E-002 
  227.00  1.64127236729251710E-002 
  228.00  1.63845460509062894E-002 
  229.00  1.63562392183739316E-002 
  230.00  1.63278138507114944E-002 
  231.00  1.62992800501370778E-002 
  232.00  1.62706473838239579E-002 
  233.00  1.62419249103918709E-002 
  234.00  1.62131212136021642E-002 
  235.00  1.61842444283147903E-002 
  236.00  1.61553022701008062E-002 
  237.00  1.61263020537581389E-002 
  238.00  1.60972507199215846E-002 
  239.00  1.60681548550724376E-002 
  240.00  1.60390207105635951E-002 
  241.00  1.60098542244769965E-002 
  242.00  1.59806610336762529E-002 
  243.00  1.59514464936656476E-002 
  244.00  1.59222156929003031E-002 
  245.00  1.58929734661713215E-002 
  246.00  1.58637244114839607E-002 
  247.00  1.58344728973082403E-002 
  248.00  1.58052230781015358E-002 
  249.00  1.57759789044393459E-002 
  250.00  1.57467441335018762E-002 
  251.00  1.57175223381213515E-002 
  252.00  1.56883169194468666E-002 
  253.00  1.56591311104465752E-002 
  254.00  1.56299679877777223E-002 
  255.00  1.56008304786099429E-002 
  256.00  1.55717213679604175E-002 
  257.00  1.55426433056981058E-002 
  258.00  1.55135988122407833E-002 
  259.00  1.54845902879575444E-002 
  260.00  1.54556200141853922E-002 
  261.00  1.54266901620177168E-002 
  262.00  1.53978027967550998E-002 
  263.00  1.53689598828848448E-002 
  264.00  1.53401632887213805E-002 
  265.00  1.53114147901208617E-002 
  266.00  1.52827160779216466E-002 
  267.00  1.52540687570128092E-002 
  268.00  1.52254743535047091E-002 
  269.00  1.51969343174596268E-002 
  270.00  1.51684500263525954E-002 
  271.00  1.51400227882804248E-002 
  272.00  1.51116538451031984E-002 
  273.00  1.50833443753753214E-002 
  274.00  1.50550954963644072E-002 
  275.00  1.50269082697945446E-002 
  276.00  1.49987836996815175E-002 
  277.00  1.49707227379512996E-002 
  278.00  1.49427262858944539E-002 
  279.00  1.49147951963555792E-002 
  280.00  1.48869302758554613E-002 
  281.00  1.48591322865146893E-002 
  282.00  1.48314019479744569E-002 
  283.00  1.48037399392030415E-002 
  284.00  1.47761468994974058E-002 
  285.00  1.47486234330637487E-002 
  286.00  1.47211701060941582E-002 
  287.00  1.46937874512962172E-002 
  288.00  1.46664759685695457E-002 
  289.00  1.46392361263676246E-002 
  290.00  1.46120683629768315E-002 
  291.00  1.45849730878164635E-002 
  292.00  1.45579506825822685E-002 
  293.00  1.45310015023787202E-002 
  294.00  1.45041258768984077E-002 
  295.00  1.44773241113317960E-002 
  296.00  1.44505964868006046E-002 
  297.00  1.44239432640064537E-002 
  298.00  1.43973646799950006E-002 
  299.00  1.43708609518188087E-002 
  300.00  1.43444322766818951E-002 
  301.00  1.43180788327975875E-002 
  302.00  1.42918007800221410E-002 
  303.00  1.42655982607787467E-002 
  304.00  1.42394714005631452E-002 
  305.00  1.42134203088050172E-002 
  306.00  1.41874450794142182E-002 
  307.00  1.41615457914338778E-002 
  308.00  1.41357225096067629E-002 
  309.00  1.41099752843452889E-002 
  310.00  1.40843041549748443E-002 
  311.00  1.40587091461113808E-002 
  312.00  1.40331902709415479E-002 
  313.00  1.40077475310679041E-002 
  314.00  1.39823809169411506E-002 
  315.00  1.39570904083089094E-002 
  316.00  1.39318759746827926E-002 
  317.00  1.39067375756645826E-002 
  318.00  1.38816751614691900E-002 
  319.00  1.38566886732184591E-002 
  320.00  1.38317780433819901E-002 
  321.00  1.38069431960053390E-002 
  322.00  1.37821840472178818E-002 
  323.00  1.37575005054578845E-002 
  324.00  1.37328924717825540E-002 
  325.00  1.37083598402214148E-002 
  326.00  1.36839024974035710E-002 
  327.00  1.36595203254613155E-002 
  328.00  1.36352131983037330E-002 
  329.00  1.36109809845807780E-002 
  330.00  1.35868235472494069E-002 
  331.00  1.35627407438102913E-002 
  332.00  1.35387324265673209E-002 
  333.00  1.35147984427977236E-002 
  334.00  1.34909386350205301E-002 
  335.00  1.34671528411736997E-002 
  336.00  1.34434408948446160E-002 
  337.00  1.34198026254024692E-002 
  338.00  1.33962378582725868E-002 
  339.00  1.33727464150223321E-002 
  340.00  1.33493281136085364E-002 
  341.00  1.33259827685026176E-002 
  342.00  1.33027101908354504E-002 
  343.00  1.32795101886294155E-002 
  344.00  1.32563825668545830E-002 
  345.00  1.32333271276012278E-002 
  346.00  1.32103436696434842E-002 
  347.00  1.31874319910505276E-002 
  348.00  1.31645918854533216E-002 
  349.00  1.31418231448386935E-002 
  350.00  1.31191255589515159E-002 
  351.00  1.30964989153901611E-002 
  352.00  1.30739429998021212E-002 
  353.00  1.30514575959246957E-002 
  354.00  1.30290424857121660E-002 
  355.00  1.30066974493955930E-002 
  356.00  1.29844222656654382E-002 
  357.00  1.29622167116357732E-002 
  358.00  1.29400805630890733E-002 
  359.00  1.29180135944231451E-002 
  360.00  1.28960155788338110E-002 
  361.00  1.28740862883221473E-002 
  362.00  1.28522254937977389E-002 
  363.00  1.28304329652063204E-002 
  364.00  1.28087084715083344E-002 
  365.00  1.27870517808035267E-002 
  366.00  1.27654626604127713E-002 
  367.00  1.27439408768756819E-002 
  368.00  1.27224861960690324E-002 
  369.00  1.27010983832951570E-002 
  370.00  1.26797772032395395E-002 
  371.00  1.26585224195242020E-002 
  372.00  1.26373337971357417E-002 
  373.00  1.26162110988075303E-002 
  374.00  1.25951540875586833E-002 
  375.00  1.25741625260762050E-002 
  376.00  1.25532361768696480E-002 
  377.00  1.25323748021710923E-002 
  378.00  1.25115781640855132E-002 
  379.00  1.24908460245887719E-002 
  380.00  1.24701781455387704E-002 
  381.00  1.24495742888416829E-002 
  382.00  1.24290342162787105E-002 
  383.00  1.24085576897520772E-002 
  384.00  1.23881444711959089E-002 
  385.00  1.23677943226526022E-002 
  386.00  1.23475070062727971E-002 
  387.00  1.23272822843916129E-002 
  388.00  1.23071199195259953E-002 
  389.00  1.22870196744415093E-002 
  390.00  1.22669813121036794E-002 
  391.00  1.22470045957721492E-002 
  392.00  1.22270892890107841E-002 
  393.00  1.22072351557408788E-002 
  394.00  1.21874419601624741E-002 
  395.00  1.21677094669181314E-002 
  396.00  1.21480374409827056E-002 
  397.00  1.21284256478018521E-002 
  398.00  1.21088738532343261E-002 
  399.00  1.20893818235813313E-002 
  400.00  1.20699493256153680E-002 
  401.00  1.20505761266462893E-002 
  402.00  1.20312619938620167E-002 
  403.00  1.20120066967610139E-002 
  404.00  1.19928100035941142E-002 
  405.00  1.19736716837950015E-002 
  406.00  1.19545915073332350E-002 
  407.00  1.19355692447861046E-002 
  408.00  1.19166046673375992E-002 
  409.00  1.18976975467629201E-002 
  410.00  1.18788476554682280E-002 
  411.00  1.18600547665148187E-002 
  412.00  1.18413186535886970E-002 
  413.00  1.18226390910537126E-002 
  414.00  1.18040158539509978E-002 
  415.00  1.17854487179633993E-002 
  416.00  1.17669374595235302E-002 
  417.00  1.17484818556556538E-002 
  418.00  1.17300816842517853E-002 
  419.00  1.17117367237894697E-002 
  420.00  1.16934467534917756E-002 
  421.00  1.16752115533415666E-002 
  422.00  1.16570309040689764E-002 
  423.00  1.16389045870947030E-002 
  424.00  1.16208323846670215E-002 
  425.00  1.16028140797011896E-002 
  426.00  1.15848494559303052E-002 
  427.00  1.15669382978804761E-002 
  428.00  1.15490803907811503E-002 
  429.00  1.15312755206821056E-002 
  430.00  1.15135234744130534E-002 
  431.00  1.14958240395682514E-002 
  432.00  1.14781770045868283E-002 
  433.00  1.14605821586385367E-002 
  434.00  1.14430392917076757E-002 
  435.00  1.14255481946143253E-002 
  436.00  1.14081086589207324E-002 
  437.00  1.13907204770760419E-002 
  438.00  1.13733834422736595E-002 
  439.00  1.13560973485283979E-002 
  440.00  1.13388619906935138E-002 
  441.00  1.13216771644316979E-002 
  442.00  1.13045426661744879E-002 
  443.00  1.12874582932738464E-002 
  444.00  1.12704238432281036E-002 
  445.00  1.12534391161311122E-002 
  446.00  1.12365039111641165E-002 
  447.00  1.12196180288841162E-002 
  448.00  1.12027812707055242E-002 
  449.00  1.11859934388531101E-002 
  450.00  1.11692543363897893E-002 
  451.00  1.11525637671866639E-002 
  452.00  1.11359215359407675E-002 
  453.00  1.11193274482003900E-002 
  454.00  1.11027813102869410E-002 
  455.00  1.10862829293958791E-002 
  456.00  1.10698321135424462E-002 
  457.00  1.10534286715308818E-002 
  458.00  1.10370724130390251E-002 
  459.00  1.10207631484946847E-002 
  460.00  1.10045006892655096E-002 
  461.00  1.09882848474078254E-002 
  462.00  1.09721154358962212E-002 
  463.00  1.09559922684543103E-002 
  464.00  1.09399151596774845E-002 
  465.00  1.09238839249583310E-002 
  466.00  1.09078983805098954E-002 
  467.00  1.08919583433356674E-002 
  468.00  1.08760636312909727E-002 
  469.00  1.08602140630090042E-002 
  470.00  1.08444094579436042E-002 
  471.00  1.08286496363601825E-002 
  472.00  1.08129344193065424E-002 
  473.00  1.07972636286869303E-002 
  474.00  1.07816370871648658E-002 
  475.00  1.07660546181861053E-002 
  476.00  1.07505160460735667E-002 
  477.00  1.07350211958578690E-002 
  478.00  1.07195698933848921E-002 
  479.00  1.07041619653533860E-002 
  480.00  1.06887972391714499E-002 
  481.00  1.06734755430912039E-002 
  482.00  1.06581967061068587E-002 
  483.00  1.06429605580419580E-002 
  484.00  1.06277669294243850E-002 
  485.00  1.06126156516579122E-002 
  486.00  1.05975065568710853E-002 
  487.00  1.05824394779223344E-002 
  488.00  1.05674142485216015E-002 
  489.00  1.05524307030998767E-002 
  490.00  1.05374886768665361E-002 
  491.00  1.05225880057656009E-002 
  492.00  1.05077285265549325E-002 
  493.00  1.04929100767038371E-002 
  494.00  1.04781324944301819E-002 
  495.00  1.04633956187513144E-002 
  496.00  1.04486992893811741E-002 
  497.00  1.04340433468321173E-002 
  498.00  1.04194276322988385E-002 
  499.00  1.04048519877624097E-002 
  500.00  1.03903162559341039E-002 
  501.00  1.03758202797179823E-002 
  502.00  1.03613639043175568E-002 
  503.00  1.03469469741335925E-002 
  504.00  1.03325693347794713E-002 
  505.00  1.03182308325644369E-002 
  506.00  1.03039313145973834E-002 
  507.00  1.02896706286641580E-002 
  508.00  1.02754486232326560E-002 
  509.00  1.02612651475328075E-002 
  510.00  1.02471200514476536E-002 
  511.00  1.02330131856222303E-002 
  512.00  1.02189444013785387E-002 
  513.00  1.02049135507462276E-002 
  514.00  1.01909204863994737E-002 
  515.00  1.01769650617915038E-002 
  516.00  1.01630471309758601E-002 
  517.00  1.01491665487987107E-002 
  518.00  1.01353231706944342E-002 
  519.00  1.01215168528115650E-002 
  520.00  1.01077474519462897E-002 
  521.00  1.00940148256751412E-002 
  522.00  1.00803188321131418E-002 
  523.00  1.00666593301020710E-002 
  524.00  1.00530361791756340E-002 
  525.00  1.00394492394952385E-002 
  526.00  1.00258983718703280E-002 
  527.00  1.00123834378158024E-002 
  528.00  9.99890429944988446E-003 
  529.00  9.98546081956843724E-003 
  530.00  9.97205286157485174E-003 
  531.00  9.95868028961005396E-003 
  532.00  9.94534296833939416E-003 
  533.00  9.93204076314340052E-003 
  534.00  9.91877353999701464E-003 
  535.00  9.90554116555773974E-003 
  536.00  9.89234350704860585E-003 
  537.00  9.87918043234887328E-003 
  538.00  9.86605180997791355E-003 
  539.00  9.85295750903694700E-003 
  540.00  9.83989739929718929E-003 
  541.00  9.82687135107619160E-003 
  542.00  9.81387923534525128E-003 
  543.00  9.80092092368809939E-003 
  544.00  9.78799628827182328E-003 
  545.00  9.77510520186829560E-003 
  546.00  9.76224753785521170E-003 
  547.00  9.74942317021282139E-003 
  548.00  9.73663197348928824E-003 
  549.00  9.72387382285508015E-003 
  550.00  9.71114859404632012E-003 
  551.00  9.69845616340161802E-003 
  552.00  9.68579640781332477E-003 
  553.00  9.67316920476477340E-003 
  554.00  9.66057443231962271E-003 
  555.00  9.64801196912544803E-003 
  556.00  9.63548169438123783E-003 
  557.00  9.62298348783409072E-003 
  558.00  9.61051722984888890E-003 
  559.00  9.59808280129253663E-003 
  560.00  9.58568008363578153E-003 
  561.00  9.57330895889254088E-003 
  562.00  9.56096930962050708E-003 
  563.00  9.54866101891385655E-003 
  564.00  9.53638397046191119E-003 
  565.00  9.52413804842727404E-003 
  566.00  9.51192313758691954E-003 
  567.00  9.49973912320168853E-003 
  568.00  9.48758589110752955E-003 
  569.00  9.47546332764487992E-003 
  570.00  9.46337131968998969E-003 
  571.00  9.45130975466506804E-003 
  572.00  9.43927852050160596E-003 
  573.00  9.42727750563245384E-003 
  574.00  9.41530659908054561E-003 
  575.00  9.40336569030016979E-003 
  576.00  9.39145466929240148E-003 
  577.00  9.37957342662044599E-003 
  578.00  9.36772185327289925E-003 
  579.00  9.35589984079522770E-003 
  580.00  9.34410728120917654E-003 
  581.00  9.33234406658677018E-003 
  582.00  9.32061009095237064E-003 
  583.00  9.30890524731462464E-003 
  584.00  9.29722942972864390E-003 
  585.00  9.28558253267738887E-003 
  586.00  9.27396445119910671E-003 
  587.00  9.26237508074871652E-003 
  588.00  9.25081431732680502E-003 
  589.00  9.23928205737818524E-003 
  590.00  9.22777819781740380E-003 
  591.00  9.21630263609651661E-003 
  592.00  9.20485527005557302E-003 
  593.00  9.19343599803545963E-003 
  594.00  9.18204471887292158E-003 
  595.00  9.17068133184475130E-003 
  596.00  9.15934573672913012E-003 
  597.00  9.14803783368995163E-003 
  598.00  9.13675752340817847E-003 
  599.00  9.12550470698243223E-003 
  600.00  9.11427928604409583E-003 
  601.00  9.10308116259272299E-003 
  602.00  9.09191023907767251E-003 
  603.00  9.08076641844834595E-003 
  604.00  9.06964960406381540E-003 
  605.00  9.05855969971200783E-003 
  606.00  9.04749660965863643E-003 
