  2.0000 -0.99999999999284095      
  3.0000 -0.99999997263116269      
  4.0000 -0.99999830778656507      
  5.0000 -0.99997990158679728      
  6.0000 -0.99989538177327686      
  7.0000 -0.99966010806601013      
  8.0000 -0.99917741431325990      
  9.0000 -0.99836374695674246      
  10.000 -0.99716199649413484      
  11.000 -0.99554329253112939      
  12.000 -0.99350241091956693      
  13.000 -0.99105117842976331      
  14.000 -0.98821227016684321      
  15.000 -0.98501429904676918      
  16.000 -0.98148830165039647      
  17.000 -0.97766540525758727      
  18.000 -0.97357538670544153      
  19.000 -0.96924586110088884      
  20.000 -0.96470189509146986      
  21.000 -0.95996589512528685      
  22.000 -0.95505766624356170      
  23.000 -0.94999457043173297      
  24.000 -0.94479173731368982      
  25.000 -0.93946229642793211      
  26.000 -0.93401761156964658      
  27.000 -0.92846750529341071      
  28.000 -0.92282046679929497      
  29.000 -0.91708383981838781      
  30.000 -0.91126398934227770      
  31.000 -0.90536644745143957      
  32.000 -0.89939603935382539      
  33.000 -0.89335699122243839      
  34.000 -0.88725302164356668      
  35.000 -0.88108741854517203      
  36.000 -0.87486310341979812      
  37.000 -0.86858268455151855      
  38.000 -0.86224850080047122      
  39.000 -0.85586265734123812      
  40.000 -0.84942705458584344      
  41.000 -0.84294341136490325      
  42.000 -0.83641328329420295      
  43.000 -0.82983807712108337      
  44.000 -0.82321906172878356      
  45.000 -0.81655737636815606      
  46.000 -0.80985403660492583      
  47.000 -0.80310993838544609      
  48.000 -0.79632586056326549      
  49.000 -0.78950246617194142      
  50.000 -0.78264030268329809      
  51.000 -0.77573980145147114      
  52.000 -0.76880127651029517      
  53.000 -0.76182492286696568      
  54.000 -0.75481081440527920      
  55.000 -0.74775890150403357      
  56.000 -0.74066900844910966      
  57.000 -0.73354083071030141      
  58.000 -0.72637393213987145      
  59.000 -0.71916774213888668      
  60.000 -0.71192155283175895      
  61.000 -0.70463451626964724      
  62.000 -0.69730564169312859      
  63.000 -0.68993379285962986      
  64.000 -0.68251768544815916      
  65.000 -0.67505588453307808      
  66.000 -0.66754680213099638      
  67.000 -0.65998869480635614      
  68.000 -0.65237966131638991      
  69.000 -0.64471764028543121      
  70.000 -0.63700040788488932      
  71.000 -0.62922557549121538      
  72.000 -0.62139058730827323      
  73.000 -0.61349271793042548      
  74.000 -0.60552906981959742      
  75.000 -0.59749657069922735      
  76.000 -0.58939197083927897      
  77.000 -0.58121184025492878      
  78.000 -0.57295256581573306      
  79.000 -0.56461034831781665      
  80.000 -0.55618119955809209      
  81.000 -0.54766093950190853      
  82.000 -0.53904519366722092      
  83.000 -0.53032939088085229      
  84.000 -0.52150876163527993      
  85.000 -0.51257833734844804      
  86.000 -0.50353295090523342      
  87.000 -0.49436723899951190      
  88.000 -0.48507564693272426      
  89.000 -0.47565243672077628      
  90.000 -0.46609169960287844      
  91.000 -0.45638737435301602      
  92.000 -0.44653327318199459      
  93.000 -0.43652311751179640      
  94.000 -0.42635058650085894      
  95.000 -0.41600938198993942      
  96.000 -0.40549331443992481      
  97.000 -0.39479641561499756      
  98.000 -0.38391308508925326      
  99.000 -0.37283827925731378      
  100.00 -0.36156775325848345      
  101.00 -0.35009836801822458      
  102.00 -0.33842847619515809      
  103.00 -0.32655840175583278      
  104.00 -0.31449102739366575      
  105.00 -0.30223250094159132      
  106.00 -0.28979306445434055      
  107.00 -0.27718799561009655      
  108.00 -0.26443862773710808      
  109.00 -0.25157338000988200      
  110.00 -0.23862868276396759      
  111.00 -0.22564962867219912      
  112.00 -0.21269013041798934      
  113.00 -0.19981234090214875      
  114.00 -0.18708512184534876      
  115.00 -0.17458145731134028      
  116.00 -0.16237490505069083      
  117.00 -0.15053542517654941      
  118.00 -0.13912514328093153      
  119.00 -0.12819469868455161      
  120.00 -0.11778073935027755      
  121.00 -0.10790487241468356      
  122.00 -9.85740572286438604E-002 
  123.00 -8.97821528479252895E-002 
  124.00 -8.15121828085147715E-002 
  125.00 -7.37388688500063560E-002 
  126.00 -6.64310719375237752E-002 
  127.00 -5.95539056316818222E-002 
  128.00 -5.30704067710658922E-002 
  129.00 -4.69427367341361673E-002 
  130.00 -4.11329373947912288E-002 
  131.00 -3.56032838155938697E-002 
  132.00 -3.03162679302138305E-002 
  133.00 -2.52342179252027163E-002 
  134.00 -2.03185037947920810E-002 
  135.00 -1.55281837134469223E-002 
  136.00 -1.08177620851346440E-002 
  137.00 -6.13333380091093429E-003 
  138.00 -1.40541658321122935E-003 
  139.00  3.46601574184484448E-003 
  140.00  8.64868631603889215E-003 
  141.00  1.45013338923038523E-002 
  142.00  2.23993698893257334E-002 
  143.00  6.60246986447660250E-002 
  144.00  5.94386890863046607E-002 
  145.00  5.29717201241456936E-002 
  146.00  4.80075438899828649E-002 
  147.00  4.49872551106538995E-002 
  148.00  4.31041995438493711E-002 
  149.00  4.17873915074458285E-002 
  150.00  4.07758958155221909E-002 
  151.00  3.99470792523147628E-002 
  152.00  3.92375483226647184E-002 
  153.00  3.86114896152592382E-002 
  154.00  3.80471258227811499E-002 
  155.00  3.75303924821897630E-002 
  156.00  3.70517426834387070E-002 
  157.00  3.66044200825263524E-002 
  158.00  3.61834711235357043E-002 
  159.00  3.57851523087153178E-002 
  160.00  3.54065596392599546E-002 
  161.00  3.50453885892815648E-002 
  162.00  3.46997737439484269E-002 
  163.00  3.43681786921240448E-002 
  164.00  3.40493185674707738E-002 
  165.00  3.37421043548918193E-002 
  166.00  3.34456020510784657E-002 
  167.00  3.31590021776995217E-002 
  168.00  3.28815966491147055E-002 
  169.00  3.26127609555499701E-002 
  170.00  3.23519402491826563E-002 
  171.00  3.20986383427096719E-002 
  172.00  3.18524089042660427E-002 
  173.00  3.16128483365728796E-002 
  174.00  3.13795899563258790E-002 
  175.00  3.11522991956464171E-002 
  176.00  3.09306696077680972E-002 
  177.00  3.07144195174116966E-002 
  178.00  3.05032891896231048E-002 
  179.00  3.02970384199391547E-002 
  180.00  3.00954444707321640E-002 
  181.00  2.98983002903909015E-002 
  182.00  2.97054129721055875E-002 
  183.00  2.95166024079495486E-002 
  184.00  2.93317001123890690E-002 
  185.00  2.91505481853542095E-002 
  186.00  2.89729983965952009E-002 
  187.00  2.87989113722630849E-002 
  188.00  2.86281558719030313E-002 
  189.00  2.84606081405183731E-002 
  190.00  2.82961513279361247E-002 
  191.00  2.81346749671260894E-002 
  192.00  2.79760745016829557E-002 
  193.00  2.78202508598988200E-002 
  194.00  2.76671100674240437E-002 
  195.00  2.75165628951757509E-002 
  196.00  2.73685245381496342E-002 
  197.00  2.72229143227463652E-002 
  198.00  2.70796554372495224E-002 
  199.00  2.69386746858998605E-002 
  200.00  2.67999022629929265E-002 
  201.00  2.66632715431735223E-002 
  202.00  2.65287188904778821E-002 
  203.00  2.63961834795862008E-002 
  204.00  2.62656071318704727E-002 
  205.00  2.61369341637473288E-002 
  206.00  2.60101112441457789E-002 
  207.00  2.58850872646577343E-002 
  208.00  2.57618132160664648E-002 
  209.00  2.56402420758951033E-002 
  210.00  2.55203287017700606E-002 
  211.00  2.54020297320994397E-002 
  212.00  2.52853034946612723E-002 
  213.00  2.51701099188217856E-002 
  214.00  2.50564104556947990E-002 
  215.00  2.49441680017087886E-002 
  216.00  2.48333468269795014E-002 
  217.00  2.47239125094896629E-002 
  218.00  2.46158318710617274E-002 
  219.00  2.45090729193330609E-002 
  220.00  2.44036047916403737E-002 
  221.00  2.42993977022068243E-002 
  222.00  2.41964228936686968E-002 
  223.00  2.40946525898253668E-002 
  224.00  2.39940599519790632E-002 
  225.00  2.38946190368099984E-002 
  226.00  2.37963047579486039E-002 
  227.00  2.36990928483424221E-002 
  228.00  2.36029598247039299E-002 
  229.00  2.35078829550844637E-002 
  230.00  2.34138402266355385E-002 
  231.00  2.33208103160224486E-002 
  232.00  2.32287725604470481E-002 
  233.00  2.31377069315510629E-002 
  234.00  2.30475940092014567E-002 
  235.00  2.29584149574791271E-002 
  236.00  2.28701515009146622E-002 
  237.00  2.27827859034374081E-002 
  238.00  2.26963009467447581E-002 
  239.00  2.26106799105599519E-002 
  240.00  2.25259065537708747E-002 
  241.00  2.24419650957067875E-002 
  242.00  2.23588401998131119E-002 
  243.00  2.22765169565275409E-002 
  244.00  2.21949808677273201E-002 
  245.00  2.21142178318869467E-002 
  246.00  2.20342141291257586E-002 
  247.00  2.19549564084493450E-002 
  248.00  2.18764316740104395E-002 
  249.00  2.17986272727490014E-002 
  250.00  2.17215308824243621E-002 
  251.00  2.16451305003135183E-002 
  252.00  2.15694144316440004E-002 
  253.00  2.14943712799344003E-002 
  254.00  2.14199899363961485E-002 
  255.00  2.13462595703831290E-002 
  256.00  2.12731696201610490E-002 
  257.00  2.12007097840549788E-002 
  258.00  2.11288700120148276E-002 
  259.00  2.10576404969816632E-002 
  260.00  2.09870116678345896E-002 
  261.00  2.09169741812780773E-002 
  262.00  2.08475189148083183E-002 
  263.00  2.07786369597313808E-002 
  264.00  2.07103196144743790E-002 
  265.00  2.06425583783323152E-002 
  266.00  2.05753449447153569E-002 
  267.00  2.05086711960547514E-002 
  268.00  2.04425291975278874E-002 
  269.00  2.03769111916841002E-002 
  270.00  2.03118095931737394E-002 
  271.00  2.02472169836055045E-002 
  272.00  2.01831261066511905E-002 
  273.00  2.01195298633268758E-002 
  274.00  2.00564213075393842E-002 
  275.00  1.99937936411335032E-002 
  276.00  1.99316402105204696E-002 
  277.00  1.98699545019641981E-002 
  278.00  1.98087301378326655E-002 
  279.00  1.97479608727277427E-002 
  280.00  1.96876405898554728E-002 
  281.00  1.96277632974521318E-002 
  282.00  1.95683231253377561E-002 
  283.00  1.95093143216432882E-002 
  284.00  1.94507312497134051E-002 
  285.00  1.93925683844688099E-002 
  286.00  1.93348203102227841E-002 
  287.00  1.92774817173175864E-002 
  288.00  1.92205473993571491E-002 
  289.00  1.91640122505634738E-002 
  290.00  1.91078712631671602E-002 
  291.00  1.90521195248390604E-002 
  292.00  1.89967522162522232E-002 
  293.00  1.89417646087321201E-002 
  294.00  1.88871520619417060E-002 
  295.00  1.88329100216614170E-002 
  296.00  1.87790340177155582E-002 
  297.00  1.87255196614833225E-002 
  298.00  1.86723626445185406E-002 
  299.00  1.86195587361792612E-002 
  300.00  1.85671037817776302E-002 
  301.00  1.85149937007901971E-002 
  302.00  1.84632244850415350E-002 
  303.00  1.84117921969765355E-002 
  304.00  1.83606929679823588E-002 
  305.00  1.83099229967650171E-002 
  306.00  1.82594785477761881E-002 
  307.00  1.82093559496051237E-002 
  308.00  1.81595515935818047E-002 
  309.00  1.81100619324219766E-002 
  310.00  1.80608834782651148E-002 
  311.00  1.80120128021317924E-002 
  312.00  1.79634465320809879E-002 
  313.00  1.79151813520042717E-002 
  314.00  1.78672140004359943E-002 
  315.00  1.78195412692661696E-002 
  316.00  1.77721600026082109E-002 
  317.00  1.77250670956301051E-002 
  318.00  1.76782594934226343E-002 
  319.00  1.76317341899652480E-002 
  320.00  1.75854882269795357E-002 
  321.00  1.75395186929737691E-002 
  322.00  1.74938227222036294E-002 
  323.00  1.74483974937048383E-002 
  324.00  1.74032402303668163E-002 
  325.00  1.73583481979717423E-002 
  326.00  1.73137187044394084E-002 
  327.00  1.72693490984392461E-002 
  328.00  1.72252367693227978E-002 
  329.00  1.71813791457605669E-002 
  330.00  1.71377736950545576E-002 
  331.00  1.70944179223608064E-002 
  332.00  1.70513093699503279E-002 
  333.00  1.70084456164054723E-002 
  334.00  1.69658242759273929E-002 
  335.00  1.69234429976144948E-002 
  336.00  1.68812994647691700E-002 
  337.00  1.68393913942305844E-002 
  338.00  1.67977165357123606E-002 
  339.00  1.67562726711354519E-002 
  340.00  1.67150576140555895E-002 
  341.00  1.66740692089915009E-002 
  342.00  1.66333053308648122E-002 
  343.00  1.65927638844095456E-002 
  344.00  1.65524428036198136E-002 
  345.00  1.65123400511556148E-002 
  346.00  1.64724536179736321E-002 
  347.00  1.64327815222386972E-002 
  348.00  1.63933218096551023E-002 
  349.00  1.63540725523543193E-002 
  350.00  1.63150318485952954E-002 
  351.00  1.62761978222677912E-002 
  352.00  1.62375686224388895E-002 
  353.00  1.61991424228391280E-002 
  354.00  1.61609174214919250E-002 
  355.00  1.61228918402201923E-002 
  356.00  1.60850639242402262E-002 
  357.00  1.60474319417454707E-002 
  358.00  1.60099941834948648E-002 
  359.00  1.59727489623956269E-002 
  360.00  1.59356946131516720E-002 
  361.00  1.58988294918575926E-002 
  362.00  1.58621519755915708E-002 
  363.00  1.58256604621640831E-002 
  364.00  1.57893533696063203E-002 
  365.00  1.57532291359388475E-002 
  366.00  1.57172862187903301E-002 
  367.00  1.56815230950563753E-002 
  368.00  1.56459382605737204E-002 
  369.00  1.56105302298145780E-002 
  370.00  1.55752975357201506E-002 
  371.00  1.55402387287796456E-002 
  372.00  1.55053523776601584E-002 
  373.00  1.54706370682680151E-002 
  374.00  1.54360914036642902E-002 
  375.00  1.54017140037297183E-002 
  376.00  1.53675035049478988E-002 
  377.00  1.53334585600781032E-002 
  378.00  1.52995778378991615E-002 
  379.00  1.52658600230360375E-002 
  380.00  1.52323038155618463E-002 
  381.00  1.51989079308772999E-002 
  382.00  1.51656710994024831E-002 
  383.00  1.51325920663480419E-002 
  384.00  1.50996695914857263E-002 
  385.00  1.50669024489225260E-002 
  386.00  1.50342894268725661E-002 
  387.00  1.50018293274464358E-002 
  388.00  1.49695209664143323E-002 
  389.00  1.49373631730439806E-002 
  390.00  1.49053547897716378E-002 
  391.00  1.48734946721908075E-002 
  392.00  1.48417816886877909E-002 
  393.00  1.48102147203043547E-002 
  394.00  1.47787926605706249E-002 
  395.00  1.47475144152877519E-002 
  396.00  1.47163789023322753E-002 
  397.00  1.46853850515280097E-002 
  398.00  1.46545318044126599E-002 
  399.00  1.46238181140640848E-002 
  400.00  1.45932429450074085E-002 
  401.00  1.45628052729435183E-002 
  402.00  1.45325040847734226E-002 
  403.00  1.45023383779040831E-002 
  404.00  1.44723071608677256E-002 
  405.00  1.44424094526899027E-002 
  406.00  1.44126442827801488E-002 
  407.00  1.43830106908399199E-002 
  408.00  1.43535077267463781E-002 
  409.00  1.43241344502973485E-002 
  410.00  1.42948899311958529E-002 
  411.00  1.42657732488301499E-002 
  412.00  1.42367834921439396E-002 
  413.00  1.42079197595663294E-002 
  414.00  1.41791811588105089E-002 
  415.00  1.41505668067456424E-002 
  416.00  1.41220758293108505E-002 
  417.00  1.40937073613671589E-002 
  418.00  1.40654605465990873E-002 
  419.00  1.40373345373391249E-002 
  420.00  1.40093284944755401E-002 
  421.00  1.39814415874081749E-002 
  422.00  1.39536729937886437E-002 
  423.00  1.39260218995423766E-002 
  424.00  1.38984874986717664E-002 
  425.00  1.38710689932007823E-002 
  426.00  1.38437655930431329E-002 
  427.00  1.38165765159039451E-002 
  428.00  1.37895009871469749E-002 
  429.00  1.37625382397537216E-002 
  430.00  1.37356875141704908E-002 
  431.00  1.37089480582425535E-002 
  432.00  1.36823191270927739E-002 
  433.00  1.36557999830300286E-002 
  434.00  1.36293898954933657E-002 
  435.00  1.36030881408985508E-002 
  436.00  1.35768940026167826E-002 
  437.00  1.35508067708104470E-002 
  438.00  1.35248257424132514E-002 
  439.00  1.34989502209890318E-002 
  440.00  1.34731795167201095E-002 
  441.00  1.34475129462190649E-002 
  442.00  1.34219498325491293E-002 
  443.00  1.33964895050981449E-002 
  444.00  1.33711312996004170E-002 
  445.00  1.33458745575886044E-002 
  446.00  1.33207186270733000E-002 
  447.00  1.32956628619694817E-002 
  448.00  1.32707066221062955E-002 
  449.00  1.32458492732278159E-002 
  450.00  1.32210901868185880E-002 
  451.00  1.31964287401360146E-002 
  452.00  1.31718643160681111E-002 
  453.00  1.31473963030942220E-002 
  454.00  1.31230240952357746E-002 
  455.00  1.30987470919330575E-002 
  456.00  1.30745646980409795E-002 
  457.00  1.30504763237238117E-002 
  458.00  1.30264813844165328E-002 
  459.00  1.30025793007343786E-002 
  460.00  1.29787694984523951E-002 
  461.00  1.29550514084286247E-002 
  462.00  1.29314244664571858E-002 
  463.00  1.29078881133954885E-002 
  464.00  1.28844417949219685E-002 
  465.00  1.28610849615952479E-002 
  466.00  1.28378170687337614E-002 
  467.00  1.28146375764087717E-002 
  468.00  1.27915459493427169E-002 
  469.00  1.27685416568842306E-002 
  470.00  1.27456241729837962E-002 
  471.00  1.27227929760352267E-002 
  472.00  1.27000475489216780E-002 
  473.00  1.26773873789763122E-002 
  474.00  1.26548119578888014E-002 
  475.00  1.26323207815865392E-002 
  476.00  1.26099133503490505E-002 
  477.00  1.25875891686462911E-002 
  478.00  1.25653477450793326E-002 
  479.00  1.25431885924088132E-002 
  480.00  1.25211112274325655E-002 
  481.00  1.24991151710343133E-002 
  482.00  1.24771999480561002E-002 
  483.00  1.24553650872755214E-002 
  484.00  1.24336101213667113E-002 
  485.00  1.24119345868568525E-002 
  486.00  1.23903380241075466E-002 
  487.00  1.23688199772411696E-002 
  488.00  1.23473799940797442E-002 
  489.00  1.23260176261949569E-002 
  490.00  1.23047324287526849E-002 
  491.00  1.22835239605674600E-002 
  492.00  1.22623917839786035E-002 
  493.00  1.22413354649135980E-002 
  494.00  1.22203545727796910E-002 
  495.00  1.21994486804047168E-002 
  496.00  1.21786173640822445E-002 
  497.00  1.21578602034440771E-002 
  498.00  1.21371767815665194E-002 
  499.00  1.21165666846991781E-002 
  500.00  1.20960295024953052E-002 
  501.00  1.20755648279185276E-002 
  502.00  1.20551722567187568E-002 
  503.00  1.20348513883335295E-002 
  504.00  1.20146018250692176E-002 
  505.00  1.19944231724585827E-002 
  506.00  1.19743150390647663E-002 
  507.00  1.19542770364867001E-002 
  508.00  1.19343087793703142E-002 
  509.00  1.19144098853029672E-002 
  510.00  1.18945799748786055E-002 
  511.00  1.18748186715574230E-002 
  512.00  1.18551256017485167E-002 
  513.00  1.18355003947196707E-002 
  514.00  1.18159426825193634E-002 
  515.00  1.17964521000591578E-002 
  516.00  1.17770282849984260E-002 
  517.00  1.17576708777970742E-002 
  518.00  1.17383795215511965E-002 
  519.00  1.17191538621583859E-002 
  520.00  1.16999935480785119E-002 
  521.00  1.16808982304862329E-002 
  522.00  1.16618675631777486E-002 
  523.00  1.16429012024488431E-002 
  524.00  1.16239988072843366E-002 
  525.00  1.16051600391481047E-002 
  526.00  1.15863845620017593E-002 
  527.00  1.15676720423163407E-002 
  528.00  1.15490221490286010E-002 
  529.00  1.15304345535318271E-002 
  530.00  1.15119089296202935E-002 
  531.00  1.14934449534749347E-002 
  532.00  1.14750423036658455E-002 
  533.00  1.14567006610986517E-002 
  534.00  1.14384197090298696E-002 
  535.00  1.14201991329928362E-002 
  536.00  1.14020386208046262E-002 
  537.00  1.13839378625515911E-002 
  538.00  1.13658965505614700E-002 
  539.00  1.13479143793848922E-002 
  540.00  1.13299910457497089E-002 
  541.00  1.13121262485452630E-002 
  542.00  1.12943196888769561E-002 
  543.00  1.12765710699146617E-002 
  544.00  1.12588800970070905E-002 
  545.00  1.12412464775376725E-002 
  546.00  1.12236699210113908E-002 
  547.00  1.12061501389496519E-002 
  548.00  1.11886868449505503E-002 
  549.00  1.11712797546216491E-002 
  550.00  1.11539285855420771E-002 
  551.00  1.11366330572754586E-002 
  552.00  1.11193928914001400E-002 
  553.00  1.11022078113653701E-002 
  554.00  1.10850775426271538E-002 
  555.00  1.10680018124625235E-002 
  556.00  1.10509803501092820E-002 
  557.00  1.10340128866717405E-002 
  558.00  1.10170991550484730E-002 
  559.00  1.10002388900576897E-002 
  560.00  1.09834318283211878E-002 
  561.00  1.09666777082307060E-002 
  562.00  1.09499762700267372E-002 
  563.00  1.09333272556715287E-002 
  564.00  1.09167304089293031E-002 
  565.00  1.09001854752751558E-002 
  566.00  1.08836922019336230E-002 
  567.00  1.08672503378420184E-002 
  568.00  1.08508596336097766E-002 
  569.00  1.08345198415795048E-002 
  570.00  1.08182307157156411E-002 
  571.00  1.08019920116447822E-002 
  572.00  1.07858034866441001E-002 
  573.00  1.07696648996123984E-002 
  574.00  1.07535760110677794E-002 
  575.00  1.07375365830938169E-002 
  576.00  1.07215463793954562E-002 
  577.00  1.07056051651923216E-002 
  578.00  1.06897127073517437E-002 
  579.00  1.06738687741707305E-002 
  580.00  1.06580731355505436E-002 
  581.00  1.06423255630284635E-002 
  582.00  1.06266258291998397E-002 
  583.00  1.06109737086034408E-002 
  584.00  1.05953689771012115E-002 
  585.00  1.05798114120190453E-002 
  586.00  1.05643007921465519E-002 
  587.00  1.05488368976722029E-002 
  588.00  1.05334195102372834E-002 
  589.00  1.05180484129240130E-002 
  590.00  1.05027233901700042E-002 
  591.00  1.04874442278378478E-002 
  592.00  1.04722107131561201E-002 
  593.00  1.04570226347239295E-002 
  594.00  1.04418797824844065E-002 
  595.00  1.04267819477578579E-002 
  596.00  1.04117289231490905E-002 
  597.00  1.03967205026381203E-002 
  598.00  1.03817564814648287E-002 
  599.00  1.03668366562288915E-002 
  600.00  1.03519608247603177E-002 
  601.00  1.03371287862073277E-002 
  602.00  1.03223403409685825E-002 
  603.00  1.03075952907074487E-002 
  604.00  1.02928934383533146E-002 
  605.00  1.02782345880436006E-002 
  606.00  1.02636185451383047E-002 
