  2.0000  0.99999999999998013      
  3.0000   1.0000000000000000      
  4.0000  0.99999999999999711      
  5.0000  0.99999999999813860      
  6.0000  0.99999999985594845      
  7.0000  0.99999999678199170      
  8.0000  0.99999996693426108      
  9.0000  0.99999979755284030      
  10.000  0.99999913733412560      
  11.000  0.99999717575572922      
  12.000  0.99999241215617596      
  13.000  0.99998248872416495      
  14.000  0.99996413509973103      
  15.000  0.99993323164095282      
  16.000  0.99988496677340888      
  17.000  0.99981404960679821      
  18.000  0.99971493947842216      
  19.000  0.99958206273408368      
  20.000  0.99940999811054176      
  21.000  0.99919362202933759      
  22.000  0.99892821249142116      
  23.000  0.99860951492067684      
  24.000  0.99823377571588634      
  25.000  0.99779775008369209      
  26.000  0.99729869053876941      
  27.000  0.99673432173283560      
  28.000  0.99610280632725678      
  29.000  0.99540270564971411      
  30.000  0.99463293798057784      
  31.000  0.99379273654755329      
  32.000  0.99288160868085351      
  33.000  0.99189929708733016      
  34.000  0.99084574382735724      
  35.000  0.98972105729880044      
  36.000  0.98852548233335824      
  37.000  0.98725937337181457      
  38.000  0.98592317059289081      
  39.000  0.98451737881327850      
  40.000  0.98304254894464482      
  41.000  0.98149926177956215      
  42.000  0.97988811387728614      
  43.000  0.97820970532640850      
  44.000  0.97646462917495214      
  45.000  0.97465346233233086      
  46.000  0.97277675776500439      
  47.000  0.97083503782437186      
  48.000  0.96882878856207455      
  49.000  0.96675845490359136      
  50.000  0.96462443656586883      
  51.000  0.96242708461734927      
  52.000  0.96016669859196280      
  53.000  0.95784352407821860      
  54.000  0.95545775071466055      
  55.000  0.95300951053100602      
  56.000  0.95049887658171583      
  57.000  0.94792586182442962      
  58.000  0.94529041820196569      
  59.000  0.94259243589028596      
  60.000  0.93983174267922698      
  61.000  0.93700810345606200      
  62.000  0.93412121976432316      
  63.000  0.93117072941332368      
  64.000  0.92815620611502292      
  65.000  0.92507715912695532      
  66.000  0.92193303288071671      
  67.000  0.91872320657705997      
  68.000  0.91544699372883653      
  69.000  0.91210364163398627      
  70.000  0.90869233076064515      
  71.000  0.90521217402716747      
  72.000  0.90166221595939733      
  73.000  0.89804143170734729      
  74.000  0.89434872590348535      
  75.000  0.89058293134400002      
  76.000  0.88674280747366852      
  77.000  0.88282703865474410      
  78.000  0.87883423219846468      
  79.000  0.87476291613759494      
  80.000  0.87061153671626079      
  81.000  0.86637845557279047      
  82.000  0.86206194658886659      
  83.000  0.85766019237750135      
  84.000  0.85317128037962298      
  85.000  0.84859319853821913      
  86.000  0.84392383051615916      
  87.000  0.83916095042265904      
  88.000  0.83430221701166263      
  89.000  0.82934516731358487      
  90.000  0.82428720966166757      
  91.000  0.81912561607369949      
  92.000  0.81385751395105355      
  93.000  0.80847987705932900      
  94.000  0.80298951575995647      
  95.000  0.79738306646891943      
  96.000  0.79165698033000653      
  97.000  0.78580751110606473      
  98.000  0.77983070231247353      
  99.000  0.77372237364604790      
  100.00  0.76747810679946127      
  101.00  0.76109323079667823      
  102.00  0.75456280704205825      
  103.00  0.74788161433870826      
  104.00  0.74104413420310289      
  105.00  0.73404453687236804      
  106.00  0.72687666845632581      
  107.00  0.71953403971216046      
  108.00  0.71200981688230525      
  109.00  0.70429681489871276      
  110.00  0.69638749296736424      
  111.00  0.68827395204764852      
  112.00  0.67994793298452993      
  113.00  0.67140081300558163      
  114.00  0.66262359699136764      
  115.00  0.65360689847950781      
  116.00  0.64434090398291177      
  117.00  0.63481531320565932      
  118.00  0.62501924746552817      
  119.00  0.61494111931586715      
  120.00  0.60456845800258241      
  121.00  0.59388768762568245      
  122.00  0.58288385697393519      
  123.00  0.57154032107263608      
  124.00  0.55983837368713696      
  125.00  0.54775682687876448      
  126.00  0.53527152809124090      
  127.00  0.52235479732191137      
  128.00  0.50897475672930292      
  129.00  0.49509451219332645      
  130.00  0.48067112962527253      
  131.00  0.46565432589788269      
  132.00  0.44998476103827378      
  133.00  0.43359176823124851      
  134.00  0.41639028024007513      
  135.00  0.39827658685343470      
  136.00  0.37912235647260478      
  137.00  0.35876602259618695      
  138.00  0.33700008474179710      
  139.00  0.31355198277009610      
  140.00  0.28805494594921965      
  141.00  0.26000454692019226      
  142.00  0.22870402287347530      
  143.00  0.19326510720923540      
  144.00  0.15314925992077688      
  145.00  0.11146394335060228      
  146.00  7.90847259821600285E-002 
  147.00  6.04048179835142696E-002 
  148.00  4.99208921502769867E-002 
  149.00  4.34907153656898318E-002 
  150.00  3.91980029370722488E-002 
  151.00  3.61412068398302283E-002 
  152.00  3.38564690626883130E-002 
  153.00  3.20841586860831501E-002 
  154.00  3.06685399324697697E-002 
  155.00  2.95108290990086022E-002 
  156.00  2.85454552484155355E-002 
  157.00  2.77272336262337285E-002 
  158.00  2.70240386268847388E-002 
  159.00  2.64124170110998160E-002 
  160.00  2.58748543977905601E-002 
  161.00  2.53980124477597644E-002 
  162.00  2.49715577208302446E-002 
  163.00  2.45873630936205602E-002 
  164.00  2.42389506150654591E-002 
  165.00  2.39210948081261324E-002 
  166.00  2.36295350360908492E-002 
  167.00  2.33607635213631919E-002 
  168.00  2.31118668013132467E-002 
  169.00  2.28804055519299526E-002 
  170.00  2.26643223705849071E-002 
  171.00  2.24618702393731239E-002 
  172.00  2.22715564370118795E-002 
  173.00  2.20920981666660569E-002 
  174.00  2.19223871232046182E-002 
  175.00  2.17614609946648919E-002 
  176.00  2.16084803439670174E-002 
  177.00  2.14627097382867511E-002 
  178.00  2.13235022385260577E-002 
  179.00  2.11902865724170886E-002 
  180.00  2.10625564716968444E-002 
  181.00  2.09398617446670751E-002 
  182.00  2.08218007876210982E-002 
  183.00  2.07080142451090653E-002 
  184.00  2.05981796459808533E-002 
  185.00  2.04920068224560686E-002 
  186.00  2.03892339961853318E-002 
  187.00  2.02896244165576729E-002 
  188.00  2.01929634585434614E-002 
  189.00  2.00990561214505134E-002 
  190.00  2.00077248479858354E-002 
  191.00  1.99188076347888085E-002 
  192.00  1.98321563721902717E-002 
  193.00  1.97476353989769343E-002 
  194.00  1.96651202288505092E-002 
  195.00  1.95844964296612370E-002 
  196.00  1.95056586330005569E-002 
  197.00  1.94285096623985146E-002 
  198.00  1.93529597507893780E-002 
  199.00  1.92789258525158033E-002 
  200.00  1.92063310308635965E-002 
  201.00  1.91351039019083055E-002 
  202.00  1.90651781500678595E-002 
  203.00  1.89964920812805346E-002 
  204.00  1.89289882293688164E-002 
  205.00  1.88626130029557817E-002 
  206.00  1.87973163577557882E-002 
  207.00  1.87330515141017930E-002 
  208.00  1.86697746874289680E-002 
  209.00  1.86074448573162153E-002 
  210.00  1.85460235488675677E-002 
  211.00  1.84854746351992144E-002 
  212.00  1.84257641645707397E-002 
  213.00  1.83668601919653937E-002 
  214.00  1.83087326366568257E-002 
  215.00  1.82513531443418628E-002 
  216.00  1.81946949615392206E-002 
  217.00  1.81387328274262433E-002 
  218.00  1.80834428638229211E-002 
  219.00  1.80288024854847219E-002 
  220.00  1.79747903098428537E-002 
  221.00  1.79213860741857210E-002 
  222.00  1.78685705661495754E-002 
  223.00  1.78163255519838033E-002 
  224.00  1.77646337147176828E-002 
  225.00  1.77134785932911779E-002 
  226.00  1.76628445324947848E-002 
  227.00  1.76127166309323173E-002 
  228.00  1.75630806925605315E-002 
  229.00  1.75139231880690749E-002 
  230.00  1.74652312120321153E-002 
  231.00  1.74169924472840805E-002 
  232.00  1.73691951277697917E-002 
  233.00  1.73218280106491353E-002 
  234.00  1.72748803435412539E-002 
  235.00  1.72283418381970303E-002 
  236.00  1.71822026416630809E-002 
  237.00  1.71364533164073338E-002 
  238.00  1.70910848146709274E-002 
  239.00  1.70460884581063524E-002 
  240.00  1.70014559185831249E-002 
  241.00  1.69571791970983335E-002 
  242.00  1.69132506103407756E-002 
  243.00  1.68696627717136935E-002 
  244.00  1.68264085767495866E-002 
  245.00  1.67834811893969142E-002 
  246.00  1.67408740260048053E-002 
  247.00  1.66985807466025794E-002 
  248.00  1.66565952402754659E-002 
  249.00  1.66149116146827661E-002 
  250.00  1.65735241855197307E-002 
  251.00  1.65324274671399540E-002 
  252.00  1.64916161607695858E-002 
  253.00  1.64510851494545848E-002 
  254.00  1.64108294870944534E-002 
  255.00  1.63708443912902492E-002 
  256.00  1.63311252358910204E-002 
  257.00  1.62916675439548839E-002 
  258.00  1.62524669816489012E-002 
  259.00  1.62135193497386990E-002 
  260.00  1.61748205810658373E-002 
  261.00  1.61363667325896687E-002 
  262.00  1.60981539805903802E-002 
  263.00  1.60601786156457128E-002 
  264.00  1.60224370378570166E-002 
  265.00  1.59849257527881726E-002 
  266.00  1.59476413648837086E-002 
  267.00  1.59105805768992650E-002 
  268.00  1.58737401835553835E-002 
  269.00  1.58371170684728467E-002 
  270.00  1.58007082006520680E-002 
  271.00  1.57645106310789068E-002 
  272.00  1.57285214895851386E-002 
  273.00  1.56927379817750692E-002 
  274.00  1.56571573866372202E-002 
  275.00  1.56217770516949434E-002 
  276.00  1.55865943936021982E-002 
  277.00  1.55516068934641698E-002 
  278.00  1.55168120949353196E-002 
  279.00  1.54822076020246554E-002 
  280.00  1.54477910768272050E-002 
  281.00  1.54135602375251365E-002 
  282.00  1.53795128563521295E-002 
  283.00  1.53456467576880938E-002 
  284.00  1.53119598167696189E-002 
  285.00  1.52784499558861198E-002 
  286.00  1.52451151458555170E-002 
  287.00  1.52119534023200075E-002 
  288.00  1.51789627847188861E-002 
  289.00  1.51461413949001509E-002 
  290.00  1.51134873756464429E-002 
  291.00  1.50809989093758454E-002 
  292.00  1.50486742168913223E-002 
  293.00  1.50165115560896654E-002 
  294.00  1.49845092207900182E-002 
  295.00  1.49526655396260474E-002 
  296.00  1.49209788754274993E-002 
  297.00  1.48894476222388612E-002 
  298.00  1.48580702072586331E-002 
  299.00  1.48268450878807131E-002 
  300.00  1.47957707512851779E-002 
  301.00  1.47648457135304140E-002 
  302.00  1.47340685187176499E-002 
  303.00  1.47034377381356166E-002 
  304.00  1.46729519695479732E-002 
  305.00  1.46426098363074512E-002 
  306.00  1.46124099867438514E-002 
  307.00  1.45823510933626218E-002 
  308.00  1.45524318522320031E-002 
  309.00  1.45226509827484189E-002 
  310.00  1.44930072251636642E-002 
  311.00  1.44634993427848798E-002 
  312.00  1.44341261195069757E-002 
  313.00  1.44048863597069556E-002 
  314.00  1.43757788876837465E-002 
  315.00  1.43468025471646908E-002 
  316.00  1.43179562007864029E-002 
  317.00  1.42892387296247002E-002 
  318.00  1.42606490326315002E-002 
  319.00  1.42321860263164516E-002 
  320.00  1.42038486441601851E-002 
  321.00  1.41756358363070122E-002 
  322.00  1.41475465690828750E-002 
  323.00  1.41195798245989518E-002 
  324.00  1.40917346004184787E-002 
  325.00  1.40640099091015516E-002 
  326.00  1.40364047783552021E-002 
  327.00  1.40089182488580179E-002 
  328.00  1.39815493766859787E-002 
  329.00  1.39542972310158862E-002 
  330.00  1.39271608944770732E-002 
  331.00  1.39001394626683504E-002 
  332.00  1.38732320439546308E-002 
  333.00  1.38464377591435758E-002 
  334.00  1.38197557412052304E-002 
  335.00  1.37931851350310639E-002 
  336.00  1.37667250971287188E-002 
  337.00  1.37403747953933012E-002 
  338.00  1.37141334088597168E-002 
  339.00  1.36880001274130633E-002 
  340.00  1.36619741516775077E-002 
  341.00  1.36360546926437929E-002 
  342.00  1.36102409715435739E-002 
  343.00  1.35845322196136049E-002 
  344.00  1.35589276778555704E-002 
  345.00  1.35334265969293266E-002 
  346.00  1.35080282372176085E-002 
  347.00  1.34827318671187392E-002 
  348.00  1.34575367653076601E-002 
  349.00  1.34324422188701140E-002 
  350.00  1.34074475235594816E-002 
  351.00  1.33825519836251183E-002 
  352.00  1.33577549116764699E-002 
  353.00  1.33330556284591527E-002 
  354.00  1.33084534627404653E-002 
  355.00  1.32839477511761082E-002 
  356.00  1.32595378381275587E-002 
  357.00  1.32352230755463287E-002 
  358.00  1.32110028227406338E-002 
  359.00  1.31868764464244028E-002 
  360.00  1.31628433203877342E-002 
  361.00  1.31389028254980163E-002 
  362.00  1.31150543495118788E-002 
  363.00  1.30912972869764218E-002 
  364.00  1.30676310390725001E-002 
  365.00  1.30440550135770550E-002 
  366.00  1.30205686246482131E-002 
  367.00  1.29971712927976595E-002 
  368.00  1.29738624447439613E-002 
  369.00  1.29506415132731537E-002 
  370.00  1.29275079372173536E-002 
  371.00  1.29044611616630604E-002 
  372.00  1.28815006363747261E-002 
  373.00  1.28586258179534674E-002 
  374.00  1.28358361682209023E-002 
  375.00  1.28131311545488843E-002 
  376.00  1.27905102497207820E-002 
  377.00  1.27679729318505748E-002 
  378.00  1.27455186843185575E-002 
  379.00  1.27231469956938341E-002 
  380.00  1.27008573596136456E-002 
  381.00  1.26786492747477889E-002 
  382.00  1.26565222446794381E-002 
  383.00  1.26344757778634638E-002 
  384.00  1.26125093875249818E-002 
  385.00  1.25906225916270990E-002 
  386.00  1.25688149127447142E-002 
  387.00  1.25470858780139440E-002 
  388.00  1.25254350191060064E-002 
  389.00  1.25038618720679836E-002 
  390.00  1.24823659773942199E-002 
  391.00  1.24609468798433758E-002 
  392.00  1.24396041283697419E-002 
  393.00  1.24183372761853695E-002 
  394.00  1.23971458805810751E-002 
  395.00  1.23760295029304475E-002 
  396.00  1.23549877085783241E-002 
  397.00  1.23340200668364697E-002 
  398.00  1.23131261508947817E-002 
  399.00  1.22923055378103153E-002 
  400.00  1.22715578084127488E-002 
  401.00  1.22508825472228168E-002 
  402.00  1.22302793428801758E-002 
  403.00  1.22097477864810695E-002 
  404.00  1.21892874738785111E-002 
  405.00  1.21688980040219885E-002 
  406.00  1.21485789794159912E-002 
  407.00  1.21283300059513745E-002 
  408.00  1.21081506929248718E-002 
  409.00  1.20880406530174365E-002 
  410.00  1.20679995021658205E-002 
  411.00  1.20480268596149416E-002 
  412.00  1.20281223478287732E-002 
  413.00  1.20082855924070787E-002 
  414.00  1.19885162221317967E-002 
  415.00  1.19688138688744134E-002 
  416.00  1.19491781675688125E-002 
  417.00  1.19296087561598149E-002 
  418.00  1.19101052755976756E-002 
  419.00  1.18906673697735579E-002 
  420.00  1.18712946854868020E-002 
  421.00  1.18519868723847843E-002 
  422.00  1.18327435830467356E-002 
  423.00  1.18135644727424098E-002 
  424.00  1.17944491996108923E-002 
  425.00  1.17753974244691369E-002 
  426.00  1.17564088108602725E-002 
  427.00  1.17374830250065888E-002 
  428.00  1.17186197357878417E-002 
  429.00  1.16998186146693127E-002 
  430.00  1.16810793356967486E-002 
  431.00  1.16624015755153188E-002 
  432.00  1.16437850132012580E-002 
  433.00  1.16252293304337003E-002 
  434.00  1.16067342112793417E-002 
  435.00  1.15882993422676116E-002 
  436.00  1.15699244123198038E-002 
  437.00  1.15516091127822983E-002 
  438.00  1.15333531372996314E-002 
  439.00  1.15151561819183713E-002 
  440.00  1.14970179448944578E-002 
  441.00  1.14789381268154706E-002 
  442.00  1.14609164305356295E-002 
  443.00  1.14429525610938981E-002 
  444.00  1.14250462261296128E-002 
  445.00  1.14071971343806707E-002 
  446.00  1.13894049977794742E-002 
  447.00  1.13716695300761610E-002 
  448.00  1.13539904471390320E-002 
  449.00  1.13363674668327981E-002 
  450.00  1.13188003092289432E-002 
  451.00  1.13012886962895916E-002 
  452.00  1.12838323521381404E-002 
  453.00  1.12664310027884729E-002 
  454.00  1.12490843763260132E-002 
  455.00  1.12317922027186969E-002 
  456.00  1.12145542139069944E-002 
  457.00  1.11973701437510960E-002 
  458.00  1.11802397280101017E-002 
  459.00  1.11631627043462418E-002 
  460.00  1.11461388122021231E-002 
  461.00  1.11291677929575960E-002 
  462.00  1.11122493897777876E-002 
  463.00  1.10953833476141010E-002 
  464.00  1.10785694132283664E-002 
  465.00  1.10618073351354072E-002 
  466.00  1.10450968636093220E-002 
  467.00  1.10284377506912178E-002 
  468.00  1.10118297500846722E-002 
  469.00  1.09952726172177530E-002 
  470.00  1.09787661092072483E-002 
  471.00  1.09623099848195037E-002 
  472.00  1.09459040045182567E-002 
  473.00  1.09295479303318632E-002 
  474.00  1.09132415259703911E-002 
  475.00  1.08969845567082162E-002 
  476.00  1.08807767894355881E-002 
  477.00  1.08646179926052706E-002 
  478.00  1.08485079362285013E-002 
  479.00  1.08324463918634956E-002 
  480.00  1.08164331325945797E-002 
  481.00  1.08004679330097053E-002 
  482.00  1.07845505692175173E-002 
  483.00  1.07686808188168486E-002 
  484.00  1.07528584608681602E-002 
  485.00  1.07370832758663954E-002 
  486.00  1.07213550458346643E-002 
  487.00  1.07056735541383348E-002 
  488.00  1.06900385856216352E-002 
  489.00  1.06744499264700941E-002 
  490.00  1.06589073643443295E-002 
  491.00  1.06434106882709063E-002 
  492.00  1.06279596885734372E-002 
  493.00  1.06125541570082048E-002 
  494.00  1.05971938866666216E-002 
  495.00  1.05818786719254869E-002 
  496.00  1.05666083085484280E-002 
  497.00  1.05513825935543530E-002 
  498.00  1.05362013253048094E-002 
  499.00  1.05210643033882729E-002 
  500.00  1.05059713287424597E-002 
  501.00  1.04909222037972913E-002 
  502.00  1.04759167314003501E-002 
  503.00  1.04609547164708321E-002 
  504.00  1.04460359649446877E-002 
  505.00  1.04311602839062025E-002 
  506.00  1.04163274816987689E-002 
  507.00  1.04015373678095768E-002 
  508.00  1.03867897529584564E-002 
  509.00  1.03720844490625685E-002 
  510.00  1.03574212691297188E-002 
  511.00  1.03428000274382696E-002 
  512.00  1.03282205393044110E-002 
  513.00  1.03136826212731451E-002 
  514.00  1.02991860909763654E-002 
  515.00  1.02847307671262867E-002 
  516.00  1.02703164696486115E-002 
  517.00  1.02559430195102129E-002 
  518.00  1.02416102387535395E-002 
  519.00  1.02273179505238399E-002 
  520.00  1.02130659790776075E-002 
  521.00  1.01988541496824941E-002 
  522.00  1.01846822886912779E-002 
  523.00  1.01705502235046458E-002 
  524.00  1.01564577825632961E-002 
  525.00  1.01424047953400098E-002 
  526.00  1.01283910923088399E-002 
  527.00  1.01144165049999700E-002 
  528.00  1.01004808659182922E-002 
  529.00  1.00865840085635466E-002 
  530.00  1.00727257674897014E-002 
  531.00  1.00589059781091943E-002 
  532.00  1.00451244769554845E-002 
  533.00  1.00313811014068645E-002 
  534.00  1.00176756898979792E-002 
  535.00  1.00040080817450014E-002 
  536.00  9.99037811723562166E-003 
  537.00  9.97678563758128134E-003 
  538.00  9.96323048497918008E-003 
  539.00  9.94971250245619762E-003 
  540.00  9.93623153402787423E-003 
  541.00  9.92278742459406192E-003 
  542.00  9.90938001993631537E-003 
  543.00  9.89600916675976300E-003 
  544.00  9.88267471264224831E-003 
  545.00  9.86937650604244321E-003 
  546.00  9.85611439632752724E-003 
  547.00  9.84288823364009094E-003 
  548.00  9.82969786908458043E-003 
  549.00  9.81654315456182217E-003 
  550.00  9.80342394284450767E-003 
  551.00  9.79034008751201654E-003 
  552.00  9.77729144300993475E-003 
  553.00  9.76427786462992844E-003 
  554.00  9.75129920841494129E-003 
  555.00  9.73835533127819127E-003 
  556.00  9.72544609096507098E-003 
  557.00  9.71257134593324009E-003 
  558.00  9.69973095554611288E-003 
  559.00  9.68692477987585614E-003 
  560.00  9.67415267980879789E-003 
  561.00  9.66141451703036482E-003 
  562.00  9.64871015397450807E-003 
  563.00  9.63603945383917013E-003 
  564.00  9.62340228059410142E-003 
  565.00  9.61079849899456468E-003 
  566.00  9.59822797448994965E-003 
  567.00  9.58569057332656418E-003 
  568.00  9.57318616244619801E-003 
  569.00  9.56071460956346014E-003 
  570.00  9.54827578311078298E-003 
  571.00  9.53586955224179633E-003 
  572.00  9.52349578680729628E-003 
  573.00  9.51115435743110464E-003 
  574.00  9.49884513537425403E-003 
  575.00  9.48656799266880263E-003 
  576.00  9.47432280196543707E-003 
  577.00  9.46210943669760149E-003 
  578.00  9.44992777090710584E-003 
  579.00  9.43777767939563139E-003 
  580.00  9.42565903755985743E-003 
  581.00  9.41357172182032999E-003 
  582.00  9.40151560839467410E-003 
  583.00  9.38949057501693024E-003 
  584.00  9.37749649978083556E-003 
  585.00  9.36553326145851510E-003 
  586.00  9.35360073948568287E-003 
  587.00  9.34169881387382495E-003 
  588.00  9.32982736534442372E-003 
  589.00  9.31798627523549271E-003 
  590.00  9.30617542552141484E-003 
  591.00  9.29439469877955601E-003 
  592.00  9.28264397825371776E-003 
  593.00  9.27092314776755723E-003 
  594.00  9.25923209179395357E-003 
  595.00  9.24757069535320046E-003 
  596.00  9.23593884416860737E-003 
  597.00  9.22433642449733276E-003 
  598.00  9.21276332317094715E-003 
  599.00  9.20121942773042059E-003 
  600.00  9.18970462616524632E-003 
  601.00  9.17821880716120954E-003 
  602.00  9.16676185989523037E-003 
  603.00  9.15533367423540176E-003 
  604.00  9.14393414048607009E-003 
  605.00  9.13256314965519254E-003 
  606.00  9.12122059321617516E-003 
