  2.0000 -0.99999999999998779      
  3.0000  -1.0000000000000000      
  4.0000 -0.99999999999999978      
  5.0000 -0.99999999999986566      
  6.0000 -0.99999999998389444      
  7.0000 -0.99999999950753671      
  8.0000 -0.99999999358821834      
  9.0000 -0.99999995271498299      
  10.000 -0.99999976559148729      
  11.000 -0.99999912901084687      
  12.000 -0.99999739199166926      
  13.000 -0.99999338405294491      
  14.000 -0.99998526543238986      
  15.000 -0.99997042943402570      
  16.000 -0.99994547176436854      
  17.000 -0.99990622652449113      
  18.000 -0.99984785770819595      
  19.000 -0.99976498955559168      
  20.000 -0.99965185803660395      
  21.000 -0.99950246759229910      
  22.000 -0.99931074062715319      
  23.000 -0.99907065104891346      
  24.000 -0.99877633671611066      
  25.000 -0.99842218861664755      
  26.000 -0.99800291683956632      
  27.000 -0.99751359493561842      
  28.000 -0.99694968518811433      
  29.000 -0.99630704776163204      
  30.000 -0.99558193679169471      
  31.000 -0.99477098633770455      
  32.000 -0.99387118883875503      
  33.000 -0.99287986835243025      
  34.000 -0.99179465048305482      
  35.000 -0.99061343053299455      
  36.000 -0.98933434107653484      
  37.000 -0.98795571985933539      
  38.000 -0.98647607867611453      
  39.000 -0.98489407367320059      
  40.000 -0.98320847735779360      
  41.000 -0.98141815246727560      
  42.000 -0.97952202775669994      
  43.000 -0.97751907568706164      
  44.000 -0.97540829195544576      
  45.000 -0.97318867676821486      
  46.000 -0.97085921774373118      
  47.000 -0.96841887432059082      
  48.000 -0.96586656354584233      
  49.000 -0.96320114712078531      
  50.000 -0.96042141959116889      
  51.000 -0.95752609757100404      
  52.000 -0.95451380990982604      
  53.000 -0.95138308871320698      
  54.000 -0.94813236114214183      
  55.000 -0.94475994192368318      
  56.000 -0.94126402651619312      
  57.000 -0.93764268487183122      
  58.000 -0.93389385575682771      
  59.000 -0.93001534158281507      
  60.000 -0.92600480371228699      
  61.000 -0.92185975820460198      
  62.000 -0.91757757196215317      
  63.000 -0.91315545925140229      
  64.000 -0.90859047856024877      
  65.000 -0.90387952976465635      
  66.000 -0.89901935156620261      
  67.000 -0.89400651917791341      
  68.000 -0.88883744222220540      
  69.000 -0.88350836281866629      
  70.000 -0.87801535382757001      
  71.000 -0.87235431723685619      
  72.000 -0.86652098267178146      
  73.000 -0.86051090601045355      
  74.000 -0.85431946811182247      
  75.000 -0.84794187366004325      
  76.000 -0.84137315013643033      
  77.000 -0.83460814696996743      
  78.000 -0.82764153490057202      
  79.000 -0.82046780564905664      
  80.000 -0.81308127197836222      
  81.000 -0.80547606829893414      
  82.000 -0.79764615197473099      
  83.000 -0.78958530557038453      
  84.000 -0.78128714029883373      
  85.000 -0.77274510103791061      
  86.000 -0.76395247332914851      
  87.000 -0.75490239289783867      
  88.000 -0.74558785835190255      
  89.000 -0.73600174784226990      
  90.000 -0.72613684066670925      
  91.000 -0.71598584499080919      
  92.000 -0.70554143311395801      
  93.000 -0.69479628599499943      
  94.000 -0.68374314911285516      
  95.000 -0.67237490211602480      
  96.000 -0.66068464518410652      
  97.000 -0.64866580555378728      
  98.000 -0.63631226820250864      
  99.000 -0.62361853529190614      
  100.00 -0.61057991955906676      
  101.00 -0.59719277733182330      
  102.00 -0.58345478722401489      
  103.00 -0.56936528052466850      
  104.00 -0.55492562879190188      
  105.00 -0.54013969276671092      
  106.00 -0.52501433405137354      
  107.00 -0.50955998664776969      
  108.00 -0.49379127876952761      
  109.00 -0.47772768590963832      
  110.00 -0.46139418364632012      
  111.00 -0.44482185326754975      
  112.00 -0.42804837613671542      
  113.00 -0.41111833600946079      
  114.00 -0.39408323624474911      
  115.00 -0.37700113642091881      
  116.00 -0.35993582620978987      
  117.00 -0.34295548845171370      
  118.00 -0.32613085932620256      
  119.00 -0.30953296593109431      
  120.00 -0.29323059782140437      
  121.00 -0.27728773072642982      
  122.00 -0.26176114916525572      
  123.00 -0.24669849861340248      
  124.00 -0.23213693789984363      
  125.00 -0.21810247287516565      
  126.00 -0.20460995499769666      
  127.00 -0.19166364565036734      
  128.00 -0.17925819315150063      
  129.00 -0.16737984900057962      
  130.00 -0.15600775741501691      
  131.00 -0.14511517748738414      
  132.00 -0.13467052858763107      
  133.00 -0.12463817745434443      
  134.00 -0.11497890250342506      
  135.00 -0.10564997227575060      
  136.00 -9.66047553021415345E-002 
  137.00 -8.77917307708743766E-002 
  138.00 -7.91526809919059632E-002 
  139.00 -7.06197030094916356E-002 
  140.00 -6.21104890774834897E-002 
  141.00 -5.35213147100139577E-002 
  142.00 -4.47188513074558217E-002 
  143.00 -3.55447138679576419E-002 
  144.00 -2.59268994052412674E-002 
  145.00 -1.65075958472293872E-002 
  146.00 -9.32954789540668336E-003 
  147.00 -5.03583227249113172E-003 
  148.00 -2.42763390257781653E-003 
  149.00 -6.58459087471375648E-004 
  150.00  6.58369227109717329E-004 
  151.00  1.70459048432034703E-003 
  152.00  2.57418140581068414E-003 
  153.00  3.32026010186705842E-003 
  154.00  3.97514880893569920E-003 
  155.00  4.55974014325362387E-003 
  156.00  5.08823017018709446E-003 
  157.00  5.57067669607037592E-003 
  158.00  6.01446270061396608E-003 
  159.00  6.42517463563082626E-003 
  160.00  6.80715164178108834E-003 
  161.00  7.16384140202705032E-003 
  162.00  7.49803797424877967E-003 
  163.00  7.81204516267191597E-003 
  164.00  8.10779150618657317E-003 
  165.00  8.38691300500398612E-003 
  166.00  8.65081382391684126E-003 
  167.00  8.90071164154735209E-003 
  168.00  9.13767208829758572E-003 
  169.00  9.36263529468359633E-003 
  170.00  9.57643664418223080E-003 
  171.00  9.77982319879004691E-003 
  172.00  9.97346685963164566E-003 
  173.00  1.01579750220526198E-002 
  174.00  1.03338992952688585E-002 
  175.00  1.05017426994288982E-002 
  176.00  1.06619656635669868E-002 
  177.00  1.08149910616840029E-002 
  178.00  1.09612084744632136E-002 
  179.00  1.11009778210163570E-002 
  180.00  1.12346324729097145E-002 
  181.00  1.13624819442481925E-002 
  182.00  1.14848142227607364E-002 
  183.00  1.16018978075982469E-002 
  184.00  1.17139834925782688E-002 
  185.00  1.18213059397363224E-002 
  186.00  1.19240850701961797E-002 
  187.00  1.20225272995968246E-002 
  188.00  1.21168266410082125E-002 
  189.00  1.22071656892205442E-002 
  190.00  1.22937165071227567E-002 
  191.00  1.23766414213336406E-002 
  192.00  1.24560937436014145E-002 
  193.00  1.25322184216591602E-002 
  194.00  1.26051526312601220E-002 
  195.00  1.26750263149011423E-002 
  196.00  1.27419626734162125E-002 
  197.00  1.28060786140851094E-002 
  198.00  1.28674851637518069E-002 
  199.00  1.29262878457436833E-002 
  200.00  1.29825870262223995E-002 
  201.00  1.30364782358946274E-002 
  202.00  1.30880524630951761E-002 
  203.00  1.31373964281154554E-002 
  204.00  1.31845928349120685E-002 
  205.00  1.32297206039868557E-002 
  206.00  1.32728550913571493E-002 
  207.00  1.33140682878863294E-002 
  208.00  1.33534290091552269E-002 
  209.00  1.33910030680920913E-002 
  210.00  1.34268534388472058E-002 
  211.00  1.34610404094690442E-002 
  212.00  1.34936217222259014E-002 
  213.00  1.35246527086189360E-002 
  214.00  1.35541864118883283E-002 
  215.00  1.35822737045676236E-002 
  216.00  1.36089633983480507E-002 
  217.00  1.36343023452769937E-002 
  218.00  1.36583355360770150E-002 
  219.00  1.36811061889886322E-002 
  220.00  1.37026558361676119E-002 
  221.00  1.37230244045839882E-002 
  222.00  1.37422502903471657E-002 
  223.00  1.37603704311863480E-002 
  224.00  1.37774203733678630E-002 
  225.00  1.37934343362581171E-002 
  226.00  1.38084452711847265E-002 
  227.00  1.38224849188856632E-002 
  228.00  1.38355838642334524E-002 
  229.00  1.38477715855621717E-002 
  230.00  1.38590765039963374E-002 
  231.00  1.38695260287697106E-002 
  232.00  1.38791466014447449E-002 
  233.00  1.38879637356285699E-002 
  234.00  1.38960020570765876E-002 
  235.00  1.39032853403076202E-002 
  236.00  1.39098365447733324E-002 
  237.00  1.39156778468821438E-002 
  238.00  1.39208306729127380E-002 
  239.00  1.39253157291090342E-002 
  240.00  1.39291530302947386E-002 
  241.00  1.39323619282963138E-002 
  242.00  1.39349611366723219E-002 
  243.00  1.39369687567693218E-002 
  244.00  1.39384023011618757E-002 
  245.00  1.39392787161987473E-002 
  246.00  1.39396144046634411E-002 
  247.00  1.39394252449078250E-002 
  248.00  1.39387266116829337E-002 
  249.00  1.39375333947642146E-002 
  250.00  1.39358600169923966E-002 
  251.00  1.39337204512712705E-002 
  252.00  1.39311282380266879E-002 
  253.00  1.39280964995829488E-002 
  254.00  1.39246379561982665E-002 
  255.00  1.39207649403013892E-002 
  256.00  1.39164894104203910E-002 
  257.00  1.39118229642762638E-002 
  258.00  1.39067768514799690E-002 
  259.00  1.39013619865027936E-002 
  260.00  1.38955889589835093E-002 
  261.00  1.38894680459908191E-002 
  262.00  1.38830092223991095E-002 
  263.00  1.38762221712900539E-002 
  264.00  1.38691162938795656E-002 
  265.00  1.38617007186949744E-002 
  266.00  1.38539843118423329E-002 
  267.00  1.38459756841674050E-002 
  268.00  1.38376832007472104E-002 
  269.00  1.38291149887741303E-002 
  270.00  1.38202789453316759E-002 
  271.00  1.38111827448930882E-002 
  272.00  1.38018338465192812E-002 
  273.00  1.37922395008598878E-002 
  274.00  1.37824067565477746E-002 
  275.00  1.37723424675978059E-002 
  276.00  1.37620532981482975E-002 
  277.00  1.37515457294463041E-002 
  278.00  1.37408260652833424E-002 
  279.00  1.37299004375872752E-002 
  280.00  1.37187748116957883E-002 
  281.00  1.37074549916038953E-002 
  282.00  1.36959466247958354E-002 
  283.00  1.36842552071406338E-002 
  284.00  1.36723860871965502E-002 
  285.00  1.36603444716723813E-002 
  286.00  1.36481354281960676E-002 
  287.00  1.36357638905254298E-002 
  288.00  1.36232346622662988E-002 
  289.00  1.36105524207104089E-002 
  290.00  1.35977217205962789E-002 
  291.00  1.35847469977231176E-002 
  292.00  1.35716325724317584E-002 
  293.00  1.35583826528748088E-002 
  294.00  1.35450013384368767E-002 
  295.00  1.35314926227647452E-002 
  296.00  1.35178603965895820E-002 
  297.00  1.35041084515855007E-002 
  298.00  1.34902404818595251E-002 
  299.00  1.34762600875931206E-002 
  300.00  1.34621707774536907E-002 
  301.00  1.34479759712488288E-002 
  302.00  1.34336790022911330E-002 
  303.00  1.34192831199111372E-002 
  304.00  1.34047914917752552E-002 
  305.00  1.33902072060799772E-002 
  306.00  1.33755332737986402E-002 
  307.00  1.33607726307846258E-002 
  308.00  1.33459281398345363E-002 
  309.00  1.33310025923827295E-002 
  310.00  1.33159987114936876E-002 
  311.00  1.33009191521504533E-002 
  312.00  1.32857665041335171E-002 
  313.00  1.32705432934792228E-002 
  314.00  1.32552519842154357E-002 
  315.00  1.32398949799623598E-002 
  316.00  1.32244746255831859E-002 
  317.00  1.32089932087277769E-002 
  318.00  1.31934529612636273E-002 
  319.00  1.31778560608273275E-002 
  320.00  1.31622046322137781E-002 
  321.00  1.31465007487254291E-002 
  322.00  1.31307464334996706E-002 
  323.00  1.31149436608594301E-002 
  324.00  1.30990943575338969E-002 
  325.00  1.30832004038338827E-002 
  326.00  1.30672636346991500E-002 
  327.00  1.30512858417041883E-002 
  328.00  1.30352687728128407E-002 
  329.00  1.30192141343733244E-002 
  330.00  1.30031235919608468E-002 
  331.00  1.29869987713690516E-002 
  332.00  1.29708412596617161E-002 
  333.00  1.29546526061103066E-002 
  334.00  1.29384343231055774E-002 
  335.00  1.29221878870862863E-002 
  336.00  1.29059147394953912E-002 
  337.00  1.28896162875467672E-002 
  338.00  1.28732939051009691E-002 
  339.00  1.28569489334966931E-002 
  340.00  1.28405826823517789E-002 
  341.00  1.28241964302899299E-002 
  342.00  1.28077914257544254E-002 
  343.00  1.27913688876799461E-002 
  344.00  1.27749300062249792E-002 
  345.00  1.27584759434982101E-002 
  346.00  1.27420078339541328E-002 
  347.00  1.27255267860111737E-002 
  348.00  1.27090338813012071E-002 
  349.00  1.26925301761178690E-002 
  350.00  1.26760167019416194E-002 
  351.00  1.26594944659402884E-002 
  352.00  1.26429644515600285E-002 
  353.00  1.26264276190853446E-002 
  354.00  1.26098849061701546E-002 
  355.00  1.25933372284069874E-002 
  356.00  1.25767854797762015E-002 
  357.00  1.25602305332046700E-002 
  358.00  1.25436732410867287E-002 
  359.00  1.25271144356336010E-002 
  360.00  1.25105549294462458E-002 
  361.00  1.24939955159705882E-002 
  362.00  1.24774369698777803E-002 
  363.00  1.24608800475316493E-002 
  364.00  1.24443254874016009E-002 
  365.00  1.24277740104748197E-002 
  366.00  1.24112263206475823E-002 
  367.00  1.23946831051261128E-002 
  368.00  1.23781450348127396E-002 
  369.00  1.23616127646028612E-002 
  370.00  1.23450869338736172E-002 
  371.00  1.23285681664705282E-002 
  372.00  1.23120570721222088E-002 
  373.00  1.22955542452283344E-002 
  374.00  1.22790602662200005E-002 
  375.00  1.22625757015896418E-002 
  376.00  1.22461011042415500E-002 
  377.00  1.22296370138095835E-002 
  378.00  1.22131839568481709E-002 
  379.00  1.21967424472733555E-002 
  380.00  1.21803129864984545E-002 
  381.00  1.21638960638340704E-002 
  382.00  1.21474921566683183E-002 
  383.00  1.21311017307474296E-002 
  384.00  1.21147252404826145E-002 
  385.00  1.20983631291271872E-002 
  386.00  1.20820158290547482E-002 
  387.00  1.20656837620244425E-002 
  388.00  1.20493673393412271E-002 
  389.00  1.20330669621723629E-002 
  390.00  1.20167830216825790E-002 
  391.00  1.20005158993125114E-002 
  392.00  1.19842659669724145E-002 
  393.00  1.19680335872176975E-002 
  394.00  1.19518191135017972E-002 
  395.00  1.19356228903574352E-002 
  396.00  1.19194452535546502E-002 
  397.00  1.19032865303030123E-002 
  398.00  1.18871470395038280E-002 
  399.00  1.18710270918236556E-002 
  400.00  1.18549269899361591E-002 
  401.00  1.18388470286882042E-002 
  402.00  1.18227874949039732E-002 
  403.00  1.18067486688816208E-002 
  404.00  1.17907308225952152E-002 
  405.00  1.17747342211749068E-002 
  406.00  1.17587591227139195E-002 
  407.00  1.17428057783808427E-002 
  408.00  1.17268744326278988E-002 
  409.00  1.17109653233321599E-002 
  410.00  1.16950786818406337E-002 
  411.00  1.16792147332680906E-002 
  412.00  1.16633736964702334E-002 
  413.00  1.16475557842665185E-002 
  414.00  1.16317612035751750E-002 
  415.00  1.16159901554614350E-002 
  416.00  1.16002428353057969E-002 
  417.00  1.15845194330066823E-002 
  418.00  1.15688201329111739E-002 
  419.00  1.15531451140847424E-002 
  420.00  1.15374945503799887E-002 
  421.00  1.15218686105344574E-002 
  422.00  1.15062674582592350E-002 
  423.00  1.14906912523682816E-002 
  424.00  1.14751401469219104E-002 
  425.00  1.14596142912520745E-002 
  426.00  1.14441138300593742E-002 
  427.00  1.14286389036025726E-002 
  428.00  1.14131896477004512E-002 
  429.00  1.13977661938681127E-002 
  430.00  1.13823686693860816E-002 
  431.00  1.13669971973954492E-002 
  432.00  1.13516518969986012E-002 
  433.00  1.13363328833165026E-002 
  434.00  1.13210402675833263E-002 
  435.00  1.13057741572404630E-002 
  436.00  1.12905346560164665E-002 
  437.00  1.12753218639618704E-002 
  438.00  1.12601358775585511E-002 
  439.00  1.12449767898255091E-002 
  440.00  1.12298446903551109E-002 
  441.00  1.12147396653144715E-002 
  442.00  1.11996617976807752E-002 
  443.00  1.11846111671548825E-002 
  444.00  1.11695878500353736E-002 
  445.00  1.11545919203908210E-002 
  446.00  1.11396234483820984E-002 
  447.00  1.11246825015497795E-002 
  448.00  1.11097691445164130E-002 
  449.00  1.10948834390651001E-002 
  450.00  1.10800254441914200E-002 
  451.00  1.10651952162026876E-002 
  452.00  1.10503928087398312E-002 
  453.00  1.10356182728344552E-002 
  454.00  1.10208716569514635E-002 
  455.00  1.10061530070754074E-002 
  456.00  1.09914623667558241E-002 
  457.00  1.09767997771058976E-002 
  458.00  1.09621652769499693E-002 
  459.00  1.09475589027646612E-002 
  460.00  1.09329806888119867E-002 
  461.00  1.09184306671685598E-002 
  462.00  1.09039088676855089E-002 
  463.00  1.08894153181885826E-002 
  464.00  1.08749500443783530E-002 
  465.00  1.08605130699766551E-002 
  466.00  1.08461044166924432E-002 
  467.00  1.08317241043164626E-002 
  468.00  1.08173721507247942E-002 
  469.00  1.08030485719646727E-002 
  470.00  1.07887533822519054E-002 
  471.00  1.07744865940016289E-002 
  472.00  1.07602482179370764E-002 
  473.00  1.07460382630337522E-002 
  474.00  1.07318567365969463E-002 
  475.00  1.07177036443392350E-002 
  476.00  1.07035789903407903E-002 
  477.00  1.06894827771084402E-002 
  478.00  1.06754150056772301E-002 
  479.00  1.06613756754997645E-002 
  480.00  1.06473647846563307E-002 
  481.00  1.06333823297032060E-002 
  482.00  1.06194283058503348E-002 
  483.00  1.06055027069045411E-002 
  484.00  1.05916055253714343E-002 
  485.00  1.05777367523736433E-002 
  486.00  1.05638963778321056E-002 
  487.00  1.05500843903245586E-002 
  488.00  1.05363007772531006E-002 
  489.00  1.05225455248121862E-002 
  490.00  1.05088186179769262E-002 
  491.00  1.04951200406186822E-002 
  492.00  1.04814497754765600E-002 
  493.00  1.04678078041315677E-002 
  494.00  1.04541941071779505E-002 
  495.00  1.04406086640923979E-002 
  496.00  1.04270514533393310E-002 
  497.00  1.04135224523714091E-002 
  498.00  1.04000216376547265E-002 
  499.00  1.03865489847109801E-002 
  500.00  1.03731044680944219E-002 
  501.00  1.03596880611615365E-002 
  502.00  1.03462997372907994E-002 
  503.00  1.03329394679928868E-002 
  504.00  1.03196072243367624E-002 
  505.00  1.03063029764616683E-002 
  506.00  1.02930266937216151E-002 
  507.00  1.02797783446842844E-002 
  508.00  1.02665578971245300E-002 
  509.00  1.02533653180265655E-002 
  510.00  1.02402005736770586E-002 
  511.00  1.02270636295919738E-002 
  512.00  1.02139544505909403E-002 
  513.00  1.02008730008008742E-002 
  514.00  1.01878192436845212E-002 
  515.00  1.01747931420118291E-002 
  516.00  1.01617946579310846E-002 
  517.00  1.01488237529211121E-002 
  518.00  1.01358803879141399E-002 
  519.00  1.01229645231943853E-002 
  520.00  1.01100761184439412E-002 
  521.00  1.00972151328238662E-002 
  522.00  1.00843815249091091E-002 
  523.00  1.00715752527206926E-002 
  524.00  1.00587962737788555E-002 
  525.00  1.00460445450620273E-002 
  526.00  1.00333200230623594E-002 
  527.00  1.00206226637572192E-002 
  528.00  1.00079524226956706E-002 
  529.00  9.99530925489526025E-003 
  530.00  9.98269311497238486E-003 
  531.00  9.97010395709463024E-003 
  532.00  9.95754173495243429E-003 
  533.00  9.94500640188127928E-003 
  534.00  9.93249791077068823E-003 
  535.00  9.92001621413568166E-003 
  536.00  9.90756126407533154E-003 
  537.00  9.89513301235348322E-003 
  538.00  9.88273141035614540E-003 
  539.00  9.87035640907700344E-003 
  540.00  9.85800795921704456E-003 
  541.00  9.84568601112248074E-003 
  542.00  9.83339051480640325E-003 
  543.00  9.82112141998454057E-003 
  544.00  9.80887867605611218E-003 
  545.00  9.79666223210419809E-003 
  546.00  9.78447203698818747E-003 
  547.00  9.77230803919190358E-003 
  548.00  9.76017018700854264E-003 
  549.00  9.74805842844470548E-003 
  550.00  9.73597271121285322E-003 
  551.00  9.72391298283717918E-003 
  552.00  9.71187919060157411E-003 
  553.00  9.69987128151356473E-003 
  554.00  9.68788920237522236E-003 
  555.00  9.67593289980717836E-003 
  556.00  9.66400232019240871E-003 
  557.00  9.65209740966821092E-003 
  558.00  9.64021811430224029E-003 
  559.00  9.62836437984188054E-003 
  560.00  9.61653615194002151E-003 
  561.00  9.60473337604372465E-003 
  562.00  9.59295599743329071E-003 
  563.00  9.58120396122532150E-003 
  564.00  9.56947721241974483E-003 
  565.00  9.55777569580517315E-003 
  566.00  9.54609935610403401E-003 
  567.00  9.53444813781604075E-003 
  568.00  9.52282198538802194E-003 
  569.00  9.51122084310847271E-003 
  570.00  9.49964465510698408E-003 
  571.00  9.48809336551670671E-003 
  572.00  9.47656691822279518E-003 
  573.00  9.46506525711550070E-003 
  574.00  9.45358832590265444E-003 
  575.00  9.44213606827704749E-003 
  576.00  9.43070842782303166E-003 
  577.00  9.41930534799395591E-003 
  578.00  9.40792677220778431E-003 
  579.00  9.39657264381722063E-003 
  580.00  9.38524290608144102E-003 
  581.00  9.37393750187832768E-003 
  582.00  9.36265637502633336E-003 
  583.00  9.35139946825360065E-003 
  584.00  9.34016672462773326E-003 
  585.00  9.32895808713983879E-003 
  586.00  9.31777349871208346E-003 
  587.00  9.30661290229248088E-003 
  588.00  9.29547624074509964E-003 
  589.00  9.28436345690393690E-003 
  590.00  9.27327449360179287E-003 
  591.00  9.26220929361959086E-003 
  592.00  9.25116779973981715E-003 
  593.00  9.24014995474378882E-003 
  594.00  9.22915570133346456E-003 
  595.00  9.21818498227661848E-003 
  596.00  9.20723774031456492E-003 
  597.00  9.19631391814045192E-003 
  598.00  9.18541345852355931E-003 
  599.00  9.17453630412534693E-003 
  600.00  9.16368239776317942E-003 
  601.00  9.15285168215956152E-003 
  602.00  9.14204410006706249E-003 
  603.00  9.13125959425427000E-003 
  604.00  9.12049810753472710E-003 
  605.00  9.10975958270256528E-003 
  606.00  9.09904396261885032E-003 
