  2.0000  -1.0000000000000000      
  3.0000  -1.0000000000000000      
  4.0000 -0.99999999999993572      
  5.0000 -0.99999999997673616      
  6.0000 -0.99999999881815982      
  7.0000 -0.99999998045592853      
  8.0000 -0.99999983974302431      
  9.0000 -0.99999917680199246      
  10.000 -0.99999695206482020      
  11.000 -0.99999110594625118      
  12.000 -0.99997829073234179      
  13.000 -0.99995380968680581      
  14.000 -0.99991177014610388      
  15.000 -0.99984539242402692      
  16.000 -0.99974739299185966      
  17.000 -0.99961036873628084      
  18.000 -0.99942713202920730      
  19.000 -0.99919097084327824      
  20.000 -0.99889582758632667      
  21.000 -0.99853640289885559      
  22.000 -0.99810819712937193      
  23.000 -0.99760750426412925      
  24.000 -0.99703137243856299      
  25.000 -0.99637754313040650      
  26.000 -0.99564437862801947      
  27.000 -0.99483078491139332      
  28.000 -0.99393613494375632      
  29.000 -0.99296019564163152      
  30.000 -0.99190306047103571      
  31.000 -0.99076508865685908      
  32.000 -0.98954685132589726      
  33.000 -0.98824908446487270      
  34.000 -0.98687264830439625      
  35.000 -0.98541849258999537      
  36.000 -0.98388762713411437      
  37.000 -0.98228109703109490      
  38.000 -0.98059996193870214      
  39.000 -0.97884527887179740      
  40.000 -0.97701808800544487      
  41.000 -0.97511940104001626      
  42.000 -0.97315019173551798      
  43.000 -0.97111138827390353      
  44.000 -0.96900386715540243      
  45.000 -0.96682844837692006      
  46.000 -0.96458589167806430      
  47.000 -0.96227689367236147      
  48.000 -0.95990208570924340      
  49.000 -0.95746203233609939      
  50.000 -0.95495723024988144      
  51.000 -0.95238810764479853      
  52.000 -0.94975502387694599      
  53.000 -0.94705826937882220      
  54.000 -0.94429806576646480      
  55.000 -0.94147456609068292      
  56.000 -0.93858785519043830      
  57.000 -0.93563795011238127      
  58.000 -0.93262480056525965      
  59.000 -0.92954828938180523      
  60.000 -0.92640823296403307      
  61.000 -0.92320438169021846      
  62.000 -0.91993642026438738      
  63.000 -0.91660396799039889      
  64.000 -0.91320657895434521      
  65.000 -0.90974374209967890      
  66.000 -0.90621488118056370      
  67.000 -0.90261935457910225      
  68.000 -0.89895645497232857      
  69.000 -0.89522540883506330      
  70.000 -0.89142537576432890      
  71.000 -0.88755544761051297      
  72.000 -0.88361464740012730      
  73.000 -0.87960192803395165      
  74.000 -0.87551617074315780      
  75.000 -0.87135618328525055      
  76.000 -0.86712069785941970      
  77.000 -0.86280836871995725      
  78.000 -0.85841776946359560      
  79.000 -0.85394738996521791      
  80.000 -0.84939563293313169      
  81.000 -0.84476081005289516      
  82.000 -0.84004113768565336      
  83.000 -0.83523473208345789      
  84.000 -0.83033960408108831      
  85.000 -0.82535365322057586      
  86.000 -0.82027466126089532      
  87.000 -0.81510028502285237      
  88.000 -0.80982804851643753      
  89.000 -0.80445533429662086      
  90.000 -0.79897937399375984      
  91.000 -0.79339723796743711      
  92.000 -0.78770582403882605      
  93.000 -0.78190184526837192      
  94.000 -0.77598181676401878      
  95.000 -0.76994204153548074      
  96.000 -0.76377859545228233      
  97.000 -0.75748731142734560      
  98.000 -0.75106376303466216      
  99.000 -0.74450324789145284      
  100.00 -0.73780077129674304      
  101.00 -0.73095103082994639      
  102.00 -0.72394840287978579      
  103.00 -0.71678693239570079      
  104.00 -0.70946032751516863      
  105.00 -0.70196196108451003      
  106.00 -0.69428488137062538      
  107.00 -0.68642183431812942      
  108.00 -0.67836529930543710      
  109.00 -0.67010753918455179      
  110.00 -0.66164066308023306      
  111.00 -0.65295669668032530      
  112.00 -0.64404764957464899      
  113.00 -0.63490556323664604      
  114.00 -0.62552251805706616      
  115.00 -0.61589057587666507      
  116.00 -0.60600163825378461      
  117.00 -0.59584721136566809      
  118.00 -0.58541808409925011      
  119.00 -0.57470394139823666      
  120.00 -0.56369294388980840      
  121.00 -0.55237130294372527      
  122.00 -0.54072286798500124      
  123.00 -0.52872872458489484      
  124.00 -0.51636678328635466      
  125.00 -0.50361132396696640      
  126.00 -0.49043244914783646      
  127.00 -0.47679538948553057      
  128.00 -0.46265959153618619      
  129.00 -0.44797749652313545      
  130.00 -0.43269288248127780      
  131.00 -0.41673858036556943      
  132.00 -0.40003326919729310      
  133.00 -0.38247687080772758      
  134.00 -0.36394372949575954      
  135.00 -0.34427211990407264      
  136.00 -0.32324731309401067      
  137.00 -0.30057251019878900      
  138.00 -0.27581472095226395      
  139.00 -0.24829196315157781      
  140.00 -0.21679511575400853      
  141.00 -0.17867472124790160      
  142.00 -0.12382223659360263      
  143.00  0.19326510713879713      
  144.00  0.15314925992045320      
  145.00  0.11146394335028245      
  146.00  7.90847259818380915E-002 
  147.00  6.04048179831949000E-002 
  148.00  4.99208921499714256E-002 
  149.00  4.34907153640940389E-002 
  150.00  3.91980029382336254E-002 
  151.00  3.61412068395670430E-002 
  152.00  3.38564690623977538E-002 
  153.00  3.20841586857634961E-002 
  154.00  3.06685399321670986E-002 
  155.00  2.95108290973423622E-002 
  156.00  2.85454552481421361E-002 
  157.00  2.77272336259619008E-002 
  158.00  2.70240386266090427E-002 
  159.00  2.64124170108064153E-002 
  160.00  2.58748543974955392E-002 
  161.00  2.53980124474917981E-002 
  162.00  2.49715577205601204E-002 
  163.00  2.45873630933629087E-002 
  164.00  2.42389506148169148E-002 
  165.00  2.39210948078755758E-002 
  166.00  2.36295350358172174E-002 
  167.00  2.33607635211039930E-002 
  168.00  2.31118668010728175E-002 
  169.00  2.28804055516709411E-002 
  170.00  2.26643223703299861E-002 
  171.00  2.24618702391095118E-002 
  172.00  2.22715564367926347E-002 
  173.00  2.20920981664044051E-002 
  174.00  2.19223871229878402E-002 
  175.00  2.17614609944320955E-002 
  176.00  2.16084803437569389E-002 
  177.00  2.14627097380606993E-002 
  178.00  2.13235022382864264E-002 
  179.00  2.11902865722067811E-002 
  180.00  2.10625564714634825E-002 
  181.00  2.09398617444706107E-002 
  182.00  2.08218007873792500E-002 
  183.00  2.07080142449050479E-002 
  184.00  2.05981796457804373E-002 
  185.00  2.04920068222751925E-002 
  186.00  2.03892339969465076E-002 
  187.00  2.02896244163149955E-002 
  188.00  2.01929634583199735E-002 
  189.00  2.00990561212141122E-002 
  190.00  2.00077248478156000E-002 
  191.00  1.99188076346187917E-002 
  192.00  1.98321563720002883E-002 
  193.00  1.97476353987785166E-002 
  194.00  1.96651202286439071E-002 
  195.00  1.95844964294288777E-002 
  196.00  1.95056586328304638E-002 
  197.00  1.94285096622063905E-002 
  198.00  1.93529597505752229E-002 
  199.00  1.92789258523617217E-002 
  200.00  1.92063310306599573E-002 
  201.00  1.91351039017644865E-002 
  202.00  1.90651781498793124E-002 
  203.00  1.89964920810554543E-002 
  204.00  1.89289882292020713E-002 
  205.00  1.88626130027484719E-002 
  206.00  1.87973163575904170E-002 
  207.00  1.87330515138947815E-002 
  208.00  1.86697746872603702E-002 
  209.00  1.86074448571672477E-002 
  210.00  1.85460235486872918E-002 
  211.00  1.84854746350518427E-002 
  212.00  1.84257641643854088E-002 
  213.00  1.83668601918102851E-002 
  214.00  1.83087326365345901E-002 
  215.00  1.82513531441713048E-002 
  216.00  1.81946949613864227E-002 
  217.00  1.81387328272289358E-002 
  218.00  1.80834428636644853E-002 
  219.00  1.80288024853473040E-002 
  220.00  1.79747903096516178E-002 
  221.00  1.79213860740254916E-002 
  222.00  1.78685705660129451E-002 
  223.00  1.78163255518687634E-002 
  224.00  1.77646337145525440E-002 
  225.00  1.77134785931451523E-002 
  226.00  1.76628445323779790E-002 
  227.00  1.76127166307536685E-002 
  228.00  1.75630806924007669E-002 
  229.00  1.75139231879302658E-002 
  230.00  1.74652312119212109E-002 
  231.00  1.74169924471153682E-002 
  232.00  1.73691951276200920E-002 
  233.00  1.73218280105075159E-002 
  234.00  1.72748803434313418E-002 
  235.00  1.72283418380093055E-002 
  236.00  1.71822026415016267E-002 
  237.00  1.71364533162690000E-002 
  238.00  1.70910848145432691E-002 
  239.00  1.70460884579925823E-002 
  240.00  1.70014559184073696E-002 
  241.00  1.69571791969480370E-002 
  242.00  1.69132506102042356E-002 
  243.00  1.68696627715926757E-002 
  244.00  1.68264085766481816E-002 
  245.00  1.67834811892357758E-002 
  246.00  1.67408740258551195E-002 
  247.00  1.66985807464680898E-002 
  248.00  1.66565952401470929E-002 
  249.00  1.66149116145741099E-002 
  250.00  1.65735241854241683E-002 
  251.00  1.65324274669799882E-002 
  252.00  1.64916161606253608E-002 
  253.00  1.64510851493144851E-002 
  254.00  1.64108294869731650E-002 
  255.00  1.63708443911822973E-002 
  256.00  1.63311252357860037E-002 
  257.00  1.62916675438557652E-002 
  258.00  1.62524669814880021E-002 
  259.00  1.62135193495896550E-002 
  260.00  1.61748205809384080E-002 
  261.00  1.61363667324706216E-002 
  262.00  1.60981539804775434E-002 
  263.00  1.60601786155534706E-002 
  264.00  1.60224370377699647E-002 
  265.00  1.59849257526224163E-002 
  266.00  1.59476413647404169E-002 
  267.00  1.59105805767593075E-002 
  268.00  1.58737401834218965E-002 
  269.00  1.58371170683579074E-002 
  270.00  1.58007082005475891E-002 
  271.00  1.57645106309851693E-002 
  272.00  1.57285214895036343E-002 
  273.00  1.56927379816892837E-002 
  274.00  1.56571573864905424E-002 
  275.00  1.56217770515493150E-002 
  276.00  1.55865943934712821E-002 
  277.00  1.55516068933373754E-002 
  278.00  1.55168120948251803E-002 
  279.00  1.54822076019135169E-002 
  280.00  1.54477910767355266E-002 
  281.00  1.54135602374459134E-002 
  282.00  1.53795128562686425E-002 
  283.00  1.53456467576117243E-002 
  284.00  1.53119598166210538E-002 
  285.00  1.52784499557387186E-002 
  286.00  1.52451151457337029E-002 
  287.00  1.52119534022041696E-002 
  288.00  1.51789627846048627E-002 
  289.00  1.51461413947863496E-002 
  290.00  1.51134873755427480E-002 
  291.00  1.50809989092865245E-002 
  292.00  1.50486742168145036E-002 
  293.00  1.50165115560103174E-002 
  294.00  1.49845092207131405E-002 
  295.00  1.49526655395556211E-002 
  296.00  1.49209788752794389E-002 
  297.00  1.48894476220997139E-002 
  298.00  1.48580702071309610E-002 
  299.00  1.48268450877691339E-002 
  300.00  1.47957707511705283E-002 
  301.00  1.47648457134257234E-002 
  302.00  1.47340685186067438E-002 
  303.00  1.47034377380455307E-002 
  304.00  1.46729519694550233E-002 
  305.00  1.46426098362343934E-002 
  306.00  1.46124099866699018E-002 
  307.00  1.45823510932937654E-002 
  308.00  1.45524318521643384E-002 
  309.00  1.45226509826060449E-002 
  310.00  1.44930072250293810E-002 
  311.00  1.44634993426665699E-002 
  312.00  1.44341261193957678E-002 
  313.00  1.44048863595899693E-002 
  314.00  1.43757788875715307E-002 
  315.00  1.43468025470659954E-002 
  316.00  1.43179562006991550E-002 
  317.00  1.42892387295372215E-002 
  318.00  1.42606490325475239E-002 
  319.00  1.42321860262451440E-002 
  320.00  1.42038486440900780E-002 
  321.00  1.41756358362389208E-002 
  322.00  1.41475465690141054E-002 
  323.00  1.41195798245458692E-002 
  324.00  1.40917346003563652E-002 
  325.00  1.40640099090368342E-002 
  326.00  1.40364047782347064E-002 
  327.00  1.40089182487449920E-002 
  328.00  1.39815493765615174E-002 
  329.00  1.39542972308979128E-002 
  330.00  1.39271608943694423E-002 
  331.00  1.39001394625557669E-002 
  332.00  1.38732320438547663E-002 
  333.00  1.38464377590475952E-002 
  334.00  1.38197557411234347E-002 
  335.00  1.37931851349442913E-002 
  336.00  1.37667250970509494E-002 
  337.00  1.37403747953070091E-002 
  338.00  1.37141334087655768E-002 
  339.00  1.36880001273369384E-002 
  340.00  1.36619741516100686E-002 
  341.00  1.36360546925842849E-002 
  342.00  1.36102409714866836E-002 
  343.00  1.35845322195354192E-002 
  344.00  1.35589276778105457E-002 
  345.00  1.35334265968718535E-002 
  346.00  1.35080282370870133E-002 
  347.00  1.34827318669900019E-002 
  348.00  1.34575367651911006E-002 
  349.00  1.34324422187640201E-002 
  350.00  1.34074475234502357E-002 
  351.00  1.33825519835395722E-002 
  352.00  1.33577549115756564E-002 
  353.00  1.33330556283693911E-002 
  354.00  1.33084534626458743E-002 
  355.00  1.32839477510953204E-002 
  356.00  1.32595378380444238E-002 
  357.00  1.32352230754484573E-002 
  358.00  1.32110028226618582E-002 
  359.00  1.31868764463463663E-002 
  360.00  1.31628433203169418E-002 
  361.00  1.31389028254346452E-002 
  362.00  1.31150543494487539E-002 
  363.00  1.30912972869130055E-002 
  364.00  1.30676310390131674E-002 
  365.00  1.30440550135171758E-002 
  366.00  1.30205686245943447E-002 
  367.00  1.29971712927474843E-002 
  368.00  1.29738624446865576E-002 
  369.00  1.29506415132187441E-002 
  370.00  1.29275079374785475E-002 
  371.00  1.29044611615451166E-002 
  372.00  1.28815006362556963E-002 
  373.00  1.28586258178390398E-002 
  374.00  1.28358361681060965E-002 
  375.00  1.28131311544451894E-002 
  376.00  1.27905102496097371E-002 
  377.00  1.27679729317497718E-002 
  378.00  1.27455186842072438E-002 
  379.00  1.27231469955975170E-002 
  380.00  1.27008573595251799E-002 
  381.00  1.26786492746643054E-002 
  382.00  1.26565222446011309E-002 
  383.00  1.26344757777877067E-002 
  384.00  1.26125093874484978E-002 
  385.00  1.25906225915641077E-002 
  386.00  1.25688149126766402E-002 
  387.00  1.25470858779454242E-002 
  388.00  1.25254350190175806E-002 
  389.00  1.25038618720005566E-002 
  390.00  1.24823659773462946E-002 
  391.00  1.24609468797759575E-002 
  392.00  1.24396041283123624E-002 
  393.00  1.24183372761380029E-002 
  394.00  1.23971458805342966E-002 
  395.00  1.23760295028763241E-002 
  396.00  1.23549877085187467E-002 
  397.00  1.23340200667787642E-002 
  398.00  1.23131261508467420E-002 
  399.00  1.22923055377698303E-002 
  400.00  1.22715578083557736E-002 
  401.00  1.22508825471861222E-002 
  402.00  1.22302793427565108E-002 
  403.00  1.22097477863720386E-002 
  404.00  1.21892874737566138E-002 
  405.00  1.21688980039295607E-002 
  406.00  1.21485789793006511E-002 
  407.00  1.21283300058441981E-002 
  408.00  1.21081506928346506E-002 
  409.00  1.20880406529114050E-002 
  410.00  1.20679995020772802E-002 
  411.00  1.20480268595362892E-002 
  412.00  1.20281223477263447E-002 
  413.00  1.20082855923156102E-002 
  414.00  1.19885162220469237E-002 
  415.00  1.19688138687826951E-002 
  416.00  1.19491781674786642E-002 
  417.00  1.19296087560767719E-002 
  418.00  1.19101052755209644E-002 
  419.00  1.18906673696880880E-002 
  420.00  1.18712946854025152E-002 
  421.00  1.18519868723146789E-002 
  422.00  1.18327435829863638E-002 
  423.00  1.18135644726838091E-002 
  424.00  1.17944491995574975E-002 
  425.00  1.17753974244096567E-002 
  426.00  1.17564088107961623E-002 
  427.00  1.17374830249564726E-002 
  428.00  1.17186197357446540E-002 
  429.00  1.16998186146017417E-002 
  430.00  1.16810793356574745E-002 
  431.00  1.16624015754438204E-002 
  432.00  1.16437850131614930E-002 
  433.00  1.16252293303844133E-002 
  434.00  1.16067342112179169E-002 
  435.00  1.15882993422074566E-002 
  436.00  1.15699244122751243E-002 
  437.00  1.15516091127390603E-002 
  438.00  1.15333531372631450E-002 
  439.00  1.15151561818600551E-002 
  440.00  1.14970179448458908E-002 
  441.00  1.14789381267794421E-002 
  442.00  1.14609164304949468E-002 
  443.00  1.14429525610689076E-002 
  444.00  1.14250462260189721E-002 
  445.00  1.14071971342604266E-002 
  446.00  1.13894049976751705E-002 
  447.00  1.13716695299904223E-002 
  448.00  1.13539904470217612E-002 
  449.00  1.13363674667541665E-002 
  450.00  1.13188003091247262E-002 
  451.00  1.13012886962044236E-002 
  452.00  1.12838323520454299E-002 
  453.00  1.12664310026961718E-002 
  454.00  1.12490843762276301E-002 
  455.00  1.12317922026221716E-002 
  456.00  1.12145542138118535E-002 
  457.00  1.11973701436692864E-002 
  458.00  1.11802397279418785E-002 
  459.00  1.11631627042461951E-002 
  460.00  1.11461388121265395E-002 
  461.00  1.11291677928906235E-002 
  462.00  1.11122493896976451E-002 
  463.00  1.10953833475265808E-002 
  464.00  1.10785694131407993E-002 
  465.00  1.10618073350604671E-002 
  466.00  1.10450968635536981E-002 
  467.00  1.10284377506166317E-002 
  468.00  1.10118297500199878E-002 
  469.00  1.09952726171567618E-002 
  470.00  1.09787661091394848E-002 
  471.00  1.09623099847625926E-002 
  472.00  1.09459040044402236E-002 
  473.00  1.09295479302707662E-002 
  474.00  1.09132415259135702E-002 
  475.00  1.08969845566585250E-002 
  476.00  1.08807767893846583E-002 
  477.00  1.08646179925508332E-002 
  478.00  1.08485079361695207E-002 
  479.00  1.08324463917993420E-002 
  480.00  1.08164331325235862E-002 
  481.00  1.08004679329449862E-002 
  482.00  1.07845505691642474E-002 
  483.00  1.07686808187700198E-002 
  484.00  1.07528584608034671E-002 
  485.00  1.07370832758345736E-002 
  486.00  1.07213550458004521E-002 
  487.00  1.07056735541061539E-002 
  488.00  1.06900385855532559E-002 
  489.00  1.06744499264388761E-002 
  490.00  1.06589073643140950E-002 
  491.00  1.06434106882187674E-002 
  492.00  1.06279596885221379E-002 
  493.00  1.06125541569745616E-002 
  494.00  1.05971938866231269E-002 
  495.00  1.05818786718909381E-002 
  496.00  1.05666083085054555E-002 
  497.00  1.05513825935149609E-002 
  498.00  1.05362013252605115E-002 
  499.00  1.05210643033484298E-002 
  500.00  1.05059713287067383E-002 
  501.00  1.04909222036825515E-002 
  502.00  1.04759167312873103E-002 
  503.00  1.04609547163806195E-002 
  504.00  1.04460359648418065E-002 
  505.00  1.04311602838069988E-002 
  506.00  1.04163274816040322E-002 
  507.00  1.04015373677113308E-002 
  508.00  1.03867897528787893E-002 
  509.00  1.03720844489549498E-002 
  510.00  1.03574212690613395E-002 
  511.00  1.03428000273419855E-002 
  512.00  1.03282205392213715E-002 
  513.00  1.03136826211974886E-002 
  514.00  1.02991860908785253E-002 
  515.00  1.02847307670537475E-002 
  516.00  1.02703164695744052E-002 
  517.00  1.02559430194248506E-002 
  518.00  1.02416102386664789E-002 
  519.00  1.02273179504487732E-002 
  520.00  1.02130659789974095E-002 
  521.00  1.01988541496082444E-002 
  522.00  1.01846822886195003E-002 
  523.00  1.01705502234443624E-002 
  524.00  1.01564577824914560E-002 
  525.00  1.01424047952665634E-002 
  526.00  1.01283910922486085E-002 
  527.00  1.01144165049374870E-002 
  528.00  1.01004808658442663E-002 
  529.00  1.00865840085037281E-002 
  530.00  1.00727257674054233E-002 
  531.00  1.00589059780534680E-002 
  532.00  1.00451244768868034E-002 
  533.00  1.00313811013572306E-002 
  534.00  1.00176756898377652E-002 
  535.00  1.00040080816904929E-002 
  536.00  9.99037811717932642E-003 
  537.00  9.97678563754281385E-003 
  538.00  9.96323048491000104E-003 
  539.00  9.94971250240968101E-003 
  540.00  9.93623153398066374E-003 
  541.00  9.92278742454273319E-003 
  542.00  9.90938001987352358E-003 
  543.00  9.89600916670369847E-003 
  544.00  9.88267471258725237E-003 
  545.00  9.86937650598995915E-003 
  546.00  9.85611439626154009E-003 
  547.00  9.84288823359122898E-003 
  548.00  9.82969786902634403E-003 
  549.00  9.81654315451018292E-003 
  550.00  9.80342394278653842E-003 
  551.00  9.79034008745987595E-003 
  552.00  9.77729144296662564E-003 
  553.00  9.76427786456858342E-003 
  554.00  9.75129920836969449E-003 
  555.00  9.73835533124147758E-003 
  556.00  9.72544609092955079E-003 
  557.00  9.71257134590702148E-003 
  558.00  9.69973095551379325E-003 
  559.00  9.68692477983825947E-003 
  560.00  9.67415267978076823E-003 
  561.00  9.66141451699927684E-003 
  562.00  9.64871015392633653E-003 
  563.00  9.63603945379465539E-003 
  564.00  9.62340228056584625E-003 
  565.00  9.61079849895153139E-003 
  566.00  9.59822797445991291E-003 
  567.00  9.58569057328046217E-003 
  568.00  9.57318616240887023E-003 
  569.00  9.56071460950868798E-003 
  570.00  9.54827578308338129E-003 
  571.00  9.53586955220874291E-003 
  572.00  9.52349578677972111E-003 
  573.00  9.51115435740400132E-003 
  574.00  9.49884513535445042E-003 
  575.00  9.48656799263899835E-003 
  576.00  9.47432280194799269E-003 
  577.00  9.46210943665866042E-003 
  578.00  9.44992777086717771E-003 
  579.00  9.43777767935334924E-003 
  580.00  9.42565903752172300E-003 
  581.00  9.41357172171097649E-003 
  582.00  9.40151560828201421E-003 
  583.00  9.38949057491614107E-003 
  584.00  9.37749649969528594E-003 
  585.00  9.36553326136721834E-003 
  586.00  9.35360073936712146E-003 
  587.00  9.34169881377965722E-003 
  588.00  9.32982736526285182E-003 
  589.00  9.31798627514250286E-003 
  590.00  9.30617542541998383E-003 
  591.00  9.29439469868718199E-003 
  592.00  9.28264397816710475E-003 
  593.00  9.27092314768713545E-003 
  594.00  9.25923209169076528E-003 
  595.00  9.24757069529055266E-003 
  596.00  9.23593884408601025E-003 
  597.00  9.22433642439694779E-003 
  598.00  9.21276332310158250E-003 
  599.00  9.20121942764724580E-003 
  600.00  9.18970462608612905E-003 
  601.00  9.17821880708542988E-003 
  602.00  9.16676185984247570E-003 
  603.00  9.15533367415442140E-003 
  604.00  9.14393414042763072E-003 
  605.00  9.13256314959816871E-003 
  606.00  9.12122059314126980E-003 
