  2.0000  0.99999999999999856      
  3.0000   1.0000000000000000      
  4.0000  0.99999999999999711      
  5.0000  0.99999999999813860      
  6.0000  0.99999999985594845      
  7.0000  0.99999999678199170      
  8.0000  0.99999996693426108      
  9.0000  0.99999979755284030      
  10.000  0.99999913733412560      
  11.000  0.99999717575572922      
  12.000  0.99999241215617596      
  13.000  0.99998248872416495      
  14.000  0.99996413509973103      
  15.000  0.99993323164095271      
  16.000  0.99988496677340888      
  17.000  0.99981404960679821      
  18.000  0.99971493947842183      
  19.000  0.99958206273408357      
  20.000  0.99940999811054154      
  21.000  0.99919362202933737      
  22.000  0.99892821249142083      
  23.000  0.99860951492067629      
  24.000  0.99823377571588523      
  25.000  0.99779775008369120      
  26.000  0.99729869053876752      
  27.000  0.99673432173283294      
  28.000  0.99610280632725323      
  29.000  0.99540270564970934      
  30.000  0.99463293798057195      
  31.000  0.99379273654755151      
  32.000  0.99288160868085140      
  33.000  0.99189929708732794      
  34.000  0.99084574382735435      
  35.000  0.98972105729879645      
  36.000  0.98852548233335347      
  37.000  0.98725937337180858      
  38.000  0.98592317059288326      
  39.000  0.98451737881326962      
  40.000  0.98304254894463450      
  41.000  0.98149926177955904      
  42.000  0.97988811387728258      
  43.000  0.97820970532640428      
  44.000  0.97646462917494736      
  45.000  0.97465346233232497      
  46.000  0.97277675776499728      
  47.000  0.97083503782436331      
  48.000  0.96882878856206422      
  49.000  0.96675845490358814      
  50.000  0.96462443656586527      
  51.000  0.96242708461734483      
  52.000  0.96016669859195769      
  53.000  0.95784352407821216      
  54.000  0.95545775071465311      
  55.000  0.95300951053100358      
  56.000  0.95049887658171295      
  57.000  0.94792586182442595      
  58.000  0.94529041820196125      
  59.000  0.94259243589028041      
  60.000  0.93983174267922531      
  61.000  0.93700810345605956      
  62.000  0.93412121976432017      
  63.000  0.93117072941331958      
  64.000  0.92815620611502148      
  65.000  0.92507715912695332      
  66.000  0.92193303288071393      
  67.000  0.91872320657705608      
  68.000  0.91544699372883487      
  69.000  0.91210364163398405      
  70.000  0.90869233076064204      
  71.000  0.90521217402716603      
  72.000  0.90166221595939500      
  73.000  0.89804143170734441      
  74.000  0.89434872590348369      
  75.000  0.89058293134399746      
  76.000  0.88674280747366707      
  77.000  0.88282703865474199      
  78.000  0.87883423219846324      
  79.000  0.87476291613759294      
  80.000  0.87061153671625957      
  81.000  0.86637845557278781      
  82.000  0.86206194658886504      
  83.000  0.85766019237749824      
  84.000  0.85317128037962109      
  85.000  0.84859319853821746      
  86.000  0.84392383051615616      
  87.000  0.83916095042265637      
  88.000  0.83430221701166007      
  89.000  0.82934516731358288      
  90.000  0.82428720966166547      
  91.000  0.81912561607369749      
  92.000  0.81385751395104988      
  93.000  0.80847987705932522      
  94.000  0.80298951575995436      
  95.000  0.79738306646891688      
  96.000  0.79165698033000376      
  97.000  0.78580751110606117      
  98.000  0.77983070231246865      
  99.000  0.77372237364604435      
  100.00  0.76747810679945627      
  101.00  0.76109323079667413      
  102.00  0.75456280704205436      
  103.00  0.74788161433870315      
  104.00  0.74104413420309745      
  105.00  0.73404453687236226      
  106.00  0.72687666845632015      
  107.00  0.71953403971215402      
  108.00  0.71200981688229814      
  109.00  0.70429681489870710      
  110.00  0.69638749296735714      
  111.00  0.68827395204764041      
  112.00  0.67994793298452261      
  113.00  0.67140081300557308      
  114.00  0.66262359699135698      
  115.00  0.65360689847949893      
  116.00  0.64434090398290156      
  117.00  0.63481531320564799      
  118.00  0.62501924746551674      
  119.00  0.61494111931585160      
  120.00  0.60456845800256798      
  121.00  0.59388768762566513      
  122.00  0.58288385697391643      
  123.00  0.57154032107261021      
  124.00  0.55983837368711042      
  125.00  0.54775682687872995      
  126.00  0.53527152809120504      
  127.00  0.52235479732186285      
  128.00  0.50897475672924641      
  129.00  0.49509451219325096      
  130.00  0.48067112962517955      
  131.00  0.46565432589773864      
  132.00  0.44998476103809182      
  133.00  0.43359176823100426      
  134.00  0.41639028023983160      
  135.00  0.39827658685319350      
  136.00  0.37912235647234699      
  137.00  0.35876602259594298      
  138.00  0.33700008474151633      
  139.00  0.31355198276983431      
  140.00  0.28805494594893011      
  141.00  0.26000454691989405      
  142.00  0.22870402287318026      
  143.00  0.19326510720891948      
  144.00  0.15314925992045322      
  145.00  0.11146394335027728      
  146.00  7.90847259818364678E-002 
  147.00  6.04048179831850537E-002 
  148.00  4.99208921499489505E-002 
  149.00  4.34907153653750628E-002 
  150.00  3.91980029367698241E-002 
  151.00  3.61412068395351518E-002 
  152.00  3.38564690623889691E-002 
  153.00  3.20841586857769229E-002 
  154.00  3.06685399321746203E-002 
  155.00  2.95108290987045434E-002 
  156.00  2.85454552481145540E-002 
  157.00  2.77272336259527727E-002 
  158.00  2.70240386266075334E-002 
  159.00  2.64124170108306563E-002 
  160.00  2.58748543975002646E-002 
  161.00  2.53980124474995975E-002 
  162.00  2.49715577205662162E-002 
  163.00  2.45873630933570592E-002 
  164.00  2.42389506148299842E-002 
  165.00  2.39210948078756661E-002 
  166.00  2.36295350358241805E-002 
  167.00  2.33607635210940565E-002 
  168.00  2.31118668010784727E-002 
  169.00  2.28804055516793718E-002 
  170.00  2.26643223703374107E-002 
  171.00  2.24618702391011921E-002 
  172.00  2.22715564367826843E-002 
  173.00  2.20920981664063688E-002 
  174.00  2.19223871229683662E-002 
  175.00  2.17614609944390240E-002 
  176.00  2.16084803437464716E-002 
  177.00  2.14627097380530422E-002 
  178.00  2.13235022382852121E-002 
  179.00  2.11902865722157600E-002 
  180.00  2.10625564714627747E-002 
  181.00  2.09398617444660554E-002 
  182.00  2.08218007873908623E-002 
  183.00  2.07080142449030322E-002 
  184.00  2.05981796457875566E-002 
  185.00  2.04920068222701653E-002 
  186.00  2.03892339960133825E-002 
  187.00  2.02896244163179480E-002 
  188.00  2.01929634583244248E-002 
  189.00  2.00990561212154965E-002 
  190.00  2.00077248478136467E-002 
  191.00  1.99188076346172582E-002 
  192.00  1.98321563720037300E-002 
  193.00  1.97476353987769485E-002 
  194.00  1.96651202286421412E-002 
  195.00  1.95844964294249399E-002 
  196.00  1.95056586328310917E-002 
  197.00  1.94285096622091175E-002 
  198.00  1.93529597505664591E-002 
  199.00  1.92789258523584986E-002 
  200.00  1.92063310306660115E-002 
  201.00  1.91351039017616312E-002 
  202.00  1.90651781498882497E-002 
  203.00  1.89964920810676563E-002 
  204.00  1.89289882291995455E-002 
  205.00  1.88626130027463972E-002 
  206.00  1.87973163575902956E-002 
  207.00  1.87330515138831415E-002 
  208.00  1.86697746872641138E-002 
  209.00  1.86074448571770003E-002 
  210.00  1.85460235486909139E-002 
  211.00  1.84854746350488416E-002 
  212.00  1.84257641643895374E-002 
  213.00  1.83668601918132654E-002 
  214.00  1.83087326365301735E-002 
  215.00  1.82513531441684043E-002 
  216.00  1.81946949613898332E-002 
  217.00  1.81387328272256468E-002 
  218.00  1.80834428636510690E-002 
  219.00  1.80288024853481089E-002 
  220.00  1.79747903096511633E-002 
  221.00  1.79213860740257171E-002 
  222.00  1.78685705660188918E-002 
  223.00  1.78163255518593786E-002 
  224.00  1.77646337145525926E-002 
  225.00  1.77134785931459711E-002 
  226.00  1.76628445323688960E-002 
  227.00  1.76127166307550043E-002 
  228.00  1.75630806924075983E-002 
  229.00  1.75139231879320560E-002 
  230.00  1.74652312119142721E-002 
  231.00  1.74169924471157325E-002 
  232.00  1.73691951276230064E-002 
  233.00  1.73218280105070302E-002 
  234.00  1.72748803434268211E-002 
  235.00  1.72283418380123933E-002 
  236.00  1.71822026414978554E-002 
  237.00  1.71364533162702802E-002 
  238.00  1.70910848145483622E-002 
  239.00  1.70460884579941990E-002 
  240.00  1.70014559184185829E-002 
  241.00  1.69571791969423610E-002 
  242.00  1.69132506102001381E-002 
  243.00  1.68696627715955311E-002 
  244.00  1.68264085766386060E-002 
  245.00  1.67834811892293954E-002 
  246.00  1.67408740258509839E-002 
  247.00  1.66985807464665771E-002 
  248.00  1.66565952401473427E-002 
  249.00  1.66149116145762714E-002 
  250.00  1.65735241854181939E-002 
  251.00  1.65324274669792562E-002 
  252.00  1.64916161606220510E-002 
  253.00  1.64510851493121571E-002 
  254.00  1.64108294869681100E-002 
  255.00  1.63708443911737209E-002 
  256.00  1.63311252357895773E-002 
  257.00  1.62916675438527156E-002 
  258.00  1.62524669814903613E-002 
  259.00  1.62135193495947690E-002 
  260.00  1.61748205809374226E-002 
  261.00  1.61363667324695738E-002 
  262.00  1.60981539804775121E-002 
  263.00  1.60601786155488944E-002 
  264.00  1.60224370377689447E-002 
  265.00  1.59849257526203312E-002 
  266.00  1.59476413647335821E-002 
  267.00  1.59105805767556716E-002 
  268.00  1.58737401834303550E-002 
  269.00  1.58371170683600550E-002 
  270.00  1.58007082005472525E-002 
  271.00  1.57645106309817276E-002 
  272.00  1.57285214895000330E-002 
  273.00  1.56927379816962607E-002 
  274.00  1.56571573864913299E-002 
  275.00  1.56217770515538253E-002 
  276.00  1.55865943934785731E-002 
  277.00  1.55516068933370250E-002 
  278.00  1.55168120948232513E-002 
  279.00  1.54822076019219216E-002 
  280.00  1.54477910767385016E-002 
  281.00  1.54135602374467044E-002 
  282.00  1.53795128562640125E-002 
  283.00  1.53456467576144808E-002 
  284.00  1.53119598166153448E-002 
  285.00  1.52784499557465595E-002 
  286.00  1.52451151457300288E-002 
  287.00  1.52119534021967623E-002 
  288.00  1.51789627846025312E-002 
  289.00  1.51461413947820145E-002 
  290.00  1.51134873755423178E-002 
  291.00  1.50809989092886114E-002 
  292.00  1.50486742168135842E-002 
  293.00  1.50165115560141615E-002 
  294.00  1.49845092207134458E-002 
  295.00  1.49526655395535620E-002 
  296.00  1.49209788752753068E-002 
  297.00  1.48894476221036708E-002 
  298.00  1.48580702071359448E-002 
  299.00  1.48268450877709988E-002 
  300.00  1.47957707511756631E-002 
  301.00  1.47648457134164184E-002 
  302.00  1.47340685186170030E-002 
  303.00  1.47034377380428401E-002 
  304.00  1.46729519694610479E-002 
  305.00  1.46426098362320792E-002 
  306.00  1.46124099866666631E-002 
  307.00  1.45823510932854752E-002 
  308.00  1.45524318521700856E-002 
  309.00  1.45226509826084423E-002 
  310.00  1.44930072250296551E-002 
  311.00  1.44634993426644067E-002 
  312.00  1.44341261193958008E-002 
  313.00  1.44048863595849282E-002 
  314.00  1.43757788875650827E-002 
  315.00  1.43468025470660475E-002 
  316.00  1.43179562006978366E-002 
  317.00  1.42892387295325742E-002 
  318.00  1.42606490325566902E-002 
  319.00  1.42321860262399260E-002 
  320.00  1.42038486440914380E-002 
  321.00  1.41756358362389642E-002 
  322.00  1.41475465690141938E-002 
  323.00  1.41195798245333150E-002 
  324.00  1.40917346003493031E-002 
  325.00  1.40640099090424218E-002 
  326.00  1.40364047782177669E-002 
  327.00  1.40089182487401712E-002 
  328.00  1.39815493765512357E-002 
  329.00  1.39542972309034726E-002 
  330.00  1.39271608943628503E-002 
  331.00  1.39001394625672178E-002 
  332.00  1.38732320438611310E-002 
  333.00  1.38464377590407691E-002 
  334.00  1.38197557411223783E-002 
  335.00  1.37931851349363307E-002 
  336.00  1.37667250970571892E-002 
  337.00  1.37403747953174366E-002 
  338.00  1.37141334087715235E-002 
  339.00  1.36880001273373877E-002 
  340.00  1.36619741515978856E-002 
  341.00  1.36360546925716856E-002 
  342.00  1.36102409714912477E-002 
  343.00  1.35845322195425160E-002 
  344.00  1.35589276778102681E-002 
  345.00  1.35334265968740739E-002 
  346.00  1.35080282370926529E-002 
  347.00  1.34827318669878769E-002 
  348.00  1.34575367651949638E-002 
  349.00  1.34324422187629740E-002 
  350.00  1.34074475234475434E-002 
  351.00  1.33825519835246848E-002 
  352.00  1.33577549115802031E-002 
  353.00  1.33330556283513726E-002 
  354.00  1.33084534626446479E-002 
  355.00  1.32839477510955477E-002 
  356.00  1.32595378380505283E-002 
  357.00  1.32352230754437285E-002 
  358.00  1.32110028226672706E-002 
  359.00  1.31868764463463125E-002 
  360.00  1.31628433203172628E-002 
  361.00  1.31389028254244138E-002 
  362.00  1.31150543494423597E-002 
  363.00  1.30912972869131946E-002 
  364.00  1.30676310390185797E-002 
  365.00  1.30440550135130836E-002 
  366.00  1.30205686245941834E-002 
  367.00  1.29971712927423374E-002 
  368.00  1.29738624446897825E-002 
  369.00  1.29506415132118278E-002 
  370.00  1.29275079371634436E-002 
  371.00  1.29044611615441868E-002 
  372.00  1.28815006362488303E-002 
  373.00  1.28586258178324444E-002 
  374.00  1.28358361681069622E-002 
  375.00  1.28131311544426967E-002 
  376.00  1.27905102496153229E-002 
  377.00  1.27679729317363936E-002 
  378.00  1.27455186842153952E-002 
  379.00  1.27231469955950052E-002 
  380.00  1.27008573595321951E-002 
  381.00  1.26786492746687931E-002 
  382.00  1.26565222445961852E-002 
  383.00  1.26344757777945745E-002 
  384.00  1.26125093874444490E-002 
  385.00  1.25906225915650150E-002 
  386.00  1.25688149126711828E-002 
  387.00  1.25470858779288211E-002 
  388.00  1.25254350190220545E-002 
  389.00  1.25038618720037745E-002 
  390.00  1.24823659773295875E-002 
  391.00  1.24609468797771926E-002 
  392.00  1.24396041283075867E-002 
  393.00  1.24183372761367660E-002 
  394.00  1.23971458805330718E-002 
  395.00  1.23760295028772817E-002 
  396.00  1.23549877085321683E-002 
  397.00  1.23340200667915630E-002 
  398.00  1.23131261508581009E-002 
  399.00  1.22923055377750987E-002 
  400.00  1.22715578083823669E-002 
  401.00  1.22508825471866114E-002 
  402.00  1.22302793427533692E-002 
  403.00  1.22097477863718044E-002 
  404.00  1.21892874737704812E-002 
  405.00  1.21688980039262405E-002 
  406.00  1.21485789793061016E-002 
  407.00  1.21283300058432804E-002 
  408.00  1.21081506928210087E-002 
  409.00  1.20880406529127720E-002 
  410.00  1.20679995020770460E-002 
  411.00  1.20480268595418022E-002 
  412.00  1.20281223477317969E-002 
  413.00  1.20082855923261504E-002 
  414.00  1.19885162220467363E-002 
  415.00  1.19688138687883798E-002 
  416.00  1.19491781674784456E-002 
  417.00  1.19296087560936057E-002 
  418.00  1.19101052755221093E-002 
  419.00  1.18906673696836922E-002 
  420.00  1.18712946854080577E-002 
  421.00  1.18519868723283520E-002 
  422.00  1.18327435829804553E-002 
  423.00  1.18135644726903560E-002 
  424.00  1.17944491995532579E-002 
  425.00  1.17753974243995935E-002 
  426.00  1.17564088108097573E-002 
  427.00  1.17374830249547986E-002 
  428.00  1.17186197357320131E-002 
  429.00  1.16998186146088333E-002 
  430.00  1.16810793356438240E-002 
  431.00  1.16624015754522407E-002 
  432.00  1.16437850131488572E-002 
  433.00  1.16252293303762012E-002 
  434.00  1.16067342112245626E-002 
  435.00  1.15882993422041294E-002 
  436.00  1.15699244122775078E-002 
  437.00  1.15516091127299911E-002 
  438.00  1.15333531372687533E-002 
  439.00  1.15151561818623051E-002 
  440.00  1.14970179448458908E-002 
  441.00  1.14789381267760369E-002 
  442.00  1.14609164304917306E-002 
  443.00  1.14429525610691609E-002 
  444.00  1.14250462260074102E-002 
  445.00  1.14071971342665588E-002 
  446.00  1.13894049976682940E-002 
  447.00  1.13716695299833654E-002 
  448.00  1.13539904470217438E-002 
  449.00  1.13363674667517466E-002 
  450.00  1.13188003091189843E-002 
  451.00  1.13012886962056015E-002 
  452.00  1.12838323520317446E-002 
  453.00  1.12664310027012580E-002 
  454.00  1.12490843762273109E-002 
  455.00  1.12317922026254399E-002 
  456.00  1.12145542138130001E-002 
  457.00  1.11973701436702631E-002 
  458.00  1.11802397279430147E-002 
  459.00  1.11631627042498519E-002 
  460.00  1.11461388121217048E-002 
  461.00  1.11291677928952275E-002 
  462.00  1.11122493897036732E-002 
  463.00  1.10953833475379206E-002 
  464.00  1.10785694131546215E-002 
  465.00  1.10618073350623319E-002 
  466.00  1.10450968635452500E-002 
  467.00  1.10284377506268579E-002 
  468.00  1.10118297500254331E-002 
  469.00  1.09952726171553584E-002 
  470.00  1.09787661091397832E-002 
  471.00  1.09623099847668201E-002 
  472.00  1.09459040044500300E-002 
  473.00  1.09295479302710039E-002 
  474.00  1.09132415259147516E-002 
  475.00  1.08969845566462241E-002 
  476.00  1.08807767893790725E-002 
  477.00  1.08646179925641472E-002 
  478.00  1.08485079361775056E-002 
  479.00  1.08324463917958049E-002 
  480.00  1.08164331325374587E-002 
  481.00  1.08004679329505096E-002 
  482.00  1.07845505691654946E-002 
  483.00  1.07686808187522944E-002 
  484.00  1.07528584608118961E-002 
  485.00  1.07370832758280667E-002 
  486.00  1.07213550457868345E-002 
  487.00  1.07056735540947377E-002 
  488.00  1.06900385855541683E-002 
  489.00  1.06744499264300619E-002 
  490.00  1.06589073643155140E-002 
  491.00  1.06434106882230609E-002 
  492.00  1.06279596885337883E-002 
  493.00  1.06125541569725996E-002 
  494.00  1.05971938866281125E-002 
  495.00  1.05818786718841085E-002 
  496.00  1.05666083085130865E-002 
  497.00  1.05513825935243562E-002 
  498.00  1.05362013252679170E-002 
  499.00  1.05210643033488479E-002 
  500.00  1.05059713287062664E-002 
  501.00  1.04909222036872231E-002 
  502.00  1.04759167312936333E-002 
  503.00  1.04609547163808103E-002 
  504.00  1.04460359648383318E-002 
  505.00  1.04311602838191696E-002 
  506.00  1.04163274815890598E-002 
  507.00  1.04015373677104200E-002 
  508.00  1.03867897528684919E-002 
  509.00  1.03720844489613735E-002 
  510.00  1.03574212690533737E-002 
  511.00  1.03428000273532959E-002 
  512.00  1.03282205392293252E-002 
  513.00  1.03136826211903850E-002 
  514.00  1.02991860908668367E-002 
  515.00  1.02847307670481114E-002 
  516.00  1.02703164695705593E-002 
  517.00  1.02559430194184634E-002 
  518.00  1.02416102386664494E-002 
  519.00  1.02273179504473333E-002 
  520.00  1.02130659789984937E-002 
  521.00  1.01988541496081178E-002 
  522.00  1.01846822886115553E-002 
  523.00  1.01705502234337407E-002 
  524.00  1.01564577824906771E-002 
  525.00  1.01424047952741458E-002 
  526.00  1.01283910922371576E-002 
  527.00  1.01144165049304405E-002 
  528.00  1.01004808658450834E-002 
  529.00  1.00865840085039692E-002 
  530.00  1.00727257674133285E-002 
  531.00  1.00589059780431360E-002 
  532.00  1.00451244768924395E-002 
  533.00  1.00313811013561290E-002 
  534.00  1.00176756898496967E-002 
  535.00  1.00040080816920403E-002 
  536.00  9.99037811717343183E-003 
  537.00  9.97678563754141219E-003 
  538.00  9.96323048491727994E-003 
  539.00  9.94971250241336730E-003 
  540.00  9.93623153396946610E-003 
  541.00  9.92278742453682819E-003 
  542.00  9.90938001987400410E-003 
  543.00  9.89600916670369674E-003 
  544.00  9.88267471259499444E-003 
  545.00  9.86937650600179170E-003 
  546.00  9.85611439626503556E-003 
  547.00  9.84288823359590233E-003 
  548.00  9.82969786902552697E-003 
  549.00  9.81654315451024016E-003 
  550.00  9.80342394279784188E-003 
  551.00  9.79034008746809854E-003 
  552.00  9.77729144296712524E-003 
  553.00  9.76427786458532697E-003 
  554.00  9.75129920836514778E-003 
  555.00  9.73835533125190500E-003 
  556.00  9.72544609092683074E-003 
  557.00  9.71257134590615759E-003 
  558.00  9.69973095550698793E-003 
  559.00  9.68692477983930378E-003 
  560.00  9.67415267977394730E-003 
  561.00  9.66141451698238236E-003 
  562.00  9.64871015392864372E-003 
  563.00  9.63603945378777721E-003 
  564.00  9.62340228055926297E-003 
  565.00  9.61079849895675985E-003 
  566.00  9.59822797445965617E-003 
  567.00  9.58569057327978737E-003 
  568.00  9.57318616240901768E-003 
  569.00  9.56071460951758538E-003 
  570.00  9.54827578307178640E-003 
  571.00  9.53586955219594412E-003 
  572.00  9.52349578677559074E-003 
  573.00  9.51115435740445755E-003 
  574.00  9.49884513534856798E-003 
  575.00  9.48656799263810149E-003 
  576.00  9.47432280194987833E-003 
  577.00  9.46210943665901777E-003 
  578.00  9.44992777088389524E-003 
  579.00  9.43777767935869219E-003 
  580.00  9.42565903752974436E-003 
  581.00  9.41357172171648597E-003 
  582.00  9.40151560830006575E-003 
  583.00  9.38949057491058822E-003 
  584.00  9.37749649967932648E-003 
  585.00  9.36553326135975903E-003 
  586.00  9.35360073937976412E-003 
  587.00  9.34169881378051938E-003 
  588.00  9.32982736525014844E-003 
  589.00  9.31798627513570794E-003 
  590.00  9.30617542542903214E-003 
  591.00  9.29439469870626221E-003 
  592.00  9.28264397817256046E-003 
  593.00  9.27092314768768362E-003 
  594.00  9.25923209169860102E-003 
  595.00  9.24757069528911457E-003 
  596.00  9.23593884409066451E-003 
  597.00  9.22433642438648047E-003 
  598.00  9.21276332310408223E-003 
  599.00  9.20121942763931465E-003 
  600.00  9.18970462607330771E-003 
  601.00  9.17821880708061602E-003 
  602.00  9.16676185983085479E-003 
  603.00  9.15533367415575713E-003 
  604.00  9.14393414042019223E-003 
  605.00  9.13256314959812535E-003 
  606.00  9.12122059313031155E-003 
