  2.0000  0.99999999999998157      
  3.0000  0.99999999959343100      
  4.0000  0.99999992799452442      
  5.0000  0.99999839193649598      
  6.0000  0.99998724763023739      
  7.0000  0.99994403270610344      
  8.0000  0.99983029406110302      
  9.0000  0.99959780803393117      
  10.000  0.99919777336322468      
  11.000  0.99858821845525159      
  12.000  0.99773790969589304      
  13.000  0.99662719108546727      
  14.000  0.99524689245252573      
  15.000  0.99359634663606400      
  16.000  0.99168121422996003      
  17.000  0.98951149494394186      
  18.000  0.98709988351046341      
  19.000  0.98446049968818738      
  20.000  0.98160795863713657      
  21.000  0.97855672377181491      
  22.000  0.97532068079707979      
  23.000  0.97191287776963375      
  24.000  0.96834538551379568      
  25.000  0.96462924245299642      
  26.000  0.96077445655679550      
  27.000  0.95679004421906233      
  28.000  0.95268409148583899      
  29.000  0.94846382733072310      
  30.000  0.94413570187140794      
  31.000  0.93970546476512384      
  32.000  0.93517824071112288      
  33.000  0.93055860019449521      
  34.000  0.92585062443930277      
  35.000  0.92105796412107244      
  36.000  0.91618389177003201      
  37.000  0.91123134804650474      
  38.000  0.90620298222267515      
  39.000  0.90110118729116395      
  40.000  0.89592813016156536      
  41.000  0.89068577741654698      
  42.000  0.88537591708821162      
  43.000  0.88000017689802179      
  44.000  0.87456003936795312      
  45.000  0.86905685418531442      
  46.000  0.86349184816650948      
  47.000  0.85786613313367854      
  48.000  0.85218071198676859      
  49.000  0.84643648322450338      
  50.000  0.84063424413959709      
  51.000  0.83477469289221395      
  52.000  0.82885842963776424      
  53.000  0.82288595687023336      
  54.000  0.81685767912071316      
  55.000  0.81077390213540601      
  56.000  0.80463483164164418      
  57.000  0.79844057179867578      
  58.000  0.79219112341475617      
  59.000  0.78588638200372529      
  60.000  0.77952613574233498      
  61.000  0.77311006338075150      
  62.000  0.76663773215026709      
  63.000  0.76010859570410061      
  64.000  0.75352199212059201      
  65.000  0.74687714199189792      
  66.000  0.74017314661492195      
  67.000  0.73340898629800133      
  68.000  0.72658351879144656      
  69.000  0.71969547784866095      
  70.000  0.71274347191976850      
  71.000  0.70572598298224887      
  72.000  0.69864136551070333      
  73.000  0.69148784558775600      
  74.000  0.68426352016490188      
  75.000  0.67696635648302572      
  76.000  0.66959419166582990      
  77.000  0.66214473251497452      
  78.000  0.65461555553409911      
  79.000  0.64700410723362123      
  80.000  0.63930770477091869      
  81.000  0.63152353701202990      
  82.000  0.62364866611073633      
  83.000  0.61568002974269753      
  84.000  0.60761444415110488      
  85.000  0.59944860821728152      
  86.000  0.59117910880350655      
  87.000  0.58280242768521995      
  88.000  0.57431495046098124      
  89.000  0.56571297790589348      
  90.000  0.55699274034838386      
  91.000  0.54815041576637402      
  92.000  0.53918215244809253      
  93.000  0.53008409723270078      
  94.000  0.52085243055604191      
  95.000  0.51148340975134143      
  96.000  0.50197342232722653      
  97.000  0.49231905125172865      
  98.000  0.48251715458514227      
  99.000  0.47256496215099586      
  100.00  0.46246019226390500      
  101.00  0.45220119180014795      
  102.00  0.44178710308515579      
  103.00  0.43121806100840887      
  104.00  0.42049542341843854      
  105.00  0.40962203695289717      
  106.00  0.39860253879108376      
  107.00  0.38744369213450125      
  108.00  0.37615474915193581      
  109.00  0.36474782942578315      
  110.00  0.35323829444181459      
  111.00  0.34164508950595607      
  112.00  0.32999101436950795      
  113.00  0.31830287416667519      
  114.00  0.30661145543614510      
  115.00  0.29495127124340204      
  116.00  0.28336002825697498      
  117.00  0.27187778991169104      
  118.00  0.26054584398569031      
  119.00  0.24940532655732278      
  120.00  0.23849569959286843      
  121.00  0.22785321523549501      
  122.00  0.21750951518640962      
  123.00  0.20749050186585433      
  124.00  0.19781558017286327      
  125.00  0.18849731358077154      
  126.00  0.17954147941228732      
  127.00  0.17094745880404677      
  128.00  0.16270886554068340      
  129.00  0.15481430691934001      
  130.00  0.14724817547878227      
  131.00  0.13999138640970016      
  132.00  0.13302199456607847      
  133.00  0.12631564142281543      
  134.00  0.11984579164334852      
  135.00  0.11358371799179043      
  136.00  0.10749817861584454      
  137.00  0.10155469726413646      
  138.00  9.57142963606469888E-002 
  139.00  8.99314347979563306E-002 
  140.00  8.41507740233569668E-002 
  141.00  7.83023859218372753E-002 
  142.00  7.22961457940941576E-002 
  143.00  6.60246986561225241E-002 
  144.00  5.94386890862507178E-002 
  145.00  5.29717201240995500E-002 
  146.00  4.80075438899303930E-002 
  147.00  4.49872551106231117E-002 
  148.00  4.31041995438023323E-002 
  149.00  4.17873915076043406E-002 
  150.00  4.07758958152750622E-002 
  151.00  3.99470792522612569E-002 
  152.00  3.92375483226046901E-002 
  153.00  3.86114896152158840E-002 
  154.00  3.80471258227446443E-002 
  155.00  3.75303924823334814E-002 
  156.00  3.70517426833736896E-002 
  157.00  3.66044200824928098E-002 
  158.00  3.61834711235040907E-002 
  159.00  3.57851523086769249E-002 
  160.00  3.54065596392153514E-002 
  161.00  3.50453885892385714E-002 
  162.00  3.46997737439093956E-002 
  163.00  3.43681786920862625E-002 
  164.00  3.40493185674360099E-002 
  165.00  3.37421043548599142E-002 
  166.00  3.34456020510327523E-002 
  167.00  3.31590021776553209E-002 
  168.00  3.28815966490815376E-002 
  169.00  3.26127609555095371E-002 
  170.00  3.23519402491435765E-002 
  171.00  3.20986383426658459E-002 
  172.00  3.18524089042280106E-002 
  173.00  3.16128483365315793E-002 
  174.00  3.13795899562883118E-002 
  175.00  3.11522991956076530E-002 
  176.00  3.09306696077336629E-002 
  177.00  3.07144195173792503E-002 
  178.00  3.05032891895796743E-002 
  179.00  3.02970384199122873E-002 
  180.00  3.00954444706943262E-002 
  181.00  2.98983002903636316E-002 
  182.00  2.97054129720658415E-002 
  183.00  2.95166024079111973E-002 
  184.00  2.93317001123640717E-002 
  185.00  2.91505481853268252E-002 
  186.00  2.89729983964000445E-002 
  187.00  2.87989113722195919E-002 
  188.00  2.86281558718613285E-002 
  189.00  2.84606081404810904E-002 
  190.00  2.82961513279104473E-002 
  191.00  2.81346749670903507E-002 
  192.00  2.79760745016477512E-002 
  193.00  2.78202508598606908E-002 
  194.00  2.76671100673874723E-002 
  195.00  2.75165628951409731E-002 
  196.00  2.73685245381107833E-002 
  197.00  2.72229143227140473E-002 
  198.00  2.70796554372070945E-002 
  199.00  2.69386746858748874E-002 
  200.00  2.67999022629507762E-002 
  201.00  2.66632715431457841E-002 
  202.00  2.65287188904484508E-002 
  203.00  2.63961834795422221E-002 
  204.00  2.62656071318354764E-002 
  205.00  2.61369341637059174E-002 
  206.00  2.60101112441105883E-002 
  207.00  2.58850872646101578E-002 
  208.00  2.57618132160342024E-002 
  209.00  2.56402420758641454E-002 
  210.00  2.55203287017350608E-002 
  211.00  2.54020297320715245E-002 
  212.00  2.52853034946223972E-002 
  213.00  2.51701099187862584E-002 
  214.00  2.50564104556744056E-002 
  215.00  2.49441680016601122E-002 
  216.00  2.48333468269484811E-002 
  217.00  2.47239125094584483E-002 
  218.00  2.46158318710245280E-002 
  219.00  2.45090729193014160E-002 
  220.00  2.44036047915993232E-002 
  221.00  2.42993977021729105E-002 
  222.00  2.41964228936387277E-002 
  223.00  2.40946525898013825E-002 
  224.00  2.39940599519483933E-002 
  225.00  2.38946190367900040E-002 
  226.00  2.37963047579224582E-002 
  227.00  2.36990928483042443E-002 
  228.00  2.36029598246786446E-002 
  229.00  2.35078829550537591E-002 
  230.00  2.34138402266156134E-002 
  231.00  2.33208103159904361E-002 
  232.00  2.32287725604191433E-002 
  233.00  2.31377069315221624E-002 
  234.00  2.30475940091876344E-002 
  235.00  2.29584149574447033E-002 
  236.00  2.28701515008857097E-002 
  237.00  2.27827859034064224E-002 
  238.00  2.26963009467134776E-002 
  239.00  2.26106799105346076E-002 
  240.00  2.25259065537345288E-002 
  241.00  2.24419650956781749E-002 
  242.00  2.23588401997840830E-002 
  243.00  2.22765169564978736E-002 
  244.00  2.21949808677009003E-002 
  245.00  2.21142178318446438E-002 
  246.00  2.20342141290963585E-002 
  247.00  2.19549564084197436E-002 
  248.00  2.18764316739870311E-002 
  249.00  2.17986272727210065E-002 
  250.00  2.17215308824000447E-002 
  251.00  2.16451305002791014E-002 
  252.00  2.15694144316030331E-002 
  253.00  2.14943712799036749E-002 
  254.00  2.14199899363645002E-002 
  255.00  2.13462595703585167E-002 
  256.00  2.12731696201461304E-002 
  257.00  2.12007097840250791E-002 
  258.00  2.11288700119704569E-002 
  259.00  2.10576404969483912E-002 
  260.00  2.09870116677989722E-002 
  261.00  2.09169741812531250E-002 
  262.00  2.08475189147805835E-002 
  263.00  2.07786369597113794E-002 
  264.00  2.07103196144489202E-002 
  265.00  2.06425583782934921E-002 
  266.00  2.05753449446782234E-002 
  267.00  2.05086711960192139E-002 
  268.00  2.04425291974977864E-002 
  269.00  2.03769111916634327E-002 
  270.00  2.03118095931585085E-002 
  271.00  2.02472169835826374E-002 
  272.00  2.01831261066349257E-002 
  273.00  2.01195298633066663E-002 
  274.00  2.00564213074928277E-002 
  275.00  1.99937936410957591E-002 
  276.00  1.99316402104863094E-002 
  277.00  1.98699545019347772E-002 
  278.00  1.98087301377946265E-002 
  279.00  1.97479608727006463E-002 
  280.00  1.96876405898340490E-002 
  281.00  1.96277632974240952E-002 
  282.00  1.95683231253179941E-002 
  283.00  1.95093143216282690E-002 
  284.00  1.94507312496679310E-002 
  285.00  1.93925683844198143E-002 
  286.00  1.93348203101876420E-002 
  287.00  1.92774817172838876E-002 
  288.00  1.92205473993309478E-002 
  289.00  1.91640122505333486E-002 
  290.00  1.91078712631407958E-002 
  291.00  1.90521195248148159E-002 
  292.00  1.89967522162231457E-002 
  293.00  1.89417646087105609E-002 
  294.00  1.88871520619252539E-002 
  295.00  1.88329100216412700E-002 
  296.00  1.87790340176760794E-002 
  297.00  1.87255196614410716E-002 
  298.00  1.86723626444908197E-002 
  299.00  1.86195587361448825E-002 
  300.00  1.85671037817447052E-002 
  301.00  1.85149937007609913E-002 
  302.00  1.84632244850126484E-002 
  303.00  1.84117921969548064E-002 
  304.00  1.83606929679581074E-002 
  305.00  1.83099229967551395E-002 
  306.00  1.82594785477495844E-002 
  307.00  1.82093559495750436E-002 
  308.00  1.81595515935592568E-002 
  309.00  1.81100619323841874E-002 
  310.00  1.80608834782249698E-002 
  311.00  1.80120128020931532E-002 
  312.00  1.79634465320411378E-002 
  313.00  1.79151813519802874E-002 
  314.00  1.78672140004057026E-002 
  315.00  1.78195412692306113E-002 
  316.00  1.77721600025806011E-002 
  317.00  1.77250670955921459E-002 
  318.00  1.76782594933995139E-002 
  319.00  1.76317341899445007E-002 
  320.00  1.75854882269529042E-002 
  321.00  1.75395186929425545E-002 
  322.00  1.74938227221800753E-002 
  323.00  1.74483974936871580E-002 
  324.00  1.74032402303486503E-002 
  325.00  1.73583481979550820E-002 
  326.00  1.73137187043989546E-002 
  327.00  1.72693490984049611E-002 
  328.00  1.72252367692855325E-002 
  329.00  1.71813791457178754E-002 
  330.00  1.71377736950144473E-002 
  331.00  1.70944179223277322E-002 
  332.00  1.70513093699200466E-002 
  333.00  1.70084456163692062E-002 
  334.00  1.69658242758888231E-002 
  335.00  1.69234429975837833E-002 
  336.00  1.68812994647398254E-002 
  337.00  1.68393913942008408E-002 
  338.00  1.67977165356836752E-002 
  339.00  1.67562726711131399E-002 
  340.00  1.67150576140241217E-002 
  341.00  1.66740692089684742E-002 
  342.00  1.66333053308405157E-002 
  343.00  1.65927638843793267E-002 
  344.00  1.65524428035945838E-002 
  345.00  1.65123400511387880E-002 
  346.00  1.64724536179313534E-002 
  347.00  1.64327815222054703E-002 
  348.00  1.63933218096130387E-002 
  349.00  1.63540725523091679E-002 
  350.00  1.63150318485569476E-002 
  351.00  1.62761978222369756E-002 
  352.00  1.62375686224021029E-002 
  353.00  1.61991424228035107E-002 
  354.00  1.61609174214615778E-002 
  355.00  1.61228918401927178E-002 
  356.00  1.60850639242085848E-002 
  357.00  1.60474319417251120E-002 
  358.00  1.60099941834628626E-002 
  359.00  1.59727489623658972E-002 
  360.00  1.59356946131287980E-002 
  361.00  1.58988294918210177E-002 
  362.00  1.58621519755796220E-002 
  363.00  1.58256604621398247E-002 
  364.00  1.57893533695858193E-002 
  365.00  1.57532291359184090E-002 
  366.00  1.57172862187703946E-002 
  367.00  1.56815230950283976E-002 
  368.00  1.56459382605461522E-002 
  369.00  1.56105302297987469E-002 
  370.00  1.55752975355590746E-002 
  371.00  1.55402387287363383E-002 
  372.00  1.55053523776187471E-002 
  373.00  1.54706370682215679E-002 
  374.00  1.54360914036206602E-002 
  375.00  1.54017140036911276E-002 
  376.00  1.53675035049114228E-002 
  377.00  1.53334585600321816E-002 
  378.00  1.52995778378584059E-002 
  379.00  1.52658600229901385E-002 
  380.00  1.52323038155284807E-002 
  381.00  1.51989079308460420E-002 
  382.00  1.51656710993787573E-002 
  383.00  1.51325920663137430E-002 
  384.00  1.50996695914557416E-002 
  385.00  1.50669024488855521E-002 
  386.00  1.50342894268465886E-002 
  387.00  1.50018293274259938E-002 
  388.00  1.49695209663995854E-002 
  389.00  1.49373631730090935E-002 
  390.00  1.49053547897430357E-002 
  391.00  1.48734946721700238E-002 
  392.00  1.48417816886561998E-002 
  393.00  1.48102147202799489E-002 
  394.00  1.47787926605490207E-002 
  395.00  1.47475144152651276E-002 
  396.00  1.47163789023195633E-002 
  397.00  1.46853850515108360E-002 
  398.00  1.46545318043899610E-002 
  399.00  1.46238181140482346E-002 
  400.00  1.45932429449935168E-002 
  401.00  1.45628052729160351E-002 
  402.00  1.45325040847157968E-002 
  403.00  1.45023383778334850E-002 
  404.00  1.44723071608167282E-002 
  405.00  1.44424094526460732E-002 
  406.00  1.44126442827321455E-002 
  407.00  1.43830106908095258E-002 
  408.00  1.43535077267104485E-002 
  409.00  1.43241344502609280E-002 
  410.00  1.42948899311605183E-002 
  411.00  1.42657732487895782E-002 
  412.00  1.42367834920973067E-002 
  413.00  1.42079197595409400E-002 
  414.00  1.41791811587718471E-002 
  415.00  1.41505668066960778E-002 
  416.00  1.41220758292853379E-002 
  417.00  1.40937073613347369E-002 
  418.00  1.40654605465610240E-002 
  419.00  1.40373345373053966E-002 
  420.00  1.40093284944485252E-002 
  421.00  1.39814415873723737E-002 
  422.00  1.39536729937592037E-002 
  423.00  1.39260218995086900E-002 
  424.00  1.38984874986449701E-002 
  425.00  1.38710689931800767E-002 
  426.00  1.38437655930198165E-002 
  427.00  1.38165765158736239E-002 
  428.00  1.37895009871254887E-002 
  429.00  1.37625382397254421E-002 
  430.00  1.37356875141450788E-002 
  431.00  1.37089480582171137E-002 
  432.00  1.36823191270567662E-002 
  433.00  1.36557999829986978E-002 
  434.00  1.36293898954629213E-002 
  435.00  1.36030881408692149E-002 
  436.00  1.35768940025861838E-002 
  437.00  1.35508067707902392E-002 
  438.00  1.35248257423993441E-002 
  439.00  1.34989502209804189E-002 
  440.00  1.34731795166958546E-002 
  441.00  1.34475129462082697E-002 
  442.00  1.34219498325317405E-002 
  443.00  1.33964895050759335E-002 
  444.00  1.33711312995483562E-002 
  445.00  1.33458745575109651E-002 
  446.00  1.33207186269995899E-002 
  447.00  1.32956628619086970E-002 
  448.00  1.32707066220546475E-002 
  449.00  1.32458492731745200E-002 
  450.00  1.32210901867670511E-002 
  451.00  1.31964287400855411E-002 
  452.00  1.31718643160298292E-002 
  453.00  1.31473963030451328E-002 
  454.00  1.31230240951911246E-002 
  455.00  1.30987470918816351E-002 
  456.00  1.30745646979932260E-002 
  457.00  1.30504763236739783E-002 
  458.00  1.30264813843740668E-002 
  459.00  1.30025793006979060E-002 
  460.00  1.29787694984258069E-002 
  461.00  1.29550514083756445E-002 
  462.00  1.29314244664147180E-002 
  463.00  1.29078881133573905E-002 
  464.00  1.28844417948852374E-002 
  465.00  1.28610849615582827E-002 
  466.00  1.28378170687012318E-002 
  467.00  1.28146375763763393E-002 
  468.00  1.27915459493178479E-002 
  469.00  1.27685416568679381E-002 
  470.00  1.27456241729427874E-002 
  471.00  1.27227929759826074E-002 
  472.00  1.27000475488836476E-002 
  473.00  1.26773873789515733E-002 
  474.00  1.26548119578525457E-002 
  475.00  1.26323207815679829E-002 
  476.00  1.26099133503313424E-002 
  477.00  1.25875891686112185E-002 
  478.00  1.25653477450419666E-002 
  479.00  1.25431885923658615E-002 
  480.00  1.25211112274146129E-002 
  481.00  1.24991151710125686E-002 
  482.00  1.24771999480399656E-002 
  483.00  1.24553650872429554E-002 
  484.00  1.24336101213418822E-002 
  485.00  1.24119345868358658E-002 
  486.00  1.23903380240891585E-002 
  487.00  1.23688199772227416E-002 
  488.00  1.23473799940698216E-002 
  489.00  1.23260176261627222E-002 
  490.00  1.23047324287296304E-002 
  491.00  1.22835239605263609E-002 
  492.00  1.22623917839514689E-002 
  493.00  1.22413354649008165E-002 
  494.00  1.22203545727588535E-002 
  495.00  1.21994486803716669E-002 
  496.00  1.21786173640641791E-002 
  497.00  1.21578602034439747E-002 
  498.00  1.21371767815481486E-002 
  499.00  1.21165666846847157E-002 
  500.00  1.20960295024782963E-002 
  501.00  1.20755648278542804E-002 
  502.00  1.20551722566637834E-002 
  503.00  1.20348513882687271E-002 
  504.00  1.20146018250232856E-002 
  505.00  1.19944231724172269E-002 
  506.00  1.19743150390095258E-002 
  507.00  1.19542770364307084E-002 
  508.00  1.19343087793006338E-002 
  509.00  1.19144098852559978E-002 
  510.00  1.18945799748235020E-002 
  511.00  1.18748186715035495E-002 
  512.00  1.18551256017095704E-002 
  513.00  1.18355003946593162E-002 
  514.00  1.18159426824656355E-002 
  515.00  1.17964521000035287E-002 
  516.00  1.17770282849672531E-002 
  517.00  1.17576708777382098E-002 
  518.00  1.17383795215138774E-002 
  519.00  1.17191538621155798E-002 
  520.00  1.16999935480382490E-002 
  521.00  1.16808982304358287E-002 
  522.00  1.16618675631278319E-002 
  523.00  1.16429012024221786E-002 
  524.00  1.16239988072612179E-002 
  525.00  1.16051600391159360E-002 
  526.00  1.15863845619572445E-002 
  527.00  1.15676720422759165E-002 
  528.00  1.15490221489900381E-002 
  529.00  1.15304345534963954E-002 
  530.00  1.15119089295754005E-002 
  531.00  1.14934449534320297E-002 
  532.00  1.14750423036259278E-002 
  533.00  1.14567006610648316E-002 
  534.00  1.14384197089891105E-002 
  535.00  1.14201991329504187E-002 
  536.00  1.14020386207582466E-002 
  537.00  1.13839378625242241E-002 
  538.00  1.13658965505381276E-002 
  539.00  1.13479143793512628E-002 
  540.00  1.13299910457092222E-002 
  541.00  1.13121262485221842E-002 
  542.00  1.12943196888401955E-002 
  543.00  1.12765710698863701E-002 
  544.00  1.12588800969691399E-002 
  545.00  1.12412464775057501E-002 
  546.00  1.12236699209773173E-002 
  547.00  1.12061501389239572E-002 
  548.00  1.11886868449254454E-002 
  549.00  1.11712797545902645E-002 
  550.00  1.11539285855052298E-002 
  551.00  1.11366330572570567E-002 
  552.00  1.11193928913704797E-002 
  553.00  1.11022078113471572E-002 
  554.00  1.10850775425967059E-002 
  555.00  1.10680018124469856E-002 
  556.00  1.10509803500779373E-002 
  557.00  1.10340128866325410E-002 
  558.00  1.10170991550183495E-002 
  559.00  1.10002388900352494E-002 
  560.00  1.09834318283030634E-002 
  561.00  1.09666777082127864E-002 
  562.00  1.09499762699979859E-002 
  563.00  1.09333272556439258E-002 
  564.00  1.09167304089057785E-002 
  565.00  1.09001854752484827E-002 
  566.00  1.08836922019051804E-002 
  567.00  1.08672503378259046E-002 
  568.00  1.08508596335890085E-002 
  569.00  1.08345198415726214E-002 
  570.00  1.08182307156933621E-002 
  571.00  1.08019920116246698E-002 
  572.00  1.07858034866301321E-002 
  573.00  1.07696648996030916E-002 
  574.00  1.07535760110550570E-002 
  575.00  1.07375365830785809E-002 
  576.00  1.07215463793830564E-002 
  577.00  1.07056051651867098E-002 
  578.00  1.06897127073293380E-002 
  579.00  1.06738687741585077E-002 
  580.00  1.06580731355335571E-002 
  581.00  1.06423255629670491E-002 
  582.00  1.06266258291544471E-002 
  583.00  1.06109737085419188E-002 
  584.00  1.05953689770620259E-002 
  585.00  1.05798114119671788E-002 
  586.00  1.05643007920749286E-002 
  587.00  1.05488368976018859E-002 
  588.00  1.05334195101779438E-002 
  589.00  1.05180484128657922E-002 
  590.00  1.05027233901017064E-002 
  591.00  1.04874442277841495E-002 
  592.00  1.04722107131041096E-002 
  593.00  1.04570226346801191E-002 
  594.00  1.04418797824272248E-002 
  595.00  1.04267819476925698E-002 
  596.00  1.04117289230950920E-002 
  597.00  1.03967205025754066E-002 
  598.00  1.03817564814062003E-002 
  599.00  1.03668366561596517E-002 
  600.00  1.03519608247067876E-002 
  601.00  1.03371287861438003E-002 
  602.00  1.03223403409121207E-002 
  603.00  1.03075952906559153E-002 
  604.00  1.02928934382901082E-002 
  605.00  1.02782345879777158E-002 
  606.00  1.02636185450865631E-002 
