  2.0000  0.99999999999997891      
  3.0000  0.99999999959343100      
  4.0000  0.99999992799452442      
  5.0000  0.99999839193649598      
  6.0000  0.99998724763023750      
  7.0000  0.99994403270610466      
  8.0000  0.99983029406110480      
  9.0000  0.99959780803393894      
  10.000  0.99919777336324844      
  11.000  0.99858821845526413      
  12.000  0.99773790969591902      
  13.000  0.99662719108551401      
  14.000  0.99524689245260289      
  15.000  0.99359634663618090      
  16.000  0.99168121423012734      
  17.000  0.98951149494417101      
  18.000  0.98709988351076594      
  19.000  0.98446049968827121      
  20.000  0.98160795863724160      
  21.000  0.97855672377194458      
  22.000  0.97532068079723777      
  23.000  0.97191287776982427      
  24.000  0.96834538551402383      
  25.000  0.96462924245326764      
  26.000  0.96077445655711657      
  27.000  0.95679004421944125      
  28.000  0.95268409148628486      
  29.000  0.94846382733124668      
  30.000  0.94413570187202234      
  31.000  0.93970546476528827      
  32.000  0.93517824071131628      
  33.000  0.93055860019472403      
  34.000  0.92585062443957189      
  35.000  0.92105796412138985      
  36.000  0.91618389177040616      
  37.000  0.91123134804694583      
  38.000  0.90620298222319506      
  39.000  0.90110118729177768      
  40.000  0.89592813016228945      
  41.000  0.89068577741675592      
  42.000  0.88537591708846008      
  43.000  0.88000017689831778      
  44.000  0.87456003936830662      
  45.000  0.86905685418573686      
  46.000  0.86349184816701519      
  47.000  0.85786613313428473      
  48.000  0.85218071198749645      
  49.000  0.84643648322473108      
  50.000  0.84063424413987398      
  51.000  0.83477469289255146      
  52.000  0.82885842963817746      
  53.000  0.82288595687073973      
  54.000  0.81685767912133689      
  55.000  0.81077390213561773      
  56.000  0.80463483164190974      
  57.000  0.79844057179901007      
  58.000  0.79219112341517839      
  59.000  0.78588638200426053      
  60.000  0.77952613574253449      
  61.000  0.77311006338101063      
  62.000  0.76663773215060460      
  63.000  0.76010859570454248      
  64.000  0.75352199212077242      
  65.000  0.74687714199214050      
  66.000  0.74017314661524924      
  67.000  0.73340898629844542      
  68.000  0.72658351879164651      
  69.000  0.71969547784893984      
  70.000  0.71274347192015886      
  71.000  0.70572598298243994      
  72.000  0.69864136551097833      
  73.000  0.69148784558815468      
  74.000  0.68426352016511394      
  75.000  0.67696635648334136      
  76.000  0.66959419166600942      
  77.000  0.66214473251524808      
  78.000  0.65461555553426509      
  79.000  0.64700410723388146      
  80.000  0.63930770477108667      
  81.000  0.63152353701229980      
  82.000  0.62364866611092240      
  83.000  0.61568002974300462      
  84.000  0.60761444415132992      
  85.000  0.59944860821745283      
  86.000  0.59117910880380209      
  87.000  0.58280242768545976      
  88.000  0.57431495046118319      
  89.000  0.56571297790607111      
  90.000  0.55699274034854596      
  91.000  0.54815041576652768      
  92.000  0.53918215244838374      
  93.000  0.53008409723299210      
  94.000  0.52085243055620400      
  95.000  0.51148340975151840      
  96.000  0.50197342232742626      
  97.000  0.49231905125196046      
  98.000  0.48251715458542038      
  99.000  0.47256496215119820      
  100.00  0.46246019226416529      
  101.00  0.45220119180035823      
  102.00  0.44178710308533481      
  103.00  0.43121806100866317      
  104.00  0.42049542341867419      
  105.00  0.40962203695312616      
  106.00  0.39860253879131347      
  107.00  0.38744369213474095      
  108.00  0.37615474915219133      
  109.00  0.36474782942597778      
  110.00  0.35323829444203303      
  111.00  0.34164508950620248      
  112.00  0.32999101436970935      
  113.00  0.31830287416690156      
  114.00  0.30661145543639545      
  115.00  0.29495127124360343      
  116.00  0.28336002825718565      
  117.00  0.27187778991190237      
  118.00  0.26054584398589198      
  119.00  0.24940532655756081      
  120.00  0.23849569959307085      
  121.00  0.22785321523570512      
  122.00  0.21750951518661438      
  123.00  0.20749050186609908      
  124.00  0.19781558017308101      
  125.00  0.18849731358101091      
  126.00  0.17954147941249182      
  127.00  0.17094745880427620      
  128.00  0.16270886554089303      
  129.00  0.15481430691955653      
  130.00  0.14724817547898372      
  131.00  0.13999138640993497      
  132.00  0.13302199456630276      
  133.00  0.12631564142304480      
  134.00  0.11984579164352779      
  135.00  0.11358371799193168      
  136.00  0.10749817861596837      
  137.00  0.10155469726423434      
  138.00  9.57142963607431063E-002 
  139.00  8.99314347980330331E-002 
  140.00  8.41507740234290480E-002 
  141.00  7.83023859219000307E-002 
  142.00  7.22961457941518199E-002 
  143.00  6.60246986561747046E-002 
  144.00  5.94386890862990125E-002 
  145.00  5.29717201241495239E-002 
  146.00  4.80075438899721513E-002 
  147.00  4.49872551106693802E-002 
  148.00  4.31041995438437020E-002 
  149.00  4.17873915076463626E-002 
  150.00  4.07758958153102979E-002 
  151.00  3.99470792523036466E-002 
  152.00  3.92375483226522492E-002 
  153.00  3.86114896152613268E-002 
  154.00  3.80471258227879500E-002 
  155.00  3.75303924823783622E-002 
  156.00  3.70517426834185565E-002 
  157.00  3.66044200825334648E-002 
  158.00  3.61834711235443154E-002 
  159.00  3.57851523087222012E-002 
  160.00  3.54065596392626816E-002 
  161.00  3.50453885892786435E-002 
  162.00  3.46997737439466922E-002 
  163.00  3.43681786921265081E-002 
  164.00  3.40493185674709611E-002 
  165.00  3.37421043548930821E-002 
  166.00  3.34456020510748228E-002 
  167.00  3.31590021776947685E-002 
  168.00  3.28815966491141642E-002 
  169.00  3.26127609555492276E-002 
  170.00  3.23519402491794575E-002 
  171.00  3.20986383427052449E-002 
  172.00  3.18524089042648006E-002 
  173.00  3.16128483365754817E-002 
  174.00  3.13795899563268713E-002 
  175.00  3.11522991956487590E-002 
  176.00  3.09306696077713481E-002 
  177.00  3.07144195174146491E-002 
  178.00  3.05032891896190386E-002 
  179.00  3.02970384199450042E-002 
  180.00  3.00954444707318587E-002 
  181.00  2.98983002903937187E-002 
  182.00  2.97054129721082485E-002 
  183.00  2.95166024079454789E-002 
  184.00  2.93317001123954875E-002 
  185.00  2.91505481853603088E-002 
  186.00  2.89729983964252362E-002 
  187.00  2.87989113722585295E-002 
  188.00  2.86281558719064418E-002 
  189.00  2.84606081405245903E-002 
  190.00  2.82961513279364370E-002 
  191.00  2.81346749671240390E-002 
  192.00  2.79760745016834969E-002 
  193.00  2.78202508598935742E-002 
  194.00  2.76671100674291577E-002 
  195.00  2.75165628951786756E-002 
  196.00  2.73685245381456548E-002 
  197.00  2.72229143227405990E-002 
  198.00  2.70796554372526796E-002 
  199.00  2.69386746859091412E-002 
  200.00  2.67999022629845721E-002 
  201.00  2.66632715431737999E-002 
  202.00  2.65287188904822155E-002 
  203.00  2.63961834795840185E-002 
  204.00  2.62656071318677700E-002 
  205.00  2.61369341637414203E-002 
  206.00  2.60101112441394541E-002 
  207.00  2.58850872646521415E-002 
  208.00  2.57618132160640848E-002 
  209.00  2.56402420758956480E-002 
  210.00  2.55203287017690683E-002 
  211.00  2.54020297321022777E-002 
  212.00  2.52853034946588610E-002 
  213.00  2.51701099188241795E-002 
  214.00  2.50564104556969085E-002 
  215.00  2.49441680016997888E-002 
  216.00  2.48333468269806498E-002 
  217.00  2.47239125094961473E-002 
  218.00  2.46158318710552257E-002 
  219.00  2.45090729193301639E-002 
  220.00  2.44036047916382261E-002 
  221.00  2.42993977022096935E-002 
  222.00  2.41964228936610327E-002 
  223.00  2.40946525898253425E-002 
  224.00  2.39940599519761003E-002 
  225.00  2.38946190368146301E-002 
  226.00  2.37963047579423312E-002 
  227.00  2.36990928483460858E-002 
  228.00  2.36029598247094567E-002 
  229.00  2.35078829550864551E-002 
  230.00  2.34138402266360623E-002 
  231.00  2.33208103160201900E-002 
  232.00  2.32287725604439534E-002 
  233.00  2.31377069315526138E-002 
  234.00  2.30475940092016440E-002 
  235.00  2.29584149574841336E-002 
  236.00  2.28701515009177708E-002 
  237.00  2.27827859034389103E-002 
  238.00  2.26963009467386831E-002 
  239.00  2.26106799105645281E-002 
  240.00  2.25259065537668710E-002 
  241.00  2.24419650957073599E-002 
  242.00  2.23588401998116165E-002 
  243.00  2.22765169565302991E-002 
  244.00  2.21949808677216372E-002 
  245.00  2.21142178318897015E-002 
  246.00  2.20342141291298664E-002 
  247.00  2.19549564084502505E-002 
  248.00  2.18764316740113485E-002 
  249.00  2.17986272727498584E-002 
  250.00  2.17215308824269850E-002 
  251.00  2.16451305003107740E-002 
  252.00  2.15694144316432787E-002 
  253.00  2.14943712799385359E-002 
  254.00  2.14199899363994202E-002 
  255.00  2.13462595703852419E-002 
  256.00  2.12731696201589326E-002 
  257.00  2.12007097840523455E-002 
  258.00  2.11288700120143766E-002 
  259.00  2.10576404969844630E-002 
  260.00  2.09870116678348428E-002 
  261.00  2.09169741812722312E-002 
  262.00  2.08475189148149519E-002 
  263.00  2.07786369597334972E-002 
  264.00  2.07103196144698201E-002 
  265.00  2.06425583783380502E-002 
  266.00  2.05753449447128936E-002 
  267.00  2.05086711960495750E-002 
  268.00  2.04425291975304790E-002 
  269.00  2.03769111916866988E-002 
  270.00  2.03118095931769417E-002 
  271.00  2.02472169836114199E-002 
  272.00  2.01831261066515791E-002 
  273.00  2.01195298633201659E-002 
  274.00  2.00564213075397069E-002 
  275.00  1.99937936411353073E-002 
  276.00  1.99316402105143287E-002 
  277.00  1.98699545019700372E-002 
  278.00  1.98087301378328702E-002 
  279.00  1.97479608727206719E-002 
  280.00  1.96876405898551363E-002 
  281.00  1.96277632974470560E-002 
  282.00  1.95683231253401153E-002 
  283.00  1.95093143216529472E-002 
  284.00  1.94507312497158129E-002 
  285.00  1.93925683844601224E-002 
  286.00  1.93348203102301844E-002 
  287.00  1.92774817173218052E-002 
  288.00  1.92205473993575793E-002 
  289.00  1.91640122505648131E-002 
  290.00  1.91078712631665669E-002 
  291.00  1.90521195248368365E-002 
  292.00  1.89967522162449443E-002 
  293.00  1.89417646087334142E-002 
  294.00  1.88871520619466535E-002 
  295.00  1.88329100216506236E-002 
  296.00  1.87790340177159260E-002 
  297.00  1.87255196614877460E-002 
  298.00  1.86723626445210282E-002 
  299.00  1.86195587361824601E-002 
  300.00  1.85671037817839481E-002 
  301.00  1.85149937007992767E-002 
  302.00  1.84632244850444563E-002 
  303.00  1.84117921969692948E-002 
  304.00  1.83606929679834899E-002 
  305.00  1.83099229967715015E-002 
  306.00  1.82594785477706613E-002 
  307.00  1.82093559496002630E-002 
  308.00  1.81595515935851701E-002 
  309.00  1.81100619324265216E-002 
  310.00  1.80608834782665477E-002 
  311.00  1.80120128021371874E-002 
  312.00  1.79634465320772548E-002 
  313.00  1.79151813520089173E-002 
  314.00  1.78672140004358694E-002 
  315.00  1.78195412692628216E-002 
  316.00  1.77721600026132104E-002 
  317.00  1.77250670956231662E-002 
  318.00  1.76782594934275540E-002 
  319.00  1.76317341899747092E-002 
  320.00  1.75854882269812635E-002 
  321.00  1.75395186929690819E-002 
  322.00  1.74938227222016136E-002 
  323.00  1.74483974937031036E-002 
  324.00  1.74032402303684851E-002 
  325.00  1.73583481979746983E-002 
  326.00  1.73137187044357897E-002 
  327.00  1.72693490984395168E-002 
  328.00  1.72252367693251675E-002 
  329.00  1.71813791457590473E-002 
  330.00  1.71377736950519589E-002 
  331.00  1.70944179223571982E-002 
  332.00  1.70513093699454429E-002 
  333.00  1.70084456164022353E-002 
  334.00  1.69658242759198608E-002 
  335.00  1.69234429976139363E-002 
  336.00  1.68812994647684379E-002 
  337.00  1.68393913942307717E-002 
  338.00  1.67977165357176134E-002 
  339.00  1.67562726711361840E-002 
  340.00  1.67150576140561100E-002 
  341.00  1.66740692089916293E-002 
  342.00  1.66333053308567839E-002 
  343.00  1.65927638844054412E-002 
  344.00  1.65524428036258539E-002 
  345.00  1.65123400511564752E-002 
  346.00  1.64724536179804495E-002 
  347.00  1.64327815222512739E-002 
  348.00  1.63933218096522088E-002 
  349.00  1.63540725523569005E-002 
  350.00  1.63150318485978281E-002 
  351.00  1.62761978222689570E-002 
  352.00  1.62375686224325647E-002 
  353.00  1.61991424228449497E-002 
  354.00  1.61609174214943155E-002 
  355.00  1.61228918402115465E-002 
  356.00  1.60850639242381896E-002 
  357.00  1.60474319417501926E-002 
  358.00  1.60099941834927102E-002 
  359.00  1.59727489624007721E-002 
  360.00  1.59356946131558944E-002 
  361.00  1.58988294918563505E-002 
  362.00  1.58621519755965737E-002 
  363.00  1.58256604621652974E-002 
  364.00  1.57893533696057790E-002 
  365.00  1.57532291359383722E-002 
  366.00  1.57172862187910864E-002 
  367.00  1.56815230950566251E-002 
  368.00  1.56459382605677808E-002 
  369.00  1.56105302298121997E-002 
  370.00  1.55752975355738007E-002 
  371.00  1.55402387287796630E-002 
  372.00  1.55053523776532230E-002 
  373.00  1.54706370682696857E-002 
  374.00  1.54360914036648592E-002 
  375.00  1.54017140037364993E-002 
  376.00  1.53675035049490351E-002 
  377.00  1.53334585600675838E-002 
  378.00  1.52995778379021122E-002 
  379.00  1.52658600230328092E-002 
  380.00  1.52323038155618394E-002 
  381.00  1.51989079308831650E-002 
  382.00  1.51656710993991022E-002 
  383.00  1.51325920663495650E-002 
  384.00  1.50996695914810651E-002 
  385.00  1.50669024489190981E-002 
  386.00  1.50342894268723579E-002 
  387.00  1.50018293274499174E-002 
  388.00  1.49695209664177133E-002 
  389.00  1.49373631730397392E-002 
  390.00  1.49053547897719605E-002 
  391.00  1.48734946721927747E-002 
  392.00  1.48417816886836588E-002 
  393.00  1.48102147203067660E-002 
  394.00  1.47787926605657070E-002 
  395.00  1.47475144152858003E-002 
  396.00  1.47163789023368134E-002 
  397.00  1.46853850515311808E-002 
  398.00  1.46545318044080247E-002 
  399.00  1.46238181140710046E-002 
  400.00  1.45932429450023639E-002 
  401.00  1.45628052729296492E-002 
  402.00  1.45325040847803424E-002 
  403.00  1.45023383778926686E-002 
  404.00  1.44723071608734433E-002 
  405.00  1.44424094527009529E-002 
  406.00  1.44126442827801540E-002 
  407.00  1.43830106908567450E-002 
  408.00  1.43535077267497417E-002 
  409.00  1.43241344503005318E-002 
  410.00  1.42948899311948069E-002 
  411.00  1.42657732488302019E-002 
  412.00  1.42367834921514804E-002 
  413.00  1.42079197595674136E-002 
  414.00  1.41791811587980935E-002 
  415.00  1.41505668067401121E-002 
  416.00  1.41220758293056584E-002 
  417.00  1.40937073613657867E-002 
  418.00  1.40654605466033287E-002 
  419.00  1.40373345373400425E-002 
  420.00  1.40093284944856102E-002 
  421.00  1.39814415874008578E-002 
  422.00  1.39536729937945921E-002 
  423.00  1.39260218995495063E-002 
  424.00  1.38984874986774996E-002 
  425.00  1.38710689931916594E-002 
  426.00  1.38437655930497040E-002 
  427.00  1.38165765159105943E-002 
  428.00  1.37895009871512961E-002 
  429.00  1.37625382397485452E-002 
  430.00  1.37356875141648981E-002 
  431.00  1.37089480582426645E-002 
  432.00  1.36823191270925380E-002 
  433.00  1.36557999830298482E-002 
  434.00  1.36293898954922832E-002 
  435.00  1.36030881408926302E-002 
  436.00  1.35768940026165328E-002 
  437.00  1.35508067707975268E-002 
  438.00  1.35248257424057557E-002 
  439.00  1.34989502210026788E-002 
  440.00  1.34731795167199273E-002 
  441.00  1.34475129462228865E-002 
  442.00  1.34219498325547724E-002 
  443.00  1.33964895050915581E-002 
  444.00  1.33711312996058207E-002 
  445.00  1.33458745575770650E-002 
  446.00  1.33207186270731803E-002 
  447.00  1.32956628619692006E-002 
  448.00  1.32707066221015683E-002 
  449.00  1.32458492732330409E-002 
  450.00  1.32210901868245519E-002 
  451.00  1.31964287401314488E-002 
  452.00  1.31718643160692404E-002 
  453.00  1.31473963030980853E-002 
  454.00  1.31230240952266795E-002 
  455.00  1.30987470919273798E-002 
  456.00  1.30745646980407020E-002 
  457.00  1.30504763237181270E-002 
  458.00  1.30264813844144563E-002 
  459.00  1.30025793007400581E-002 
  460.00  1.29787694984542182E-002 
  461.00  1.29550514084158883E-002 
  462.00  1.29314244664549081E-002 
  463.00  1.29078881133921023E-002 
  464.00  1.28844417949174703E-002 
  465.00  1.28610849615970572E-002 
  466.00  1.28378170687401729E-002 
  467.00  1.28146375764076892E-002 
  468.00  1.27915459493488474E-002 
  469.00  1.27685416568912129E-002 
  470.00  1.27456241729794941E-002 
  471.00  1.27227929760308917E-002 
  472.00  1.27000475489299717E-002 
  473.00  1.26773873789787599E-002 
  474.00  1.26548119578890391E-002 
  475.00  1.26323207815928762E-002 
  476.00  1.26099133503542286E-002 
  477.00  1.25875891686452277E-002 
  478.00  1.25653477450738682E-002 
  479.00  1.25431885924050298E-002 
  480.00  1.25211112274271116E-002 
  481.00  1.24991151710411013E-002 
  482.00  1.24771999480560898E-002 
  483.00  1.24553650872784201E-002 
  484.00  1.24336101213621750E-002 
  485.00  1.24119345868636422E-002 
  486.00  1.23903380241031855E-002 
  487.00  1.23688199772412060E-002 
  488.00  1.23473799940785629E-002 
  489.00  1.23260176262019131E-002 
  490.00  1.23047324287453540E-002 
  491.00  1.22835239605451653E-002 
  492.00  1.22623917839795489E-002 
  493.00  1.22413354649192445E-002 
  494.00  1.22203545727745163E-002 
  495.00  1.21994486804033343E-002 
  496.00  1.21786173640836149E-002 
  497.00  1.21578602034563589E-002 
  498.00  1.21371767815665541E-002 
  499.00  1.21165666847069288E-002 
  500.00  1.20960295024895841E-002 
  501.00  1.20755648279112972E-002 
  502.00  1.20551722567312555E-002 
  503.00  1.20348513883339944E-002 
  504.00  1.20146018250649519E-002 
  505.00  1.19944231724700215E-002 
  506.00  1.19743150390740887E-002 
  507.00  1.19542770364933198E-002 
  508.00  1.19343087793714574E-002 
  509.00  1.19144098852913358E-002 
  510.00  1.18945799748711514E-002 
  511.00  1.18748186715507010E-002 
  512.00  1.18551256017650954E-002 
  513.00  1.18355003947138160E-002 
  514.00  1.18159426825182167E-002 
  515.00  1.17964521000507461E-002 
  516.00  1.17770282849927500E-002 
  517.00  1.17576708777920175E-002 
  518.00  1.17383795215579931E-002 
  519.00  1.17191538621574561E-002 
  520.00  1.16999935480726590E-002 
  521.00  1.16808982304873674E-002 
  522.00  1.16618675631607396E-002 
  523.00  1.16429012024493080E-002 
  524.00  1.16239988072786675E-002 
  525.00  1.16051600391494248E-002 
  526.00  1.15863845619979047E-002 
  527.00  1.15676720423094712E-002 
  528.00  1.15490221490265749E-002 
  529.00  1.15304345535420742E-002 
  530.00  1.15119089296175751E-002 
  531.00  1.14934449534676540E-002 
  532.00  1.14750423036600550E-002 
  533.00  1.14567006610994775E-002 
  534.00  1.14384197090239663E-002 
  535.00  1.14201991329896339E-002 
  536.00  1.14020386208023104E-002 
  537.00  1.13839378625503404E-002 
  538.00  1.13658965505622142E-002 
  539.00  1.13479143793858081E-002 
  540.00  1.13299910457428134E-002 
  541.00  1.13121262485557147E-002 
  542.00  1.12943196888757192E-002 
  543.00  1.12765710699267614E-002 
  544.00  1.12588800969959831E-002 
  545.00  1.12412464775407672E-002 
  546.00  1.12236699210123449E-002 
  547.00  1.12061501389601002E-002 
  548.00  1.11886868449436842E-002 
  549.00  1.11712797546267041E-002 
  550.00  1.11539285855351122E-002 
  551.00  1.11366330572821529E-002 
  552.00  1.11193928913838145E-002 
  553.00  1.11022078113683104E-002 
  554.00  1.10850775426255335E-002 
  555.00  1.10680018124707166E-002 
  556.00  1.10509803501141670E-002 
  557.00  1.10340128866694663E-002 
  558.00  1.10170991550518800E-002 
  559.00  1.10002388900665906E-002 
  560.00  1.09834318283267875E-002 
  561.00  1.09666777082434753E-002 
  562.00  1.09499762700259497E-002 
  563.00  1.09333272556752237E-002 
  564.00  1.09167304089318688E-002 
  565.00  1.09001854752765297E-002 
  566.00  1.08836922019241653E-002 
  567.00  1.08672503378421000E-002 
  568.00  1.08508596336234515E-002 
  569.00  1.08345198415831789E-002 
  570.00  1.08182307157199432E-002 
  571.00  1.08019920116429503E-002 
  572.00  1.07858034866485219E-002 
  573.00  1.07696648996256448E-002 
  574.00  1.07535760110786024E-002 
  575.00  1.07375365831063208E-002 
  576.00  1.07215463794035609E-002 
  577.00  1.07056051652039096E-002 
  578.00  1.06897127073381035E-002 
  579.00  1.06738687741660954E-002 
  580.00  1.06580731355537146E-002 
  581.00  1.06423255630272908E-002 
  582.00  1.06266258291936901E-002 
  583.00  1.06109737086005664E-002 
  584.00  1.05953689771110006E-002 
  585.00  1.05798114120315839E-002 
  586.00  1.05643007921347350E-002 
  587.00  1.05488368976574213E-002 
  588.00  1.05334195102329744E-002 
  589.00  1.05180484129215584E-002 
  590.00  1.05027233901670500E-002 
  591.00  1.04874442278308066E-002 
  592.00  1.04722107131548937E-002 
  593.00  1.04570226347307747E-002 
  594.00  1.04418797824910349E-002 
  595.00  1.04267819477509831E-002 
  596.00  1.04117289231422071E-002 
  597.00  1.03967205026346023E-002 
  598.00  1.03817564814725084E-002 
  599.00  1.03668366562281629E-002 
  600.00  1.03519608247581094E-002 
  601.00  1.03371287861993445E-002 
  602.00  1.03223403409644747E-002 
  603.00  1.03075952907077766E-002 
  604.00  1.02928934383535505E-002 
  605.00  1.02782345880404261E-002 
  606.00  1.02636185451393924E-002 
