  2.0000  -1.0000000000000000      
  3.0000  -1.0000000000000000      
  4.0000 -0.99999999999993572      
  5.0000 -0.99999999997673616      
  6.0000 -0.99999999881815982      
  7.0000 -0.99999998045592853      
  8.0000 -0.99999983974302431      
  9.0000 -0.99999917680199246      
  10.000 -0.99999695206482020      
  11.000 -0.99999110594625118      
  12.000 -0.99997829073234179      
  13.000 -0.99995380968680581      
  14.000 -0.99991177014610400      
  15.000 -0.99984539242402692      
  16.000 -0.99974739299185966      
  17.000 -0.99961036873628084      
  18.000 -0.99942713202920752      
  19.000 -0.99919097084327857      
  20.000 -0.99889582758632722      
  21.000 -0.99853640289885637      
  22.000 -0.99810819712937315      
  23.000 -0.99760750426413125      
  24.000 -0.99703137243856577      
  25.000 -0.99637754313040738      
  26.000 -0.99564437862802035      
  27.000 -0.99483078491139454      
  28.000 -0.99393613494375788      
  29.000 -0.99296019564163363      
  30.000 -0.99190306047103860      
  31.000 -0.99076508865686252      
  32.000 -0.98954685132590114      
  33.000 -0.98824908446487780      
  34.000 -0.98687264830439769      
  35.000 -0.98541849258999703      
  36.000 -0.98388762713411637      
  37.000 -0.98228109703109712      
  38.000 -0.98059996193870502      
  39.000 -0.97884527887180073      
  40.000 -0.97701808800544876      
  41.000 -0.97511940104002104      
  42.000 -0.97315019173552386      
  43.000 -0.97111138827390509      
  44.000 -0.96900386715540388      
  45.000 -0.96682844837692239      
  46.000 -0.96458589167806696      
  47.000 -0.96227689367236469      
  48.000 -0.95990208570924751      
  49.000 -0.95746203233610383      
  50.000 -0.95495723024988699      
  51.000 -0.95238810764480508      
  52.000 -0.94975502387694788      
  53.000 -0.94705826937882465      
  54.000 -0.94429806576646769      
  55.000 -0.94147456609068647      
  56.000 -0.93858785519044274      
  57.000 -0.93563795011238682      
  58.000 -0.93262480056526642      
  59.000 -0.92954828938180756      
  60.000 -0.92640823296403596      
  61.000 -0.92320438169022212      
  62.000 -0.91993642026439237      
  63.000 -0.91660396799040078      
  64.000 -0.91320657895434754      
  65.000 -0.90974374209968245      
  66.000 -0.90621488118056470      
  67.000 -0.90261935457910458      
  68.000 -0.89895645497233156      
  69.000 -0.89522540883506463      
  70.000 -0.89142537576433101      
  71.000 -0.88755544761051619      
  72.000 -0.88361464740012929      
  73.000 -0.87960192803395432      
  74.000 -0.87551617074315913      
  75.000 -0.87135618328525322      
  76.000 -0.86712069785942114      
  77.000 -0.86280836871996025      
  78.000 -0.85841776946359760      
  79.000 -0.85394738996521968      
  80.000 -0.84939563293313491      
  81.000 -0.84476081005289727      
  82.000 -0.84004113768565536      
  83.000 -0.83523473208346144      
  84.000 -0.83033960408109109      
  85.000 -0.82535365322057874      
  86.000 -0.82027466126089821      
  87.000 -0.81510028502285492      
  88.000 -0.80982804851643997      
  89.000 -0.80445533429662386      
  90.000 -0.79897937399376351      
  91.000 -0.79339723796744122      
  92.000 -0.78770582403882894      
  93.000 -0.78190184526837558      
  94.000 -0.77598181676402134      
  95.000 -0.76994204153548451      
  96.000 -0.76377859545228599      
  97.000 -0.75748731142734882      
  98.000 -0.75106376303466571      
  99.000 -0.74450324789145639      
  100.00 -0.73780077129674693      
  101.00 -0.73095103082995128      
  102.00 -0.72394840287978990      
  103.00 -0.71678693239570657      
  104.00 -0.70946032751517474      
  105.00 -0.70196196108451636      
  106.00 -0.69428488137063016      
  107.00 -0.68642183431813553      
  108.00 -0.67836529930544487      
  109.00 -0.67010753918455868      
  110.00 -0.66164066308023939      
  111.00 -0.65295669668033407      
  112.00 -0.64404764957465743      
  113.00 -0.63490556323665559      
  114.00 -0.62552251805707659      
  115.00 -0.61589057587667617      
  116.00 -0.60600163825379738      
  117.00 -0.59584721136568097      
  118.00 -0.58541808409926510      
  119.00 -0.57470394139825198      
  120.00 -0.56369294388982527      
  121.00 -0.55237130294374293      
  122.00 -0.54072286798502278      
  123.00 -0.52872872458491882      
  124.00 -0.51636678328638252      
  125.00 -0.50361132396699737      
  126.00 -0.49043244914787243      
  127.00 -0.47679538948557665      
  128.00 -0.46265959153625352      
  129.00 -0.44797749652321084      
  130.00 -0.43269288248138765      
  131.00 -0.41673858036570949      
  132.00 -0.40003326919749760      
  133.00 -0.38247687080796650      
  134.00 -0.36394372949604897      
  135.00 -0.34427211990436046      
  136.00 -0.32324731309429583      
  137.00 -0.30057251019909603      
  138.00 -0.27581472095255355      
  139.00 -0.24829196315188823      
  140.00 -0.21679511575432894      
  141.00 -0.17867472124822673      
  142.00 -0.12382223659394012      
  143.00  0.19326510713848910      
  144.00  0.15314925992077727      
  145.00  0.11146394335060608      
  146.00  7.90847259821616660E-002 
  147.00  6.04048179835212293E-002 
  148.00  4.99208921502938829E-002 
  149.00  4.34907153643988506E-002 
  150.00  3.91980029385455078E-002 
  151.00  3.61412068398687877E-002 
  152.00  3.38564690626961193E-002 
  153.00  3.20841586860711458E-002 
  154.00  3.06685399324672925E-002 
  155.00  2.95108290976261178E-002 
  156.00  2.85454552484332436E-002 
  157.00  2.77272336262334267E-002 
  158.00  2.70240386268859947E-002 
  159.00  2.64124170110820802E-002 
  160.00  2.58748543977834269E-002 
  161.00  2.53980124477499805E-002 
  162.00  2.49715577208325032E-002 
  163.00  2.45873630936247270E-002 
  164.00  2.42389506150588428E-002 
  165.00  2.39210948081195404E-002 
  166.00  2.36295350360799308E-002 
  167.00  2.33607635213724484E-002 
  168.00  2.31118668013034108E-002 
  169.00  2.28804055519371899E-002 
  170.00  2.26643223705801679E-002 
  171.00  2.24618702393736859E-002 
  172.00  2.22715564370092010E-002 
  173.00  2.20920981666597252E-002 
  174.00  2.19223871232140828E-002 
  175.00  2.17614609946556285E-002 
  176.00  2.16084803439763398E-002 
  177.00  2.14627097382974613E-002 
  178.00  2.13235022385321500E-002 
  179.00  2.11902865724152775E-002 
  180.00  2.10625564716939960E-002 
  181.00  2.09398617446737295E-002 
  182.00  2.08218007876240473E-002 
  183.00  2.07080142451253613E-002 
  184.00  2.05981796459811795E-002 
  185.00  2.04920068224623379E-002 
  186.00  2.03892339971878944E-002 
  187.00  2.02896244165483818E-002 
  188.00  2.01929634585489015E-002 
  189.00  2.00990561214468948E-002 
  190.00  2.00077248479829627E-002 
  191.00  1.99188076347935200E-002 
  192.00  1.98321563721881970E-002 
  193.00  1.97476353989802580E-002 
  194.00  1.96651202288404651E-002 
  195.00  1.95844964296579931E-002 
  196.00  1.95056586330008101E-002 
  197.00  1.94285096623997774E-002 
  198.00  1.93529597507951096E-002 
  199.00  1.92789258525256357E-002 
  200.00  1.92063310308594609E-002 
  201.00  1.91351039019137421E-002 
  202.00  1.90651781500692057E-002 
  203.00  1.89964920812734708E-002 
  204.00  1.89289882293741246E-002 
  205.00  1.88626130029555701E-002 
  206.00  1.87973163577573321E-002 
  207.00  1.87330515141036352E-002 
  208.00  1.86697746874299256E-002 
  209.00  1.86074448573102721E-002 
  210.00  1.85460235488673977E-002 
  211.00  1.84854746351955923E-002 
  212.00  1.84257641645740565E-002 
  213.00  1.83668601919686966E-002 
  214.00  1.83087326366621651E-002 
  215.00  1.82513531443397672E-002 
  216.00  1.81946949615350295E-002 
  217.00  1.81387328274229334E-002 
  218.00  1.80834428638195314E-002 
  219.00  1.80288024854795489E-002 
  220.00  1.79747903098459137E-002 
  221.00  1.79213860741825222E-002 
  222.00  1.78685705661551890E-002 
  223.00  1.78163255519712335E-002 
  224.00  1.77646337147268699E-002 
  225.00  1.77134785932943108E-002 
  226.00  1.76628445324949583E-002 
  227.00  1.76127166309317448E-002 
  228.00  1.75630806925559414E-002 
  229.00  1.75139231880657095E-002 
  230.00  1.74652312120320355E-002 
  231.00  1.74169924472910610E-002 
  232.00  1.73691951277755094E-002 
  233.00  1.73218280106381337E-002 
  234.00  1.72748803435409798E-002 
  235.00  1.72283418381961734E-002 
  236.00  1.71822026416598300E-002 
  237.00  1.71364533164065809E-002 
  238.00  1.70910848146740776E-002 
  239.00  1.70460884581049056E-002 
  240.00  1.70014559185848319E-002 
  241.00  1.69571791970950098E-002 
  242.00  1.69132506103424687E-002 
  243.00  1.68696627717106022E-002 
  244.00  1.68264085767545861E-002 
  245.00  1.67834811893970565E-002 
  246.00  1.67408740260056102E-002 
  247.00  1.66985807466030305E-002 
  248.00  1.66565952402816207E-002 
  249.00  1.66149116146925638E-002 
  250.00  1.65735241855148457E-002 
  251.00  1.65324274671363423E-002 
  252.00  1.64916161607744430E-002 
  253.00  1.64510851494520764E-002 
  254.00  1.64108294870937768E-002 
  255.00  1.63708443912845662E-002 
  256.00  1.63311252358893134E-002 
  257.00  1.62916675439424771E-002 
  258.00  1.62524669816492065E-002 
  259.00  1.62135193497395594E-002 
  260.00  1.61748205810786500E-002 
  261.00  1.61363667325879513E-002 
  262.00  1.60981539805843676E-002 
  263.00  1.60601786156441446E-002 
  264.00  1.60224370378540537E-002 
  265.00  1.59849257527826145E-002 
  266.00  1.59476413648909215E-002 
  267.00  1.59105805768963923E-002 
  268.00  1.58737401835463490E-002 
  269.00  1.58371170684722604E-002 
  270.00  1.58007082006488449E-002 
  271.00  1.57645106310813632E-002 
  272.00  1.57285214895935312E-002 
  273.00  1.56927379817739139E-002 
  274.00  1.56571573866365818E-002 
  275.00  1.56217770516942720E-002 
  276.00  1.55865943935947823E-002 
  277.00  1.55516068934522210E-002 
  278.00  1.55168120949263546E-002 
  279.00  1.54822076020216613E-002 
  280.00  1.54477910768286656E-002 
  281.00  1.54135602375276466E-002 
  282.00  1.53795128563564525E-002 
  283.00  1.53456467577001016E-002 
  284.00  1.53119598167690638E-002 
  285.00  1.52784499558729307E-002 
  286.00  1.52451151458628479E-002 
  287.00  1.52119534023247242E-002 
  288.00  1.51789627847216217E-002 
  289.00  1.51461413948889012E-002 
  290.00  1.51134873756324055E-002 
  291.00  1.50809989093714011E-002 
  292.00  1.50486742169029745E-002 
  293.00  1.50165115560918390E-002 
  294.00  1.49845092207888716E-002 
  295.00  1.49526655396231799E-002 
  296.00  1.49209788754301048E-002 
  297.00  1.48894476222438017E-002 
  298.00  1.48580702072592073E-002 
  299.00  1.48268450878909948E-002 
  300.00  1.47957707512816200E-002 
  301.00  1.47648457135279246E-002 
  302.00  1.47340685187118577E-002 
  303.00  1.47034377381394937E-002 
  304.00  1.46729519695455168E-002 
  305.00  1.46426098363071355E-002 
  306.00  1.46124099867344821E-002 
  307.00  1.45823510933671546E-002 
  308.00  1.45524318522256921E-002 
  309.00  1.45226509827476903E-002 
  310.00  1.44930072251637006E-002 
  311.00  1.44634993427877334E-002 
  312.00  1.44341261195071978E-002 
  313.00  1.44048863597046779E-002 
  314.00  1.43757788876781901E-002 
  315.00  1.43468025471563121E-002 
  316.00  1.43179562007933105E-002 
  317.00  1.42892387296314760E-002 
  318.00  1.42606490326351483E-002 
  319.00  1.42321860263234460E-002 
  320.00  1.42038486441546739E-002 
  321.00  1.41756358363113507E-002 
  322.00  1.41475465690814213E-002 
  323.00  1.41195798246055246E-002 
  324.00  1.40917346004139354E-002 
  325.00  1.40640099090989980E-002 
  326.00  1.40364047783563730E-002 
  327.00  1.40089182488625195E-002 
  328.00  1.39815493766872190E-002 
  329.00  1.39542972310145348E-002 
  330.00  1.39271608944725143E-002 
  331.00  1.39001394626694866E-002 
  332.00  1.38732320439480840E-002 
  333.00  1.38464377591431716E-002 
  334.00  1.38197557412046059E-002 
  335.00  1.37931851350378918E-002 
  336.00  1.37667250971281237E-002 
  337.00  1.37403747953844142E-002 
  338.00  1.37141334088535845E-002 
  339.00  1.36880001274130216E-002 
  340.00  1.36619741516765432E-002 
  341.00  1.36360546926378480E-002 
  342.00  1.36102409715436745E-002 
  343.00  1.35845322196053771E-002 
  344.00  1.35589276778545261E-002 
  345.00  1.35334265969328273E-002 
  346.00  1.35080282372178843E-002 
  347.00  1.34827318671300982E-002 
  348.00  1.34575367653090947E-002 
  349.00  1.34324422188698191E-002 
  350.00  1.34074475235609475E-002 
  351.00  1.33825519836425714E-002 
  352.00  1.33577549116833394E-002 
  353.00  1.33330556284594233E-002 
  354.00  1.33084534627467502E-002 
  355.00  1.32839477511846413E-002 
  356.00  1.32595378381341091E-002 
  357.00  1.32352230755363315E-002 
  358.00  1.32110028227474564E-002 
  359.00  1.31868764464241704E-002 
  360.00  1.31628433203935889E-002 
  361.00  1.31389028255037010E-002 
  362.00  1.31150543495051116E-002 
  363.00  1.30912972869684542E-002 
  364.00  1.30676310390778032E-002 
  365.00  1.30440550135750705E-002 
  366.00  1.30205686246533010E-002 
  367.00  1.29971712927907899E-002 
  368.00  1.29738624447426291E-002 
  369.00  1.29506415132791125E-002 
  370.00  1.29275079376009877E-002 
  371.00  1.29044611616685265E-002 
  372.00  1.28815006363738084E-002 
  373.00  1.28586258179546557E-002 
  374.00  1.28358361682252460E-002 
  375.00  1.28131311545443861E-002 
  376.00  1.27905102497203934E-002 
  377.00  1.27679729318457454E-002 
  378.00  1.27455186843107478E-002 
  379.00  1.27231469956904184E-002 
  380.00  1.27008573596122474E-002 
  381.00  1.26786492747492183E-002 
  382.00  1.26565222446862000E-002 
  383.00  1.26344757778647700E-002 
  384.00  1.26125093875311175E-002 
  385.00  1.25906225916235133E-002 
  386.00  1.25688149127443864E-002 
  387.00  1.25470858780013968E-002 
  388.00  1.25254350190950690E-002 
  389.00  1.25038618720677737E-002 
  390.00  1.24823659773932553E-002 
  391.00  1.24609468798432509E-002 
  392.00  1.24396041283720143E-002 
  393.00  1.24183372761901868E-002 
  394.00  1.23971458805936172E-002 
  395.00  1.23760295029364045E-002 
  396.00  1.23549877085760516E-002 
  397.00  1.23340200668358400E-002 
  398.00  1.23131261508962024E-002 
  399.00  1.22923055378171813E-002 
  400.00  1.22715578084140846E-002 
  401.00  1.22508825472282638E-002 
  402.00  1.22302793428813034E-002 
  403.00  1.22097477864800651E-002 
  404.00  1.21892874738668798E-002 
  405.00  1.21688980040172649E-002 
  406.00  1.21485789794100706E-002 
  407.00  1.21283300059471157E-002 
  408.00  1.21081506929171072E-002 
  409.00  1.20880406530124267E-002 
  410.00  1.20679995021742807E-002 
  411.00  1.20480268596333609E-002 
  412.00  1.20281223478331829E-002 
  413.00  1.20082855924025338E-002 
  414.00  1.19885162221342878E-002 
  415.00  1.19688138688727706E-002 
  416.00  1.19491781675590669E-002 
  417.00  1.19296087561627812E-002 
  418.00  1.19101052756032492E-002 
  419.00  1.18906673697713218E-002 
  420.00  1.18712946854757535E-002 
  421.00  1.18519868723940582E-002 
  422.00  1.18327435830401922E-002 
  423.00  1.18135644727608066E-002 
  424.00  1.17944491996119817E-002 
  425.00  1.17753974244739247E-002 
  426.00  1.17564088108596913E-002 
  427.00  1.17374830250181784E-002 
  428.00  1.17186197357951084E-002 
  429.00  1.16998186146704923E-002 
  430.00  1.16810793357038350E-002 
  431.00  1.16624015755041870E-002 
  432.00  1.16437850132010395E-002 
  433.00  1.16252293304290009E-002 
  434.00  1.16067342112794805E-002 
  435.00  1.15882993422673393E-002 
  436.00  1.15699244123209973E-002 
  437.00  1.15516091127937214E-002 
  438.00  1.15333531373051825E-002 
  439.00  1.15151561819155906E-002 
  440.00  1.14970179448919373E-002 
  441.00  1.14789381268154602E-002 
  442.00  1.14609164305424453E-002 
  443.00  1.14429525611050038E-002 
  444.00  1.14250462261239281E-002 
  445.00  1.14071971343786219E-002 
  446.00  1.13894049977830772E-002 
  447.00  1.13716695300902504E-002 
  448.00  1.13539904471436255E-002 
  449.00  1.13363674668472796E-002 
  450.00  1.13188003092221535E-002 
  451.00  1.13012886963012021E-002 
  452.00  1.12838323521333439E-002 
  453.00  1.12664310027881902E-002 
  454.00  1.12490843763259386E-002 
  455.00  1.12317922027187437E-002 
  456.00  1.12145542139094022E-002 
  457.00  1.11973701437464955E-002 
  458.00  1.11802397280216636E-002 
  459.00  1.11631627043371050E-002 
  460.00  1.11461388122091783E-002 
  461.00  1.11291677929637057E-002 
  462.00  1.11122493897708764E-002 
  463.00  1.10953833476256421E-002 
  464.00  1.10785694132297333E-002 
  465.00  1.10618073351368366E-002 
  466.00  1.10450968636158497E-002 
  467.00  1.10284377507015793E-002 
  468.00  1.10118297500844085E-002 
  469.00  1.09952726172231618E-002 
  470.00  1.09787661091963595E-002 
  471.00  1.09623099848160620E-002 
  472.00  1.09459040045205222E-002 
  473.00  1.09295479303336586E-002 
  474.00  1.09132415259591848E-002 
  475.00  1.08969845567143640E-002 
  476.00  1.08807767894440206E-002 
  477.00  1.08646179926063877E-002 
  478.00  1.08485079362250873E-002 
  479.00  1.08324463918592420E-002 
  480.00  1.08164331325908188E-002 
  481.00  1.08004679329897126E-002 
  482.00  1.07845505692129723E-002 
  483.00  1.07686808188087162E-002 
  484.00  1.07528584608620713E-002 
  485.00  1.07370832758756588E-002 
  486.00  1.07213550458452409E-002 
  487.00  1.07056735541470570E-002 
  488.00  1.06900385856184589E-002 
  489.00  1.06744499264750416E-002 
  490.00  1.06589073643466089E-002 
  491.00  1.06434106882700424E-002 
  492.00  1.06279596885649717E-002 
  493.00  1.06125541570021853E-002 
  494.00  1.05971938866596758E-002 
  495.00  1.05818786719242604E-002 
  496.00  1.05666083085482494E-002 
  497.00  1.05513825935551996E-002 
  498.00  1.05362013252950221E-002 
  499.00  1.05210643034010440E-002 
  500.00  1.05059713287376840E-002 
  501.00  1.04909222037972982E-002 
  502.00  1.04759167313923842E-002 
  503.00  1.04609547164729536E-002 
  504.00  1.04460359649412114E-002 
  505.00  1.04311602839175250E-002 
  506.00  1.04163274816933462E-002 
  507.00  1.04015373678025286E-002 
  508.00  1.03867897529581511E-002 
  509.00  1.03720844490603915E-002 
  510.00  1.03574212691358303E-002 
  511.00  1.03428000274373329E-002 
  512.00  1.03282205393049782E-002 
  513.00  1.03136826212777317E-002 
  514.00  1.02991860909638824E-002 
  515.00  1.02847307671267135E-002 
  516.00  1.02703164696569434E-002 
  517.00  1.02559430195021811E-002 
  518.00  1.02416102387463022E-002 
  519.00  1.02273179505241625E-002 
  520.00  1.02130659790742630E-002 
  521.00  1.01988541496848221E-002 
  522.00  1.01846822886868735E-002 
  523.00  1.01705502235060249E-002 
  524.00  1.01564577825795973E-002 
  525.00  1.01424047953265362E-002 
  526.00  1.01283910923129772E-002 
  527.00  1.01144165049876257E-002 
  528.00  1.01004808659278262E-002 
  529.00  1.00865840085703484E-002 
  530.00  1.00727257674822976E-002 
  531.00  1.00589059781103322E-002 
  532.00  1.00451244769464258E-002 
  533.00  1.00313811014234970E-002 
  534.00  1.00176756899041149E-002 
  535.00  1.00040080817497407E-002 
  536.00  9.99037811723243671E-003 
  537.00  9.97678563758734420E-003 
  538.00  9.96323048497976121E-003 
  539.00  9.94971250246097158E-003 
  540.00  9.93623153401613016E-003 
  541.00  9.92278742459039818E-003 
  542.00  9.90938001993127600E-003 
  543.00  9.89600916674685839E-003 
  544.00  9.88267471265315625E-003 
  545.00  9.86937650603875866E-003 
  546.00  9.85611439632265267E-003 
  547.00  9.84288823363189784E-003 
  548.00  9.82969786909146555E-003 
  549.00  9.81654315456013081E-003 
  550.00  9.80342394283975280E-003 
  551.00  9.79034008750377834E-003 
  552.00  9.77729144300431598E-003 
  553.00  9.76427786462239974E-003 
  554.00  9.75129920841756939E-003 
  555.00  9.73835533128487515E-003 
  556.00  9.72544609095565317E-003 
  557.00  9.71257134593176905E-003 
  558.00  9.69973095553521188E-003 
  559.00  9.68692477987142045E-003 
  560.00  9.67415267982491348E-003 
  561.00  9.66141451701230287E-003 
  562.00  9.64871015396020007E-003 
  563.00  9.63603945383598864E-003 
  564.00  9.62340228059150628E-003 
  565.00  9.61079849899279179E-003 
  566.00  9.59822797449412859E-003 
  567.00  9.58569057331402213E-003 
  568.00  9.57318616244395675E-003 
  569.00  9.56071460955923089E-003 
  570.00  9.54827578309921411E-003 
  571.00  9.53586955224593538E-003 
  572.00  9.52349578680753567E-003 
  573.00  9.51115435743039514E-003 
  574.00  9.49884513537953105E-003 
  575.00  9.48656799266619187E-003 
  576.00  9.47432280197604837E-003 
  577.00  9.46210943667923771E-003 
  578.00  9.44992777090117829E-003 
  579.00  9.43777767940077658E-003 
  580.00  9.42565903755831699E-003 
  581.00  9.41357172180817998E-003 
  582.00  9.40151560839349969E-003 
  583.00  9.38949057502417792E-003 
  584.00  9.37749649977385850E-003 
  585.00  9.36553326146296120E-003 
  586.00  9.35360073947891224E-003 
  587.00  9.34169881386127422E-003 
  588.00  9.32982736534786368E-003 
  589.00  9.31798627523037007E-003 
  590.00  9.30617542551373002E-003 
  591.00  9.29439469878708645E-003 
  592.00  9.28264397825269774E-003 
  593.00  9.27092314775596754E-003 
  594.00  9.25923209178036895E-003 
  595.00  9.24757069535392037E-003 
  596.00  9.23593884417684731E-003 
  597.00  9.22433642449399863E-003 
  598.00  9.21276332317593968E-003 
  599.00  9.20121942773978289E-003 
  600.00  9.18970462615863702E-003 
  601.00  9.17821880716096321E-003 
  602.00  9.16676185990306786E-003 
  603.00  9.15533367423612687E-003 
  604.00  9.14393414049264816E-003 
  605.00  9.13256314965019134E-003 
  606.00  9.12122059321512739E-003 
