  2.0000 -0.99999999999991440      
  3.0000  -1.0000000000000000      
  4.0000 -0.99999999999998401      
  5.0000 -0.99999999999235656      
  6.0000 -0.99999999953252128      
  7.0000 -0.99999999117273541      
  8.0000 -0.99999992003392946      
  9.0000 -0.99999955603518631      
  10.000 -0.99999825029359068      
  11.000 -0.99999462518808069      
  12.000 -0.99998630330430660      
  13.000 -0.99996976793514369      
  14.000 -0.99994039103824173      
  15.000 -0.99989260814554659      
  16.000 -0.99982018806649520      
  17.000 -0.99971653947146533      
  18.000 -0.99957500696398116      
  19.000 -0.99938912581607864      
  20.000 -0.99915282039307329      
  21.000 -0.99886054335209562      
  22.000 -0.99850736037618293      
  23.000 -0.99808898915951583      
  24.000 -0.99760180265304821      
  25.000 -0.99704280622171171      
  26.000 -0.99640959713988653      
  27.000 -0.99570031329446829      
  28.000 -0.99491357639776368      
  29.000 -0.99404843360603423      
  30.000 -0.99310430026425123      
  31.000 -0.99208090556474837      
  32.000 -0.99097824219767949      
  33.000 -0.98979652054870138      
  34.000 -0.98853612763338672      
  35.000 -0.98719759070601021      
  36.000 -0.98578154532144924      
  37.000 -0.98428870753354014      
  38.000 -0.98271984986478267      
  39.000 -0.98107578066569945      
  40.000 -0.97935732648683937      
  41.000 -0.97756531710434236      
  42.000 -0.97570057286625533      
  43.000 -0.97376389405501340      
  44.000 -0.97175605199465076      
  45.000 -0.96967778165939134      
  46.000 -0.96752977557035025      
  47.000 -0.96531267879317650      
  48.000 -0.96302708487358968      
  49.000 -0.96067353256915822      
  50.000 -0.95825250325502220      
  51.000 -0.95576441889665342      
  52.000 -0.95320964049899304      
  53.000 -0.95058846695185617      
  54.000 -0.94790113420318123      
  55.000 -0.94514781470036557      
  56.000 -0.94232861704797644      
  57.000 -0.93944358583581011      
  58.000 -0.93649270159815567      
  59.000 -0.93347588086844646      
  60.000 -0.93039297629815998      
  61.000 -0.92724377681206249      
  62.000 -0.92402800777405558      
  63.000 -0.92074533114123780      
  64.000 -0.91739534558464175      
  65.000 -0.91397758655747552      
  66.000 -0.91049152629227004      
  67.000 -0.90693657371021230      
  68.000 -0.90331207422593618      
  69.000 -0.89961730943227602      
  70.000 -0.89585149664922670      
  71.000 -0.89201378832241696      
  72.000 -0.88810327125583477      
  73.000 -0.88411896566341586      
  74.000 -0.88005982402444149      
  75.000 -0.87592472972674962      
  76.000 -0.87171249548103125      
  77.000 -0.86742186148965383      
  78.000 -0.86305149335126097      
  79.000 -0.85859997968272350      
  80.000 -0.85406582943752074      
  81.000 -0.84944746889955647      
  82.000 -0.84474323832873743      
  83.000 -0.83995138823433246      
  84.000 -0.83507007524922050      
  85.000 -0.83009735757786329      
  86.000 -0.82503118998795189      
  87.000 -0.81986941831509763      
  88.000 -0.81460977344869723      
  89.000 -0.80924986476567029      
  90.000 -0.80378717297952296      
  91.000 -0.79821904237249786      
  92.000 -0.79254267238091547      
  93.000 -0.78675510850753638      
  94.000 -0.78085323254164885      
  95.000 -0.77483375207622873      
  96.000 -0.76869318932527331      
  97.000 -0.76242786926337380      
  98.000 -0.75603390713329677      
  99.000 -0.74950719539991661      
  100.00 -0.74284339026940838      
  101.00 -0.73603789794127628      
  102.00 -0.72908586082129501      
  103.00 -0.72198214398747917      
  104.00 -0.71472132227214180      
  105.00 -0.70729766838762820      
  106.00 -0.69970514256783889      
  107.00 -0.69193738420400952      
  108.00 -0.68398770588414293      
  109.00 -0.67584909006143346      
  110.00 -0.66751418822375452      
  111.00 -0.65897532185527952      
  112.00 -0.65022448363005259      
  113.00 -0.64125333613370894      
  114.00 -0.63205320402525178      
  115.00 -0.62261505406747486      
  116.00 -0.61292945611770999      
  117.00 -0.60298651732570330      
  118.00 -0.59277578178486190      
  119.00 -0.58228608894163314      
  120.00 -0.57150538612702939      
  121.00 -0.56042049317034004      
  122.00 -0.54901681935956870      
  123.00 -0.53727803406257879      
  124.00 -0.52518569126412129      
  125.00 -0.51271880469155895      
  126.00 -0.49985336408094361      
  127.00 -0.48656177476574314      
  128.00 -0.47281219226265520      
  129.00 -0.45856771057027484      
  130.00 -0.44378534621678173      
  131.00 -0.42841473733416358      
  132.00 -0.41239644405768000      
  133.00 -0.39565968676757862      
  134.00 -0.37811928113925497      
  135.00 -0.35967140553349330      
  136.00 -0.34018763570668320      
  137.00 -0.31950635130804195      
  138.00 -0.29742007137195181      
  139.00 -0.27365639470291281      
  140.00 -0.24784898701337968      
  141.00 -0.21949445151173425      
  142.00 -0.18789845735035912      
  143.00 -0.15217888728256171      
  144.00 -0.11181424374972634      
  145.00 -6.99560962894706651E-002 
  146.00 -3.75292164724669169E-002 
  147.00 -1.88935941650452445E-002 
  148.00 -8.49158991703939832E-003 
  149.00 -2.15771984712179871E-003 
  150.00  2.03250166986976158E-003 
  151.00  4.98386701452983860E-003 
  152.00  7.16170894246911417E-003 
  153.00  8.82640958528324235E-003 
  154.00  1.01341229609361351E-002 
  155.00  1.11838824432182980E-002 
  156.00  1.20414165000455355E-002 
  157.00  1.27520138058333701E-002 
  158.00  1.33478710376871527E-002 
  159.00  1.38524914847298238E-002 
  160.00  1.42834256160383945E-002 
  161.00  1.46540382842218764E-002 
  162.00  1.49746826906125563E-002 
  163.00  1.52535008398104466E-002 
  164.00  1.54969819592549324E-002 
  165.00  1.57103600875622348E-002 
  166.00  1.58979023426726249E-002 
  167.00  1.60631213643746412E-002 
  168.00  1.62089341995190379E-002 
  169.00  1.63377827347728974E-002 
  170.00  1.64517261101166032E-002 
  171.00  1.65525124064006234E-002 
  172.00  1.66416348523279536E-002 
  173.00  1.67203762903401013E-002 
  174.00  1.67898446850875648E-002 
  175.00  1.68510016823775789E-002 
  176.00  1.69046857774440805E-002 
  177.00  1.69516312264707085E-002 
  178.00  1.69924835911278611E-002 
  179.00  1.70278125940203293E-002 
  180.00  1.70581228050803654E-002 
  181.00  1.70838625899752648E-002 
  182.00  1.71054316152801748E-002 
  183.00  1.71231872038195218E-002 
  184.00  1.71374497107913623E-002 
  185.00  1.71485071161216231E-002 
  186.00  1.71566189480769488E-002 
  187.00  1.71620196532272472E-002 
  188.00  1.71649215063984888E-002 
  189.00  1.71655171179553312E-002 
  190.00  1.71639816208463761E-002 
  191.00  1.71604745648306217E-002 
  192.00  1.71551415817642917E-002 
  193.00  1.71481158344954018E-002 
  194.00  1.71395192941385319E-002 
  195.00  1.71294638640979366E-002 
  196.00  1.71180523734156091E-002 
  197.00  1.71053794508053553E-002 
  198.00  1.70915323101779662E-002 
  199.00  1.70765914403634075E-002 
  200.00  1.70606312192761005E-002 
  201.00  1.70437204724050405E-002 
  202.00  1.70259229580866540E-002 
  203.00  1.70072978164050800E-002 
  204.00  1.69878999638402479E-002 
  205.00  1.69677804471303414E-002 
  206.00  1.69469867728484075E-002 
  207.00  1.69255631899136484E-002 
  208.00  1.69035509608490911E-002 
  209.00  1.68809885927849769E-002 
  210.00  1.68579120571101318E-002 
  211.00  1.68343549879084627E-002 
  212.00  1.68103488546970173E-002 
  213.00  1.67859231322685619E-002 
  214.00  1.67611054427309995E-002 
  215.00  1.67359216942742361E-002 
  216.00  1.67103962073637188E-002 
  217.00  1.66845518225441913E-002 
  218.00  1.66584100116732199E-002 
  219.00  1.66319909670760158E-002 
  220.00  1.66053136924117772E-002 
  221.00  1.65783960860921217E-002 
  222.00  1.65512550102211928E-002 
  223.00  1.65239063630663943E-002 
  224.00  1.64963651407026776E-002 
  225.00  1.64686454985725553E-002 
  226.00  1.64407608008835457E-002 
  227.00  1.64127236731640425E-002 
  228.00  1.63845460511052692E-002 
  229.00  1.63562392185545094E-002 
  230.00  1.63278138508596467E-002 
  231.00  1.62992800503743082E-002 
  232.00  1.62706473840303623E-002 
  233.00  1.62419249105699645E-002 
  234.00  1.62131212137600310E-002 
  235.00  1.61842444285527562E-002 
  236.00  1.61553022703061003E-002 
  237.00  1.61263020539426510E-002 
  238.00  1.60972507200819979E-002 
  239.00  1.60681548552287050E-002 
  240.00  1.60390207107973665E-002 
  241.00  1.60098542246830781E-002 
  242.00  1.59806610338572054E-002 
  243.00  1.59514464938193719E-002 
  244.00  1.59222156930550404E-002 
  245.00  1.58929734664026712E-002 
  246.00  1.58637244116867603E-002 
  247.00  1.58344728974949868E-002 
  248.00  1.58052230782722951E-002 
  249.00  1.57759789045792131E-002 
  250.00  1.57467441336401025E-002 
  251.00  1.57175223383512995E-002 
  252.00  1.56883169196591551E-002 
  253.00  1.56591311106386369E-002 
  254.00  1.56299679879514028E-002 
  255.00  1.56008304787581091E-002 
  256.00  1.55717213681047188E-002 
  257.00  1.55426433058227752E-002 
  258.00  1.55135988124488026E-002 
  259.00  1.54845902881607187E-002 
  260.00  1.54556200143744354E-002 
  261.00  1.54266901621824687E-002 
  262.00  1.53978027969167621E-002 
  263.00  1.53689598830260652E-002 
  264.00  1.53401632888439474E-002 
  265.00  1.53114147903495122E-002 
  266.00  1.52827160781334841E-002 
  267.00  1.52540687572104757E-002 
  268.00  1.52254743536716555E-002 
  269.00  1.51969343176272358E-002 
  270.00  1.51684500264921054E-002 
  271.00  1.51400227884179953E-002 
  272.00  1.51116538452400334E-002 
  273.00  1.50833443754942211E-002 
  274.00  1.50550954965805901E-002 
  275.00  1.50269082699928495E-002 
  276.00  1.49987836998618888E-002 
  277.00  1.49707227381208809E-002 
  278.00  1.49427262860548551E-002 
  279.00  1.49147951965068748E-002 
  280.00  1.48869302759967875E-002 
  281.00  1.48591322866471996E-002 
  282.00  1.48314019480895003E-002 
  283.00  1.48037399393114409E-002 
  284.00  1.47761468997114065E-002 
  285.00  1.47486234332711123E-002 
  286.00  1.47211701062807260E-002 
  287.00  1.46937874514726473E-002 
  288.00  1.46664759687331250E-002 
  289.00  1.46392361265094331E-002 
  290.00  1.46120683631212368E-002 
  291.00  1.45849730879605011E-002 
  292.00  1.45579506827047261E-002 
  293.00  1.45310015025049508E-002 
  294.00  1.45041258770086841E-002 
  295.00  1.44773241114342834E-002 
  296.00  1.44505964869877605E-002 
  297.00  1.44239432642060683E-002 
  298.00  1.43973646801710715E-002 
  299.00  1.43708609519845095E-002 
  300.00  1.43444322768454448E-002 
  301.00  1.43180788329451050E-002 
  302.00  1.42918007801697191E-002 
  303.00  1.42655982609048385E-002 
  304.00  1.42394714006895875E-002 
  305.00  1.42134203089218838E-002 
  306.00  1.41874450795323546E-002 
  307.00  1.41615457915313884E-002 
  308.00  1.41357225097038554E-002 
  309.00  1.41099752845559485E-002 
  310.00  1.40843041551794064E-002 
  311.00  1.40587091462987587E-002 
  312.00  1.40331902711199642E-002 
  313.00  1.40077475312432257E-002 
  314.00  1.39823809171058851E-002 
  315.00  1.39570904084651108E-002 
  316.00  1.39318759748325721E-002 
  317.00  1.39067375758062141E-002 
  318.00  1.38816751616081899E-002 
  319.00  1.38566886733562135E-002 
  320.00  1.38317780434969555E-002 
  321.00  1.38069431961205715E-002 
  322.00  1.37821840473218767E-002 
  323.00  1.37575005055570292E-002 
  324.00  1.37328924718772196E-002 
  325.00  1.37083598403097001E-002 
  326.00  1.36839024976004482E-002 
  327.00  1.36595203256449742E-002 
  328.00  1.36352131984873552E-002 
  329.00  1.36109809847546996E-002 
  330.00  1.35868235474192571E-002 
  331.00  1.35627407439729928E-002 
  332.00  1.35387324267154472E-002 
  333.00  1.35147984429530386E-002 
  334.00  1.34909386351665245E-002 
  335.00  1.34671528413076273E-002 
  336.00  1.34434408949683833E-002 
  337.00  1.34198026255229301E-002 
  338.00  1.33962378583906746E-002 
  339.00  1.33727464151434973E-002 
  340.00  1.33493281137226829E-002 
  341.00  1.33259827685970524E-002 
  342.00  1.33027101909388764E-002 
  343.00  1.32795101887218242E-002 
  344.00  1.32563825669336534E-002 
  345.00  1.32333271276864530E-002 
  346.00  1.32103436698453418E-002 
  347.00  1.31874319912323838E-002 
  348.00  1.31645918856408799E-002 
  349.00  1.31418231450151253E-002 
  350.00  1.31191255591091658E-002 
  351.00  1.30964989155491172E-002 
  352.00  1.30739429999605587E-002 
  353.00  1.30514575960715053E-002 
  354.00  1.30290424858555045E-002 
  355.00  1.30066974495471142E-002 
  356.00  1.29844222657888777E-002 
  357.00  1.29622167117607011E-002 
  358.00  1.29400805632060908E-002 
  359.00  1.29180135945445775E-002 
  360.00  1.28960155789377192E-002 
  361.00  1.28740862884286107E-002 
  362.00  1.28522254939138405E-002 
  363.00  1.28304329653078260E-002 
  364.00  1.28087084716172472E-002 
  365.00  1.27870517808964610E-002 
  366.00  1.27654626605061359E-002 
  367.00  1.27439408769486982E-002 
  368.00  1.27224861961490292E-002 
  369.00  1.27010983833800526E-002 
  370.00  1.26797772033392705E-002 
  371.00  1.26585224197291821E-002 
  372.00  1.26373337973393340E-002 
  373.00  1.26162110989810755E-002 
  374.00  1.25951540877237804E-002 
  375.00  1.25741625262565694E-002 
  376.00  1.25532361770347121E-002 
  377.00  1.25323748023294015E-002 
  378.00  1.25115781642408802E-002 
  379.00  1.24908460247353578E-002 
  380.00  1.24701781456934245E-002 
  381.00  1.24495742889639879E-002 
  382.00  1.24290342164078884E-002 
  383.00  1.24085576898784987E-002 
  384.00  1.23881444713278485E-002 
  385.00  1.23677943227636176E-002 
  386.00  1.23475070063775016E-002 
  387.00  1.23272822845044375E-002 
  388.00  1.23071199196481285E-002 
  389.00  1.22870196745528265E-002 
  390.00  1.22669813122096363E-002 
  391.00  1.22470045958553275E-002 
  392.00  1.22270892891115091E-002 
  393.00  1.22072351558368975E-002 
  394.00  1.21874419602595388E-002 
  395.00  1.21677094669876591E-002 
  396.00  1.21480374410813628E-002 
  397.00  1.21284256478873705E-002 
  398.00  1.21088738533056302E-002 
  399.00  1.20893818236623533E-002 
  400.00  1.20699493256879158E-002 
  401.00  1.20505761267319465E-002 
  402.00  1.20312619940541581E-002 
  403.00  1.20120066969512645E-002 
  404.00  1.19928100037848904E-002 
  405.00  1.19736716839789707E-002 
  406.00  1.19545915075199485E-002 
  407.00  1.19355692449732778E-002 
  408.00  1.19166046675028697E-002 
  409.00  1.18976975469199265E-002 
  410.00  1.18788476556159588E-002 
  411.00  1.18600547666622893E-002 
  412.00  1.18413186537311109E-002 
  413.00  1.18226390912043993E-002 
  414.00  1.18040158540955262E-002 
  415.00  1.17854487180949069E-002 
  416.00  1.17669374596469818E-002 
  417.00  1.17484818558007409E-002 
  418.00  1.17300816843844795E-002 
  419.00  1.17117367239055314E-002 
  420.00  1.16934467535969693E-002 
  421.00  1.16752115534674537E-002 
  422.00  1.16570309041779310E-002 
  423.00  1.16389045872153200E-002 
  424.00  1.16208323847676789E-002 
  425.00  1.16028140797965057E-002 
  426.00  1.15848494560325151E-002 
  427.00  1.15669382979709297E-002 
  428.00  1.15490803908770388E-002 
  429.00  1.15312755207629611E-002 
  430.00  1.15135234744968042E-002 
  431.00  1.14958240396604988E-002 
  432.00  1.14781770046685893E-002 
  433.00  1.14605821587143771E-002 
  434.00  1.14430392917850201E-002 
  435.00  1.14255481946887710E-002 
  436.00  1.14081086590172593E-002 
  437.00  1.13907204771666725E-002 
  438.00  1.13733834423453035E-002 
  439.00  1.13560973486100079E-002 
  440.00  1.13388619907636729E-002 
  441.00  1.13216771644957543E-002 
  442.00  1.13045426662527031E-002 
  443.00  1.12874582933355314E-002 
  444.00  1.12704238434256365E-002 
  445.00  1.12534391163223481E-002 
  446.00  1.12365039113451453E-002 
  447.00  1.12196180290581645E-002 
  448.00  1.12027812708832067E-002 
  449.00  1.11859934390242770E-002 
  450.00  1.11692543365659210E-002 
  451.00  1.11525637673529684E-002 
  452.00  1.11359215361077051E-002 
  453.00  1.11193274483458102E-002 
  454.00  1.11027813104328157E-002 
  455.00  1.10862829295614966E-002 
  456.00  1.10698321136726632E-002 
  457.00  1.10534286716688253E-002 
  458.00  1.10370724131764394E-002 
  459.00  1.10207631486472103E-002 
  460.00  1.10045006893877799E-002 
  461.00  1.09882848475315771E-002 
  462.00  1.09721154360089418E-002 
  463.00  1.09559922685785877E-002 
  464.00  1.09399151598025181E-002 
  465.00  1.09238839250789654E-002 
  466.00  1.09078983806301655E-002 
  467.00  1.08919583434484817E-002 
  468.00  1.08760636314072807E-002 
  469.00  1.08602140631146506E-002 
  470.00  1.08444094580514572E-002 
  471.00  1.08286496364493716E-002 
  472.00  1.08129344194076455E-002 
  473.00  1.07972636287916503E-002 
  474.00  1.07816370872552796E-002 
  475.00  1.07660546182960261E-002 
  476.00  1.07505160461532009E-002 
  477.00  1.07350211959365057E-002 
  478.00  1.07195698934732277E-002 
  479.00  1.07041619654443497E-002 
  480.00  1.06887972392583682E-002 
  481.00  1.06734755431728504E-002 
  482.00  1.06581967061982787E-002 
  483.00  1.06429605581024062E-002 
  484.00  1.06277669294977950E-002 
  485.00  1.06126156517490477E-002 
  486.00  1.05975065569537397E-002 
  487.00  1.05824394780064633E-002 
  488.00  1.05674142486104315E-002 
  489.00  1.05524307031817036E-002 
  490.00  1.05374886769382115E-002 
  491.00  1.05225880058386449E-002 
  492.00  1.05077285266234992E-002 
  493.00  1.04929100767563316E-002 
  494.00  1.04781324944919572E-002 
  495.00  1.04633956188174386E-002 
  496.00  1.04486992894490937E-002 
  497.00  1.04340433468861488E-002 
  498.00  1.04194276323655889E-002 
  499.00  1.04048519878311811E-002 
  500.00  1.03903162559815746E-002 
  501.00  1.03758202798897373E-002 
  502.00  1.03613639045068776E-002 
  503.00  1.03469469743045547E-002 
  504.00  1.03325693349397077E-002 
  505.00  1.03182308327383621E-002 
  506.00  1.03039313147689476E-002 
  507.00  1.02896706288285976E-002 
  508.00  1.02754486233858425E-002 
  509.00  1.02612651476879733E-002 
  510.00  1.02471200516094825E-002 
  511.00  1.02330131857782201E-002 
  512.00  1.02189444015345181E-002 
  513.00  1.02049135508850870E-002 
  514.00  1.01909204865580933E-002 
  515.00  1.01769650619345283E-002 
  516.00  1.01630471311378798E-002 
  517.00  1.01491665489507471E-002 
  518.00  1.01353231708178806E-002 
  519.00  1.01215168529301021E-002 
  520.00  1.01077474520857701E-002 
  521.00  1.00940148257979648E-002 
  522.00  1.00803188322128451E-002 
  523.00  1.00666593302257048E-002 
  524.00  1.00530361793050339E-002 
  525.00  1.00394492396147887E-002 
  526.00  1.00258983720063720E-002 
  527.00  1.00123834379338954E-002 
  528.00  9.99890429956967405E-003 
  529.00  9.98546081967984292E-003 
  530.00  9.97205286169417296E-003 
  531.00  9.95868028972502276E-003 
  532.00  9.94534296843290790E-003 
  533.00  9.93204076325094817E-003 
  534.00  9.91877354010601599E-003 
  535.00  9.90554116565002876E-003 
  536.00  9.89234350713994945E-003 
  537.00  9.87918043246129376E-003 
  538.00  9.86605181006383787E-003 
  539.00  9.85295750915108140E-003 
  540.00  9.83989739938978536E-003 
  541.00  9.82687135117011126E-003 
  542.00  9.81387923543744836E-003 
  543.00  9.80092092377798235E-003 
  544.00  9.78799628834437115E-003 
  545.00  9.77510520195393022E-003 
  546.00  9.76224753793703687E-003 
  547.00  9.74942317029449217E-003 
  548.00  9.73663197356893981E-003 
  549.00  9.72387382295051769E-003 
  550.00  9.71114859412832224E-003 
  551.00  9.69845616348657610E-003 
  552.00  9.68579640789079231E-003 
  553.00  9.67316920483452317E-003 
  554.00  9.66057443241229337E-003 
  555.00  9.64801196920805730E-003 
  556.00  9.63548169445031452E-003 
  557.00  9.62298348792071587E-003 
  558.00  9.61051722992870353E-003 
  559.00  9.59808280136787220E-003 
  560.00  9.58568008369810320E-003 
  561.00  9.57330895897139447E-003 
  562.00  9.56096930969899637E-003 
  563.00  9.54866101899510752E-003 
  564.00  9.53638397051839379E-003 
  565.00  9.52413804848796682E-003 
  566.00  9.51192313765463968E-003 
  567.00  9.49973912326927510E-003 
  568.00  9.48758589117642930E-003 
  569.00  9.47546332770862407E-003 
  570.00  9.46337131976202409E-003 
  571.00  9.45130975472508079E-003 
  572.00  9.43927852055501809E-003 
  573.00  9.42727750569860579E-003 
  574.00  9.41530659912754274E-003 
  575.00  9.40336569034644180E-003 
  576.00  9.39145466935285313E-003 
  577.00  9.37957342666352785E-003 
  578.00  9.36772185332352021E-003 
  579.00  9.35589984082854306E-003 
  580.00  9.34410728127124147E-003 
  581.00  9.33234406678225270E-003 
  582.00  9.32061009113551928E-003 
  583.00  9.30890524748779688E-003 
  584.00  9.29722942989435509E-003 
  585.00  9.28558253285534548E-003 
  586.00  9.27396445135678267E-003 
  587.00  9.26237508090243904E-003 
  588.00  9.25081431748752021E-003 
  589.00  9.23928205752867944E-003 
  590.00  9.22777819799165330E-003 
  591.00  9.21630263625475461E-003 
  592.00  9.20485527019264740E-003 
  593.00  9.19343599817572937E-003 
  594.00  9.18204471901444726E-003 
  595.00  9.17068133199539295E-003 
  596.00  9.15934573686693135E-003 
  597.00  9.14803783381982864E-003 
  598.00  9.13675752353559217E-003 
  599.00  9.12550470712940841E-003 
  600.00  9.11427928618545498E-003 
  601.00  9.10308116270769525E-003 
  602.00  9.09191023920783055E-003 
  603.00  9.08076641856368771E-003 
  604.00  9.06964960416883209E-003 
  605.00  9.05855969983461115E-003 
  606.00  9.04749660979398476E-003 
