  2.0000   1.0000000000000000      
  3.0000   1.0000000000000000      
  4.0000  0.99999999999999933      
  5.0000  0.99999999999938838      
  6.0000  0.99999999994301569      
  7.0000  0.99999999854625443      
  8.0000  0.99999998349373542      
  9.0000  0.99999989073967566      
  10.000  0.99999950425286921      
  11.000  0.99999829079232039      
  12.000  0.99999520375077378      
  13.000  0.99998851215222617      
  14.000  0.99997570232975652      
  15.000  0.99995347286777103      
  16.000  0.99991781618774367      
  17.000  0.99986416309238813      
  18.000  0.99978756109805000      
  19.000  0.99968286013448038      
  20.000  0.99954488593085755      
  21.000  0.99936858891467417      
  22.000  0.99914916292764189      
  23.000  0.99888213283670968      
  24.000  0.99856341318840458      
  25.000  0.99818934172822460      
  26.000  0.99775669227096520      
  27.000  0.99726267141458647      
  28.000  0.99670490321709715      
  29.000  0.99608140539621814      
  30.000  0.99539055999513693      
  31.000  0.99463108085940044      
  32.000  0.99380197973121898      
  33.000  0.99290253230553049      
  34.000  0.99193224521035595      
  35.000  0.99089082456783772      
  36.000  0.98977814655239416      
  37.000  0.98859423018065817      
  38.000  0.98733921243138378      
  39.000  0.98601332569600508      
  40.000  0.98461687749214322      
  41.000  0.98315023232711973      
  42.000  0.98161379557065565      
  43.000  0.98000799918097792      
  44.000  0.97833328912316231      
  45.000  0.97659011431908294      
  46.000  0.97477891697466590      
  47.000  0.97290012413776294      
  48.000  0.97095414035049088      
  49.000  0.96894134127060849      
  50.000  0.96686206814759112      
  51.000  0.96471662304986361      
  52.000  0.96250526474990239      
  53.000  0.96022820518367580      
  54.000  0.95788560640907572      
  55.000  0.95547757799682087      
  56.000  0.95300417479347721      
  57.000  0.95046539500300775      
  58.000  0.94786117853855723      
  59.000  0.94519140560093240      
  60.000  0.94245589544454056      
  61.000  0.93965440529442579      
  62.000  0.93678662938203439      
  63.000  0.93385219806879882      
  64.000  0.93085067702946256      
  65.000  0.92778156646802556      
  66.000  0.92464430034136547      
  67.000  0.92143824556596010      
  68.000  0.91816270118392218      
  69.000  0.91481689746553196      
  70.000  0.91139999492522816      
  71.000  0.90791108322798308      
  72.000  0.90434917996327591      
  73.000  0.90071322926303288      
  74.000  0.89700210023908455      
  75.000  0.89321458521565855      
  76.000  0.88934939773013322      
  77.000  0.88540517027527077      
  78.000  0.88138045175329438      
  79.000  0.87727370461170562      
  80.000  0.87308330162751757      
  81.000  0.86880752230516689      
  82.000  0.86444454885081168      
  83.000  0.85999246168262822      
  84.000  0.85544923443453835      
  85.000  0.85081272840814337      
  86.000  0.84608068642437007      
  87.000  0.84125072602496975      
  88.000  0.83632033197190869      
  89.000  0.83128684799246833      
  90.000  0.82614746771912684      
  91.000  0.82089922477724309      
  92.000  0.81553898198126773      
  93.000  0.81006341961366035      
  94.000  0.80446902278086496      
  95.000  0.79875206787354358      
  96.000  0.79290860820248377      
  97.000  0.78693445894886926      
  98.000  0.78082518165671611      
  99.000  0.77457606862013217      
  100.00  0.76818212768151883      
  101.00  0.76163806816923796      
  102.00  0.75493828896811244      
  103.00  0.74807687003154100      
  104.00  0.74104756899124247      
  105.00  0.73384382485989763      
  106.00  0.72645877105976786      
  107.00  0.71888526000419484      
  108.00  0.71111590096746835      
  109.00  0.70314311169321697      
  110.00  0.69495918174818239      
  111.00  0.68655634176022562      
  112.00  0.67792682744156851      
  113.00  0.66906292140593959      
  114.00  0.65995695088669204      
  115.00  0.65060121803775095      
  116.00  0.64098784402088937      
  117.00  0.63110851948350299      
  118.00  0.62095417013733412      
  119.00  0.61051456155820016      
  120.00  0.59977787556851114      
  121.00  0.58873028758035706      
  122.00  0.57735556083598272      
  123.00  0.56563465445115402      
  124.00  0.55354532340197304      
  125.00  0.54106167370638913      
  126.00  0.52815362516893005      
  127.00  0.51478622442916999      
  128.00  0.50091873834515566      
  129.00  0.48650343667463725      
  130.00  0.47148393682042011      
  131.00  0.45579292170371832      
  132.00  0.43934893639269673      
  133.00  0.42205178474140964      
  134.00  0.40377571239867427      
  135.00  0.38435892133553762      
  136.00  0.36358664963337523      
  137.00  0.34116213447738553      
  138.00  0.31665255753866106      
  139.00  0.28937641319398005      
  140.00  0.25812586401833981      
  141.00  0.22025554304461753      
  142.00  0.16568021960265916      
  143.00 -0.15217888720991229      
  144.00 -0.11181424375006432      
  145.00 -6.99560962898095190E-002 
  146.00 -3.75292164727979716E-002 
  147.00 -1.88935941653891395E-002 
  148.00 -8.49158991739705493E-003 
  149.00 -2.15771984609022414E-003 
  150.00  2.03250166808853364E-003 
  151.00  4.98386701419727043E-003 
  152.00  7.16170894215859260E-003 
  153.00  8.82640958496923658E-003 
  154.00  1.01341229606111451E-002 
  155.00  1.11838824443486716E-002 
  156.00  1.20414164997110322E-002 
  157.00  1.27520138055357505E-002 
  158.00  1.33478710373792688E-002 
  159.00  1.38524914844533852E-002 
  160.00  1.42834256157362473E-002 
  161.00  1.46540382839491778E-002 
  162.00  1.49746826903220144E-002 
  163.00  1.52535008395218250E-002 
  164.00  1.54969819590065234E-002 
  165.00  1.57103600872981891E-002 
  166.00  1.58979023423907670E-002 
  167.00  1.60631213640845365E-002 
  168.00  1.62089341992649703E-002 
  169.00  1.63377827344774983E-002 
  170.00  1.64517261098362719E-002 
  171.00  1.65525124060975151E-002 
  172.00  1.66416348520631689E-002 
  173.00  1.67203762900426725E-002 
  174.00  1.67898446848131939E-002 
  175.00  1.68510016821316611E-002 
  176.00  1.69046857771716283E-002 
  177.00  1.69516312262014621E-002 
  178.00  1.69924835908431375E-002 
  179.00  1.70278125937938125E-002 
  180.00  1.70581228048223427E-002 
  181.00  1.70838625897404492E-002 
  182.00  1.71054316150129997E-002 
  183.00  1.71231872035675428E-002 
  184.00  1.71374497105599641E-002 
  185.00  1.71485071159033359E-002 
  186.00  1.71566189466989434E-002 
  187.00  1.71620196529590555E-002 
  188.00  1.71649215061213736E-002 
  189.00  1.71655171176810367E-002 
  190.00  1.71639816206513723E-002 
  191.00  1.71604745646251125E-002 
  192.00  1.71551415815436349E-002 
  193.00  1.71481158342598403E-002 
  194.00  1.71395192938946506E-002 
  195.00  1.71294638638208943E-002 
  196.00  1.71180523732004999E-002 
  197.00  1.71053794505781134E-002 
  198.00  1.70915323099070857E-002 
  199.00  1.70765914401581689E-002 
  200.00  1.70606312190401573E-002 
  201.00  1.70437204722067165E-002 
  202.00  1.70259229578743655E-002 
  203.00  1.70072978161469081E-002 
  204.00  1.69878999636253539E-002 
  205.00  1.69677804468722666E-002 
  206.00  1.69469867726384157E-002 
  207.00  1.69255631896461679E-002 
  208.00  1.69035509606384818E-002 
  209.00  1.68809885926167955E-002 
  210.00  1.68579120568872962E-002 
  211.00  1.68343549877275137E-002 
  212.00  1.68103488544629892E-002 
  213.00  1.67859231320694711E-002 
  214.00  1.67611054425686745E-002 
  215.00  1.67359216940526946E-002 
  216.00  1.67103962071765214E-002 
  217.00  1.66845518222899850E-002 
  218.00  1.66584100114623018E-002 
  219.00  1.66319909668916840E-002 
  220.00  1.66053136921678994E-002 
  221.00  1.65783960858872925E-002 
  222.00  1.65512550100483484E-002 
  223.00  1.65239063629102692E-002 
  224.00  1.64963651404832976E-002 
  225.00  1.64686454983850768E-002 
  226.00  1.64407608007185492E-002 
  227.00  1.64127236729286440E-002 
  228.00  1.63845460509110356E-002 
  229.00  1.63562392183696642E-002 
  230.00  1.63278138507060334E-002 
  231.00  1.62992800501389652E-002 
  232.00  1.62706473838299635E-002 
  233.00  1.62419249103937305E-002 
  234.00  1.62131212136076217E-002 
  235.00  1.61842444283241127E-002 
  236.00  1.61553022700968267E-002 
  237.00  1.61263020537638288E-002 
  238.00  1.60972507199254045E-002 
  239.00  1.60681548550781830E-002 
  240.00  1.60390207105688652E-002 
  241.00  1.60098542244727429E-002 
  242.00  1.59806610336691648E-002 
  243.00  1.59514464936666711E-002 
  244.00  1.59222156928937077E-002 
  245.00  1.58929734661645561E-002 
  246.00  1.58637244114807653E-002 
  247.00  1.58344728973028280E-002 
  248.00  1.58052230780953290E-002 
  249.00  1.57759789044270675E-002 
  250.00  1.57467441334944655E-002 
  251.00  1.57175223381218788E-002 
  252.00  1.56883169194477236E-002 
  253.00  1.56591311104533684E-002 
  254.00  1.56299679877774170E-002 
  255.00  1.56008304786034759E-002 
  256.00  1.55717213679620325E-002 
  257.00  1.55426433056924558E-002 
  258.00  1.55135988122431755E-002 
  259.00  1.54845902879576502E-002 
  260.00  1.54556200141829827E-002 
  261.00  1.54266901620177151E-002 
  262.00  1.53978027967567235E-002 
  263.00  1.53689598828868294E-002 
  264.00  1.53401632887179874E-002 
  265.00  1.53114147901117440E-002 
  266.00  1.52827160779160469E-002 
  267.00  1.52540687570102106E-002 
  268.00  1.52254743535081942E-002 
  269.00  1.51969343174599668E-002 
  270.00  1.51684500263496638E-002 
  271.00  1.51400227882768443E-002 
  272.00  1.51116538451043832E-002 
  273.00  1.50833443753814987E-002 
  274.00  1.50550954963608978E-002 
  275.00  1.50269082697883725E-002 
  276.00  1.49987836996835176E-002 
  277.00  1.49707227379534367E-002 
  278.00  1.49427262858913036E-002 
  279.00  1.49147951963545002E-002 
  280.00  1.48869302758585925E-002 
  281.00  1.48591322865083055E-002 
  282.00  1.48314019479749461E-002 
  283.00  1.48037399392004533E-002 
  284.00  1.47761468994975914E-002 
  285.00  1.47486234330638788E-002 
  286.00  1.47211701060891813E-002 
  287.00  1.46937874512926801E-002 
  288.00  1.46664759685673860E-002 
  289.00  1.46392361263650711E-002 
  290.00  1.46120683629746388E-002 
  291.00  1.45849730878232740E-002 
  292.00  1.45579506825767001E-002 
  293.00  1.45310015023926379E-002 
  294.00  1.45041258768926710E-002 
  295.00  1.44773241113334804E-002 
  296.00  1.44505964867894521E-002 
  297.00  1.44239432640075327E-002 
  298.00  1.43973646799936458E-002 
  299.00  1.43708609518072242E-002 
  300.00  1.43444322766887230E-002 
  301.00  1.43180788327916860E-002 
  302.00  1.42918007800220161E-002 
  303.00  1.42655982607657328E-002 
  304.00  1.42394714005574206E-002 
  305.00  1.42134203088070624E-002 
  306.00  1.41874450794198560E-002 
  307.00  1.41615457914268158E-002 
  308.00  1.41357225096066970E-002 
  309.00  1.41099752843443331E-002 
  310.00  1.40843041549750716E-002 
  311.00  1.40587091461116843E-002 
  312.00  1.40331902709358754E-002 
  313.00  1.40077475310662752E-002 
  314.00  1.39823809169402156E-002 
  315.00  1.39570904083169030E-002 
  316.00  1.39318759746804958E-002 
  317.00  1.39067375756657206E-002 
  318.00  1.38816751614732701E-002 
  319.00  1.38566886732307219E-002 
  320.00  1.38317780433794835E-002 
  321.00  1.38069431960063833E-002 
  322.00  1.37821840472291957E-002 
  323.00  1.37575005054464718E-002 
  324.00  1.37328924717812807E-002 
  325.00  1.37083598402282843E-002 
  326.00  1.36839024973955028E-002 
  327.00  1.36595203254626235E-002 
  328.00  1.36352131983025794E-002 
  329.00  1.36109809845793885E-002 
  330.00  1.35868235472435088E-002 
  331.00  1.35627407438150584E-002 
  332.00  1.35387324265740967E-002 
  333.00  1.35147984427909009E-002 
  334.00  1.34909386350190834E-002 
  335.00  1.34671528411677011E-002 
  336.00  1.34434408948390406E-002 
  337.00  1.34198026254124907E-002 
  338.00  1.33962378582768542E-002 
  339.00  1.33727464150243357E-002 
  340.00  1.33493281136122070E-002 
  341.00  1.33259827684967021E-002 
  342.00  1.33027101908356656E-002 
  343.00  1.32795101886294641E-002 
  344.00  1.32563825668542915E-002 
  345.00  1.32333271276013995E-002 
  346.00  1.32103436696391734E-002 
  347.00  1.31874319910459809E-002 
  348.00  1.31645918854535939E-002 
  349.00  1.31418231448389607E-002 
  350.00  1.31191255589458346E-002 
  351.00  1.30964989153758253E-002 
  352.00  1.30739429997976213E-002 
  353.00  1.30514575959190440E-002 
  354.00  1.30290424857005815E-002 
  355.00  1.30066974494019126E-002 
  356.00  1.29844222656473295E-002 
  357.00  1.29622167116357316E-002 
  358.00  1.29400805630890230E-002 
  359.00  1.29180135944185898E-002 
  360.00  1.28960155788342690E-002 
  361.00  1.28740862883223728E-002 
  362.00  1.28522254938047004E-002 
  363.00  1.28304329652155994E-002 
  364.00  1.28087084715018430E-002 
  365.00  1.27870517808171599E-002 
  366.00  1.27654626604131426E-002 
  367.00  1.27439408768765024E-002 
  368.00  1.27224861960704011E-002 
  369.00  1.27010983832848336E-002 
  370.00  1.26797772026207203E-002 
  371.00  1.26585224195255447E-002 
  372.00  1.26373337971471024E-002 
  373.00  1.26162110987961713E-002 
  374.00  1.25951540875528546E-002 
  375.00  1.25741625260819608E-002 
  376.00  1.25532361768695283E-002 
  377.00  1.25323748021767770E-002 
  378.00  1.25115781640914685E-002 
  379.00  1.24908460245785179E-002 
  380.00  1.24701781455504087E-002 
  381.00  1.24495742888288026E-002 
  382.00  1.24290342162687046E-002 
  383.00  1.24085576897452737E-002 
  384.00  1.23881444711973054E-002 
  385.00  1.23677943226520662E-002 
  386.00  1.23475070062593791E-002 
  387.00  1.23272822843912919E-002 
  388.00  1.23071199195260612E-002 
  389.00  1.22870196744517737E-002 
  390.00  1.22669813121096104E-002 
  391.00  1.22470045957720920E-002 
  392.00  1.22270892890139656E-002 
  393.00  1.22072351557395431E-002 
  394.00  1.21874419601629772E-002 
  395.00  1.21677094669121414E-002 
  396.00  1.21480374409838228E-002 
  397.00  1.21284256478076356E-002 
  398.00  1.21088738532341075E-002 
  399.00  1.20893818235760543E-002 
  400.00  1.20699493256171929E-002 
  401.00  1.20505761266520104E-002 
  402.00  1.20312619938563216E-002 
  403.00  1.20120066967556918E-002 
  404.00  1.19928100035988309E-002 
  405.00  1.19736716837952738E-002 
  406.00  1.19545915073469254E-002 
  407.00  1.19355692447935154E-002 
  408.00  1.19166046673310176E-002 
  409.00  1.18976975467513374E-002 
  410.00  1.18788476554599898E-002 
  411.00  1.18600547665083274E-002 
  412.00  1.18413186535878366E-002 
  413.00  1.18226390910684803E-002 
  414.00  1.18040158539557821E-002 
  415.00  1.17854487179705029E-002 
  416.00  1.17669374595096715E-002 
  417.00  1.17484818556684335E-002 
  418.00  1.17300816842520160E-002 
  419.00  1.17117367237894992E-002 
  420.00  1.16934467534860961E-002 
  421.00  1.16752115533477162E-002 
  422.00  1.16570309040700693E-002 
  423.00  1.16389045870873807E-002 
  424.00  1.16208323846684232E-002 
  425.00  1.16028140796964468E-002 
  426.00  1.15848494559309921E-002 
  427.00  1.15669382978745537E-002 
  428.00  1.15490803907741281E-002 
  429.00  1.15312755206841526E-002 
  430.00  1.15135234744005686E-002 
  431.00  1.14958240395708067E-002 
  432.00  1.14781770045872377E-002 
  433.00  1.14605821586303488E-002 
  434.00  1.14430392917018141E-002 
  435.00  1.14255481946013305E-002 
  436.00  1.14081086589332501E-002 
  437.00  1.13907204770876853E-002 
  438.00  1.13733834422606872E-002 
  439.00  1.13560973485259970E-002 
  440.00  1.13388619906946934E-002 
  441.00  1.13216771644131346E-002 
  442.00  1.13045426661803079E-002 
  443.00  1.12874582932685225E-002 
  444.00  1.12704238432435652E-002 
  445.00  1.12534391161373398E-002 
  446.00  1.12365039111460025E-002 
  447.00  1.12196180288772884E-002 
  448.00  1.12027812707062250E-002 
  449.00  1.11859934388431337E-002 
  450.00  1.11692543363842763E-002 
  451.00  1.11525637671787067E-002 
  452.00  1.11359215359289714E-002 
  453.00  1.11193274482063557E-002 
  454.00  1.11027813102758353E-002 
  455.00  1.10862829294015100E-002 
  456.00  1.10698321135364441E-002 
  457.00  1.10534286715377253E-002 
  458.00  1.10370724130220699E-002 
  459.00  1.10207631485070515E-002 
  460.00  1.10045006892581856E-002 
  461.00  1.09882848473987875E-002 
  462.00  1.09721154358795678E-002 
  463.00  1.09559922684423425E-002 
  464.00  1.09399151596854313E-002 
  465.00  1.09238839249587161E-002 
  466.00  1.09078983805121696E-002 
  467.00  1.08919583433472206E-002 
  468.00  1.08760636312950111E-002 
  469.00  1.08602140629972359E-002 
  470.00  1.08444094579479306E-002 
  471.00  1.08286496363564980E-002 
  472.00  1.08129344193250137E-002 
  473.00  1.07972636286996736E-002 
  474.00  1.07816370871639550E-002 
  475.00  1.07660546181936184E-002 
  476.00  1.07505160460804189E-002 
  477.00  1.07350211958533222E-002 
  478.00  1.07195698933847637E-002 
  479.00  1.07041619653489364E-002 
  480.00  1.06887972391718176E-002 
  481.00  1.06734755431047035E-002 
  482.00  1.06581967061046088E-002 
  483.00  1.06429605580231432E-002 
  484.00  1.06277669294337039E-002 
  485.00  1.06126156516604328E-002 
  486.00  1.05975065568484472E-002 
  487.00  1.05824394779160495E-002 
  488.00  1.05674142485205520E-002 
  489.00  1.05524307030827255E-002 
  490.00  1.05374886768597638E-002 
  491.00  1.05225880057667320E-002 
  492.00  1.05077285265559976E-002 
  493.00  1.04929100766942805E-002 
  494.00  1.04781324944307752E-002 
  495.00  1.04633956187635824E-002 
  496.00  1.04486992893865760E-002 
  497.00  1.04340433468280147E-002 
  498.00  1.04194276323090178E-002 
  499.00  1.04048519877616829E-002 
  500.00  1.03903162559284244E-002 
  501.00  1.03758202797182252E-002 
  502.00  1.03613639043291534E-002 
  503.00  1.03469469741435428E-002 
  504.00  1.03325693347623478E-002 
  505.00  1.03182308325714921E-002 
  506.00  1.03039313146037932E-002 
  507.00  1.02896706286635109E-002 
  508.00  1.02754486232372374E-002 
  509.00  1.02612651475307501E-002 
  510.00  1.02471200514485730E-002 
  511.00  1.02330131856269591E-002 
  512.00  1.02189444013933237E-002 
  513.00  1.02049135507501880E-002 
  514.00  1.01909204864077865E-002 
  515.00  1.01769650617892504E-002 
  516.00  1.01630471309883032E-002 
  517.00  1.01491665487995295E-002 
  518.00  1.01353231706973711E-002 
  519.00  1.01215168528044214E-002 
  520.00  1.01077474519462220E-002 
  521.00  1.00940148256672361E-002 
  522.00  1.00803188321064805E-002 
  523.00  1.00666593301020710E-002 
  524.00  1.00530361791731776E-002 
  525.00  1.00394492394957641E-002 
  526.00  1.00258983718660172E-002 
  527.00  1.00123834378331548E-002 
  528.00  9.99890429944500989E-003 
  529.00  9.98546081955794390E-003 
  530.00  9.97205286158088511E-003 
  531.00  9.95868028959830467E-003 
  532.00  9.94534296834056163E-003 
  533.00  9.93204076313342066E-003 
  534.00  9.91877353999679086E-003 
  535.00  9.90554116554569555E-003 
  536.00  9.89234350703733709E-003 
  537.00  9.87918043236106665E-003 
  538.00  9.86605180998554286E-003 
  539.00  9.85295750904900507E-003 
  540.00  9.83989739929711296E-003 
  541.00  9.82687135107618813E-003 
  542.00  9.81387923534566067E-003 
  543.00  9.80092092368956350E-003 
  544.00  9.78799628825931245E-003 
  545.00  9.77510520186878132E-003 
  546.00  9.76224753784948884E-003 
  547.00  9.74942317020593453E-003 
  548.00  9.73663197349410904E-003 
  549.00  9.72387382285730059E-003 
  550.00  9.71114859403830744E-003 
  551.00  9.69845616341515407E-003 
  552.00  9.68579640781330568E-003 
  553.00  9.67316920477342274E-003 
  554.00  9.66057443232689814E-003 
  555.00  9.64801196912624601E-003 
  556.00  9.63548169439260548E-003 
  557.00  9.62298348782952839E-003 
  558.00  9.61051722984337595E-003 
  559.00  9.59808280128671663E-003 
  560.00  9.58568008364699999E-003 
  561.00  9.57330895890277575E-003 
  562.00  9.56096930962047932E-003 
  563.00  9.54866101891806499E-003 
  564.00  9.53638397045237542E-003 
  565.00  9.52413804841619784E-003 
  566.00  9.51192313759255739E-003 
  567.00  9.49973912320037708E-003 
  568.00  9.48758589110820436E-003 
  569.00  9.47546332764459542E-003 
  570.00  9.46337131968557829E-003 
  571.00  9.45130975465199863E-003 
  572.00  9.43927852050082360E-003 
  573.00  9.42727750563331253E-003 
  574.00  9.41530659907136025E-003 
  575.00  9.40336569029526399E-003 
  576.00  9.39145466930515690E-003 
  577.00  9.37957342660828385E-003 
  578.00  9.36772185326832652E-003 
  579.00  9.35589984079413656E-003 
  580.00  9.34410728121463224E-003 
  581.00  9.33234406661057926E-003 
  582.00  9.32061009094933487E-003 
  583.00  9.30890524732158088E-003 
  584.00  9.29722942972371381E-003 
  585.00  9.28558253267035283E-003 
  586.00  9.27396445119337519E-003 
  587.00  9.26237508074513605E-003 
  588.00  9.25081431733404402E-003 
  589.00  9.23928205738003966E-003 
  590.00  9.22777819783253753E-003 
  591.00  9.21630263610925815E-003 
  592.00  9.20485527005093264E-003 
  593.00  9.19343599802794134E-003 
  594.00  9.18204471887177319E-003 
  595.00  9.17068133184994333E-003 
  596.00  9.15934573671410221E-003 
  597.00  9.14803783367422289E-003 
  598.00  9.13675752340481311E-003 
  599.00  9.12550470698609770E-003 
  600.00  9.11427928603613692E-003 
  601.00  9.10308116258590899E-003 
  602.00  9.09191023907550931E-003 
  603.00  9.08076641844518875E-003 
  604.00  9.06964960404949179E-003 
  605.00  9.05855969970837879E-003 
  606.00  9.04749660965778121E-003 
