  2.0000   1.0000000000000000      
  3.0000   1.0000000000000000      
  4.0000   1.0000000000000000      
  5.0000  0.99999999999998912      
  6.0000  0.99999999999803268      
  7.0000  0.99999999991844624      
  8.0000  0.99999999866166278      
  9.0000  0.99999998814303859      
  10.000  0.99999993171254020      
  11.000  0.99999971236280383      
  12.000  0.99999904174709742      
  13.000  0.99999733498836940      
  14.000  0.99999357007160605      
  15.000  0.99998615709862038      
  16.000  0.99997284041195100      
  17.000  0.99995064844443249      
  18.000  0.99991589616386345      
  19.000  0.99986423626402243      
  20.000  0.99979074935355783      
  21.000  0.99969006056328913      
  22.000  0.99955646971142742      
  23.000  0.99938408361999931      
  24.000  0.99916694156024233      
  25.000  0.99889912747887499      
  26.000  0.99857486518668903      
  27.000  0.99818859482976341      
  28.000  0.99773503061456181      
  29.000  0.99720920091770482      
  30.000  0.99660647263848934      
  31.000  0.99592256202772145      
  32.000  0.99515353433840070      
  33.000  0.99429579457235684      
  34.000  0.99334607140936415      
  35.000  0.99230139615419977      
  36.000  0.99115907826044192      
  37.000  0.98991667871509537      
  38.000  0.98857198231032350      
  39.000  0.98712296959882617      
  40.000  0.98556778913074494      
  41.000  0.98390473040360826      
  42.000  0.98213219782104100      
  43.000  0.98024868584794800      
  44.000  0.97825275546620127      
  45.000  0.97614301197190712      
  46.000  0.97391808410954539      
  47.000  0.97157660450654304      
  48.000  0.96911719135112251      
  49.000  0.96653843124415906      
  50.000  0.96383886315006362      
  51.000  0.96101696337063269      
  52.000  0.95807113146779344      
  53.000  0.95499967706538913      
  54.000  0.95180080746447526      
  55.000  0.94847261601270993      
  56.000  0.94501307117248334      
  57.000  0.94142000623708422      
  58.000  0.93769110964735292      
  59.000  0.93382391586325464      
  60.000  0.92981579674751846      
  61.000  0.92566395341424690      
  62.000  0.92136540850132731      
  63.000  0.91691699881718058      
  64.000  0.91231536831626736      
  65.000  0.90755696134727692      
  66.000  0.90263801612569561      
  67.000  0.89755455837271891      
  68.000  0.89230239505819731      
  69.000  0.88687710819361576      
  70.000  0.88127404861290393      
  71.000  0.87548832967581647      
  72.000  0.86951482084336118      
  73.000  0.86334814106937507      
  74.000  0.85698265195122025      
  75.000  0.85041245061623094      
  76.000  0.84363136229635871      
  77.000  0.83663293259887173      
  78.000  0.82941041946058203      
  79.000  0.82195678484153856      
  80.000  0.81426468620921177      
  81.000  0.80632646793455720      
  82.000  0.79813415277335142      
  83.000  0.78967943366124005      
  84.000  0.78095366615921402      
  85.000  0.77194786200336318      
  86.000  0.76265268433836586      
  87.000  0.75305844542969047      
  88.000  0.74315510787279648      
  89.000  0.73293229063011101      
  90.000  0.72237928161656428      
  91.000  0.71148505905195747      
  92.000  0.70023832442933354      
  93.000  0.68862755075584403      
  94.000  0.67664105070939107      
  95.000  0.66426707065766544      
  96.000  0.65149391800058665      
  97.000  0.63831013127427860      
  98.000  0.62470470471436079      
  99.000  0.61066738172388346      
  100.00  0.59618903472177454      
  101.00  0.58126215207500609      
  102.00  0.56588145583127214      
  103.00  0.55004467608655605      
  104.00  0.53375350779843811      
  105.00  0.51701477188222911      
  106.00  0.49984179150086155      
  107.00  0.48225597298294226      
  108.00  0.46428854406614584      
  109.00  0.44598234629494049      
  110.00  0.42739350201224280      
  111.00  0.40859268534484749      
  112.00  0.38966563887227890      
  113.00  0.37071252746947547      
  114.00  0.35184575577911137      
  115.00  0.33318604162111476      
  116.00  0.31485684744313447      
  117.00  0.29697767406700920      
  118.00  0.27965709054778470      
  119.00  0.26298655473583510      
  120.00  0.24703596726093027      
  121.00  0.23185151693200351      
  122.00  0.21745586181577528      
  123.00  0.20385023555874393      
  124.00  0.19101780647754835      
  125.00  0.17892757591494696      
  126.00  0.16753822437782953      
  127.00  0.15680150838451004      
  128.00  0.14666500158418877      
  129.00  0.13707411825386034      
  130.00  0.12797344396609897      
  131.00  0.11930743275707374      
  132.00  0.11102052343499993      
  133.00  0.10305668637563428      
  134.00  9.53583327371288064E-002 
  135.00  8.78643760947045438E-002 
  136.00  8.05069638373329399E-002 
  137.00  7.32058079120297134E-002 
  138.00  6.58576025205890592E-002 
  139.00  5.83138812971676565E-002 
  140.00  5.03259840253620222E-002 
  141.00  4.13622241183852490E-002 
  142.00  2.93826048054770805E-002 
  143.00 -3.55447138507962446E-002 
  144.00 -2.59268994052464959E-002 
  145.00 -1.65075958472284366E-002 
  146.00 -9.32954789541753926E-003 
  147.00 -5.03583227246320615E-003 
  148.00 -2.42763390259406655E-003 
  149.00 -6.58459087138827748E-004 
  150.00  6.58369226775214721E-004 
  151.00  1.70459048428604071E-003 
  152.00  2.57418140578207855E-003 
  153.00  3.32026010185523541E-003 
  154.00  3.97514880894820656E-003 
  155.00  4.55974014353263072E-003 
  156.00  5.08823017014687230E-003 
  157.00  5.57067669608165856E-003 
  158.00  6.01446270063696505E-003 
  159.00  6.42517463564332841E-003 
  160.00  6.80715164176972243E-003 
  161.00  7.16384140201793435E-003 
  162.00  7.49803797424572656E-003 
  163.00  7.81204516267863629E-003 
  164.00  8.10779150618797309E-003 
  165.00  8.38691300501424007E-003 
  166.00  8.65081382390841223E-003 
  167.00  8.90071164154026054E-003 
  168.00  9.13767208829286207E-003 
  169.00  9.36263529468319040E-003 
  170.00  9.57643664417578283E-003 
  171.00  9.77982319877935928E-003 
  172.00  9.97346685963001502E-003 
  173.00  1.01579750220525903E-002 
  174.00  1.03338992952750723E-002 
  175.00  1.05017426994267662E-002 
  176.00  1.06619656635728657E-002 
  177.00  1.08149910616961893E-002 
  178.00  1.09612084744525745E-002 
  179.00  1.11009778210280439E-002 
  180.00  1.12346324729085366E-002 
  181.00  1.13624819442592773E-002 
  182.00  1.14848142227611510E-002 
  183.00  1.16018978075927079E-002 
  184.00  1.17139834925853344E-002 
  185.00  1.18213059397486563E-002 
  186.00  1.19240850699229833E-002 
  187.00  1.20225272995932112E-002 
  188.00  1.21168266410081205E-002 
  189.00  1.22071656892307617E-002 
  190.00  1.22937165071395869E-002 
  191.00  1.23766414213163159E-002 
  192.00  1.24560937436000684E-002 
  193.00  1.25322184216657331E-002 
  194.00  1.26051526312646565E-002 
  195.00  1.26750263149068149E-002 
  196.00  1.27419626734098963E-002 
  197.00  1.28060786140683312E-002 
  198.00  1.28674851637647671E-002 
  199.00  1.29262878457560102E-002 
  200.00  1.29825870262215114E-002 
  201.00  1.30364782359008689E-002 
  202.00  1.30880524630942550E-002 
  203.00  1.31373964281175041E-002 
  204.00  1.31845928349124623E-002 
  205.00  1.32297206039826525E-002 
  206.00  1.32728550913433184E-002 
  207.00  1.33140682878831011E-002 
  208.00  1.33534290091452314E-002 
  209.00  1.33910030680916801E-002 
  210.00  1.34268534388600255E-002 
  211.00  1.34610404094677207E-002 
  212.00  1.34936217222321846E-002 
  213.00  1.35246527086135236E-002 
  214.00  1.35541864118973818E-002 
  215.00  1.35822737045517283E-002 
  216.00  1.36089633983514056E-002 
  217.00  1.36343023452885990E-002 
  218.00  1.36583355360583494E-002 
  219.00  1.36811061889897632E-002 
  220.00  1.37026558361565236E-002 
  221.00  1.37230244045784162E-002 
  222.00  1.37422502903400742E-002 
  223.00  1.37603704311803875E-002 
  224.00  1.37774203733674796E-002 
  225.00  1.37934343362710789E-002 
  226.00  1.38084452711835920E-002 
  227.00  1.38224849188974905E-002 
  228.00  1.38355838642410904E-002 
  229.00  1.38477715855543967E-002 
  230.00  1.38590765039987764E-002 
  231.00  1.38695260287756313E-002 
  232.00  1.38791466014387792E-002 
  233.00  1.38879637356267883E-002 
  234.00  1.38960020570793649E-002 
  235.00  1.39032853403208249E-002 
  236.00  1.39098365447748781E-002 
  237.00  1.39156778468706270E-002 
  238.00  1.39208306729070343E-002 
  239.00  1.39253157291180894E-002 
  240.00  1.39291530302978663E-002 
  241.00  1.39323619282908200E-002 
  242.00  1.39349611366791862E-002 
  243.00  1.39369687567705066E-002 
  244.00  1.39384023011625176E-002 
  245.00  1.39392787161988600E-002 
  246.00  1.39396144046645878E-002 
  247.00  1.39394252448962839E-002 
  248.00  1.39387266116767407E-002 
  249.00  1.39375333947655243E-002 
  250.00  1.39358600169978194E-002 
  251.00  1.39337204512635197E-002 
  252.00  1.39311282380208713E-002 
  253.00  1.39280964995795505E-002 
  254.00  1.39246379562031151E-002 
  255.00  1.39207649403126910E-002 
  256.00  1.39164894104206738E-002 
  257.00  1.39118229642827829E-002 
  258.00  1.39067768514747024E-002 
  259.00  1.39013619864971211E-002 
  260.00  1.38955889589878392E-002 
  261.00  1.38894680459919016E-002 
  262.00  1.38830092224073408E-002 
  263.00  1.38762221713030019E-002 
  264.00  1.38691162938730187E-002 
  265.00  1.38617007187075009E-002 
  266.00  1.38539843118423659E-002 
  267.00  1.38459756841563027E-002 
  268.00  1.38376832007417513E-002 
  269.00  1.38291149887866758E-002 
  270.00  1.38202789453319482E-002 
  271.00  1.38111827448877209E-002 
  272.00  1.38018338465204313E-002 
  273.00  1.37922395008658102E-002 
  274.00  1.37824067565417794E-002 
  275.00  1.37723424675978180E-002 
  276.00  1.37620532981473885E-002 
  277.00  1.37515457294513123E-002 
  278.00  1.37408260652892543E-002 
  279.00  1.37299004375843296E-002 
  280.00  1.37187748117016534E-002 
  281.00  1.37074549916029968E-002 
  282.00  1.36959466247958076E-002 
  283.00  1.36842552071517291E-002 
  284.00  1.36723860871966005E-002 
  285.00  1.36603444716641761E-002 
  286.00  1.36481354281994868E-002 
  287.00  1.36357638905311111E-002 
  288.00  1.36232346622592315E-002 
  289.00  1.36105524207117932E-002 
  290.00  1.35977217205961783E-002 
  291.00  1.35847469977245054E-002 
  292.00  1.35716325724067523E-002 
  293.00  1.35583826528570851E-002 
  294.00  1.35450013384343093E-002 
  295.00  1.35314926227759428E-002 
  296.00  1.35178603965897728E-002 
  297.00  1.35041084515840851E-002 
  298.00  1.34902404818640180E-002 
  299.00  1.34762600875823861E-002 
  300.00  1.34621707774639741E-002 
  301.00  1.34479759712422785E-002 
  302.00  1.34336790022976417E-002 
  303.00  1.34192831199100304E-002 
  304.00  1.34047914917708004E-002 
  305.00  1.33902072060799789E-002 
  306.00  1.33755332737990843E-002 
  307.00  1.33607726307837602E-002 
  308.00  1.33459281398334052E-002 
  309.00  1.33310025923816383E-002 
  310.00  1.33159987114927318E-002 
  311.00  1.33009191521529981E-002 
  312.00  1.32857665041337357E-002 
  313.00  1.32705432934850411E-002 
  314.00  1.32552519842247668E-002 
  315.00  1.32398949799527217E-002 
  316.00  1.32244746255897293E-002 
  317.00  1.32089932087276814E-002 
  318.00  1.31934529612613184E-002 
  319.00  1.31778560608338865E-002 
  320.00  1.31622046322181115E-002 
  321.00  1.31465007487286505E-002 
  322.00  1.31307464334947579E-002 
  323.00  1.31149436608603651E-002 
  324.00  1.30990943575334893E-002 
  325.00  1.30832004038451237E-002 
  326.00  1.30672636346879263E-002 
  327.00  1.30512858417079543E-002 
  328.00  1.30352687728244928E-002 
  329.00  1.30192141343745960E-002 
  330.00  1.30031235919592595E-002 
  331.00  1.29869987713687272E-002 
  332.00  1.29708412596617612E-002 
  333.00  1.29546526061072535E-002 
  334.00  1.29384343231009422E-002 
  335.00  1.29221878870987954E-002 
  336.00  1.29059147395070295E-002 
  337.00  1.28896162875464879E-002 
  338.00  1.28732939050930136E-002 
  339.00  1.28569489334987817E-002 
  340.00  1.28405826823506236E-002 
  341.00  1.28241964302970666E-002 
  342.00  1.28077914257521651E-002 
  343.00  1.27913688876688698E-002 
  344.00  1.27749300062137919E-002 
  345.00  1.27584759434988485E-002 
  346.00  1.27420078339482330E-002 
  347.00  1.27255267860252735E-002 
  348.00  1.27090338813010510E-002 
  349.00  1.26925301761245442E-002 
  350.00  1.26760167019449865E-002 
  351.00  1.26594944659571499E-002 
  352.00  1.26429644515531313E-002 
  353.00  1.26264276190866474E-002 
  354.00  1.26098849061596577E-002 
  355.00  1.25933372284021787E-002 
  356.00  1.25767854797654375E-002 
  357.00  1.25602305332163794E-002 
  358.00  1.25436732410926562E-002 
  359.00  1.25271144356284472E-002 
  360.00  1.25105549294490560E-002 
  361.00  1.24939955159692646E-002 
  362.00  1.24774369698708691E-002 
  363.00  1.24608800475332383E-002 
  364.00  1.24443254874026174E-002 
  365.00  1.24277740104783603E-002 
  366.00  1.24112263206562750E-002 
  367.00  1.23946831051274485E-002 
  368.00  1.23781450348067860E-002 
  369.00  1.23616127645959709E-002 
  370.00  1.23450869336038747E-002 
  371.00  1.23285681664637072E-002 
  372.00  1.23120570721168034E-002 
  373.00  1.22955542452327926E-002 
  374.00  1.22790602662151711E-002 
  375.00  1.22625757015941503E-002 
  376.00  1.22461011042484004E-002 
  377.00  1.22296370138025266E-002 
  378.00  1.22131839568479488E-002 
  379.00  1.21967424472594864E-002 
  380.00  1.21803129864996914E-002 
  381.00  1.21638960638409642E-002 
  382.00  1.21474921566567286E-002 
  383.00  1.21311017307446541E-002 
  384.00  1.21147252404776012E-002 
  385.00  1.20983631291158179E-002 
  386.00  1.20820158290543024E-002 
  387.00  1.20656837620253393E-002 
  388.00  1.20493673393389962E-002 
  389.00  1.20330669621731730E-002 
  390.00  1.20167830216792136E-002 
  391.00  1.20005158993082440E-002 
  392.00  1.19842659669586425E-002 
  393.00  1.19680335872242461E-002 
  394.00  1.19518191135041130E-002 
  395.00  1.19356228903510480E-002 
  396.00  1.19194452535498659E-002 
  397.00  1.19032865303157296E-002 
  398.00  1.18871470394990610E-002 
  399.00  1.18710270918314063E-002 
  400.00  1.18549269899303374E-002 
  401.00  1.18388470286697814E-002 
  402.00  1.18227874949030261E-002 
  403.00  1.18067486688759379E-002 
  404.00  1.17907308226009554E-002 
  405.00  1.17747342211739856E-002 
  406.00  1.17587591227141207E-002 
  407.00  1.17428057783924254E-002 
  408.00  1.17268744326278727E-002 
  409.00  1.17109653233238662E-002 
  410.00  1.16950786818433832E-002 
  411.00  1.16792147332706840E-002 
  412.00  1.16633736964856134E-002 
  413.00  1.16475557842733481E-002 
  414.00  1.16317612035654553E-002 
  415.00  1.16159901554546592E-002 
  416.00  1.16002428353115077E-002 
  417.00  1.15845194329937239E-002 
  418.00  1.15688201329041292E-002 
  419.00  1.15531451140859706E-002 
  420.00  1.15374945503900015E-002 
  421.00  1.15218686105406157E-002 
  422.00  1.15062674582589747E-002 
  423.00  1.14906912523726930E-002 
  424.00  1.14751401469335001E-002 
  425.00  1.14596142912603248E-002 
  426.00  1.14441138300510527E-002 
  427.00  1.14286389036059866E-002 
  428.00  1.14131896476988778E-002 
  429.00  1.13977661938694710E-002 
  430.00  1.13823686693864893E-002 
  431.00  1.13669971973932755E-002 
  432.00  1.13516518969865067E-002 
  433.00  1.13363328833212696E-002 
  434.00  1.13210402675767881E-002 
  435.00  1.13057741572472319E-002 
  436.00  1.12905346560166937E-002 
  437.00  1.12753218639502824E-002 
  438.00  1.12601358775656947E-002 
  439.00  1.12449767898359608E-002 
  440.00  1.12298446903465240E-002 
  441.00  1.12147396653205274E-002 
  442.00  1.11996617976794048E-002 
  443.00  1.11846111671596964E-002 
  444.00  1.11695878500458982E-002 
  445.00  1.11545919203799408E-002 
  446.00  1.11396234483869989E-002 
  447.00  1.11246825015474775E-002 
  448.00  1.11097691445161510E-002 
  449.00  1.10948834390576494E-002 
  450.00  1.10800254441754155E-002 
  451.00  1.10651952162062975E-002 
  452.00  1.10503928087534696E-002 
  453.00  1.10356182728218975E-002 
  454.00  1.10208716569501763E-002 
  455.00  1.10061530070761047E-002 
  456.00  1.09914623667395281E-002 
  457.00  1.09767997771070182E-002 
  458.00  1.09621652769380153E-002 
  459.00  1.09475589027712358E-002 
  460.00  1.09329806888327115E-002 
  461.00  1.09184306671564584E-002 
  462.00  1.09039088676797791E-002 
  463.00  1.08894153181812690E-002 
  464.00  1.08749500443838104E-002 
  465.00  1.08605130699809278E-002 
  466.00  1.08461044166878913E-002 
  467.00  1.08317241043141329E-002 
  468.00  1.08173721507229675E-002 
  469.00  1.08030485719776432E-002 
  470.00  1.07887533822587089E-002 
  471.00  1.07744865940007668E-002 
  472.00  1.07602482179474830E-002 
  473.00  1.07460382630426305E-002 
  474.00  1.07318567365960946E-002 
  475.00  1.07177036443333699E-002 
  476.00  1.07035789903326111E-002 
  477.00  1.06894827771097951E-002 
  478.00  1.06754150056646360E-002 
  479.00  1.06613756755063009E-002 
  480.00  1.06473647846540599E-002 
  481.00  1.06333823297107173E-002 
  482.00  1.06194283058503435E-002 
  483.00  1.06055027069106751E-002 
  484.00  1.05916055253741630E-002 
  485.00  1.05777367523751629E-002 
  486.00  1.05638963778382812E-002 
  487.00  1.05500843903281981E-002 
  488.00  1.05363007772582024E-002 
  489.00  1.05225455248118237E-002 
  490.00  1.05088186179837142E-002 
  491.00  1.04951200406198687E-002 
  492.00  1.04814497754705995E-002 
  493.00  1.04678078041433066E-002 
  494.00  1.04541941071816004E-002 
  495.00  1.04406086640989829E-002 
  496.00  1.04270514533488217E-002 
  497.00  1.04135224523771407E-002 
  498.00  1.04000216376661115E-002 
  499.00  1.03865489847157228E-002 
  500.00  1.03731044680902794E-002 
  501.00  1.03596880611721322E-002 
  502.00  1.03462997372916893E-002 
  503.00  1.03329394680050472E-002 
  504.00  1.03196072243454395E-002 
  505.00  1.03063029764554302E-002 
  506.00  1.02930266937273918E-002 
  507.00  1.02797783446903698E-002 
  508.00  1.02665578971290403E-002 
  509.00  1.02533653180142473E-002 
  510.00  1.02402005736624627E-002 
  511.00  1.02270636296006943E-002 
  512.00  1.02139544505912162E-002 
  513.00  1.02008730007994135E-002 
  514.00  1.01878192436840893E-002 
  515.00  1.01747931420073396E-002 
  516.00  1.01617946579136559E-002 
  517.00  1.01488237529227497E-002 
  518.00  1.01358803879280073E-002 
  519.00  1.01229645231955424E-002 
  520.00  1.01100761184518915E-002 
  521.00  1.00972151328260797E-002 
  522.00  1.00843815249056327E-002 
  523.00  1.00715752527306100E-002 
  524.00  1.00587962737783178E-002 
  525.00  1.00460445450609344E-002 
  526.00  1.00333200230698933E-002 
  527.00  1.00206226637717336E-002 
  528.00  1.00079524226890267E-002 
  529.00  9.99530925489890663E-003 
  530.00  9.98269311498749604E-003 
  531.00  9.97010395708455843E-003 
  532.00  9.95754173494918862E-003 
  533.00  9.94500640187533959E-003 
  534.00  9.93249791076514406E-003 
  535.00  9.92001621413193119E-003 
  536.00  9.90756126407667768E-003 
  537.00  9.89513301235905168E-003 
  538.00  9.88273141034256251E-003 
  539.00  9.87035640907995941E-003 
  540.00  9.85800795921837163E-003 
  541.00  9.84568601112461791E-003 
  542.00  9.83339051480474832E-003 
  543.00  9.82112141999166681E-003 
  544.00  9.80887867605842977E-003 
  545.00  9.79666223209720195E-003 
  546.00  9.78447203697881650E-003 
  547.00  9.77230803919641039E-003 
  548.00  9.76017018700967021E-003 
  549.00  9.74805842843990376E-003 
  550.00  9.73597271121890047E-003 
  551.00  9.72391298285596277E-003 
  552.00  9.71187919059928080E-003 
  553.00  9.69987128151229838E-003 
  554.00  9.68788920238430884E-003 
  555.00  9.67593289981427337E-003 
  556.00  9.66400232016994924E-003 
  557.00  9.65209740967959764E-003 
  558.00  9.64021811428933048E-003 
  559.00  9.62836437985466892E-003 
  560.00  9.61653615194026784E-003 
  561.00  9.60473337603598952E-003 
  562.00  9.59295599742847685E-003 
  563.00  9.58120396123535167E-003 
  564.00  9.56947721242957898E-003 
  565.00  9.55777569581934931E-003 
  566.00  9.54609935610066691E-003 
  567.00  9.53444813782371864E-003 
  568.00  9.52282198538483698E-003 
  569.00  9.51122084309959440E-003 
  570.00  9.49964465511302439E-003 
  571.00  9.48809336550323831E-003 
  572.00  9.47656691822139179E-003 
  573.00  9.46506525710453898E-003 
  574.00  9.45358832589428960E-003 
  575.00  9.44213606828734134E-003 
  576.00  9.43070842781904874E-003 
  577.00  9.41930534799491001E-003 
  578.00  9.40792677221191295E-003 
  579.00  9.39657264382378829E-003 
  580.00  9.38524290608125714E-003 
  581.00  9.37393750189001798E-003 
  582.00  9.36265637502206940E-003 
  583.00  9.35139946825768592E-003 
  584.00  9.34016672462928757E-003 
  585.00  9.32895808713318439E-003 
  586.00  9.31777349871900154E-003 
  587.00  9.30661290228769825E-003 
  588.00  9.29547624074645445E-003 
  589.00  9.28436345690245891E-003 
  590.00  9.27327449359569879E-003 
  591.00  9.26220929362510208E-003 
  592.00  9.25116779973981194E-003 
  593.00  9.24014995473151739E-003 
  594.00  9.22915570133696524E-003 
  595.00  9.21818498228031170E-003 
  596.00  9.20723774031297418E-003 
  597.00  9.19631391815660740E-003 
  598.00  9.18541345851220555E-003 
  599.00  9.17453630413869910E-003 
  600.00  9.16368239776216807E-003 
  601.00  9.15285168217206020E-003 
  602.00  9.14204410005608689E-003 
  603.00  9.13125959424780295E-003 
  604.00  9.12049810751541790E-003 
  605.00  9.10975958270140128E-003 
  606.00  9.09904396261993625E-003 
