  2.0000   1.0000000000000000      
  3.0000   1.0000000000000000      
  4.0000  0.99999999999999933      
  5.0000  0.99999999999938838      
  6.0000  0.99999999994301569      
  7.0000  0.99999999854625443      
  8.0000  0.99999998349373542      
  9.0000  0.99999989073967566      
  10.000  0.99999950425286921      
  11.000  0.99999829079232039      
  12.000  0.99999520375077378      
  13.000  0.99998851215222617      
  14.000  0.99997570232975652      
  15.000  0.99995347286777103      
  16.000  0.99991781618774367      
  17.000  0.99986416309238813      
  18.000  0.99978756109804989      
  19.000  0.99968286013448038      
  20.000  0.99954488593085744      
  21.000  0.99936858891467395      
  22.000  0.99914916292764155      
  23.000  0.99888213283670901      
  24.000  0.99856341318840391      
  25.000  0.99818934172822460      
  26.000  0.99775669227096464      
  27.000  0.99726267141458569      
  28.000  0.99670490321709626      
  29.000  0.99608140539621692      
  30.000  0.99539055999513537      
  31.000  0.99463108085939811      
  32.000  0.99380197973121653      
  33.000  0.99290253230552694      
  34.000  0.99193224521035483      
  35.000  0.99089082456783650      
  36.000  0.98977814655239238      
  37.000  0.98859423018065606      
  38.000  0.98733921243138101      
  39.000  0.98601332569600153      
  40.000  0.98461687749213933      
  41.000  0.98315023232711507      
  42.000  0.98161379557065020      
  43.000  0.98000799918097636      
  44.000  0.97833328912316042      
  45.000  0.97659011431908049      
  46.000  0.97477891697466268      
  47.000  0.97290012413775939      
  48.000  0.97095414035048644      
  49.000  0.96894134127060350      
  50.000  0.96686206814758491      
  51.000  0.96471662304985606      
  52.000  0.96250526474990006      
  53.000  0.96022820518367291      
  54.000  0.95788560640907217      
  55.000  0.95547757799681676      
  56.000  0.95300417479347188      
  57.000  0.95046539500300131      
  58.000  0.94786117853854923      
  59.000  0.94519140560092973      
  60.000  0.94245589544453723      
  61.000  0.93965440529442146      
  62.000  0.93678662938202850      
  63.000  0.93385219806879682      
  64.000  0.93085067702945978      
  65.000  0.92778156646802135      
  66.000  0.92464430034136402      
  67.000  0.92143824556595777      
  68.000  0.91816270118391885      
  69.000  0.91481689746553063      
  70.000  0.91139999492522550      
  71.000  0.90791108322797931      
  72.000  0.90434917996327380      
  73.000  0.90071322926302977      
  74.000  0.89700210023908278      
  75.000  0.89321458521565589      
  76.000  0.88934939773013133      
  77.000  0.88540517027526755      
  78.000  0.88138045175329227      
  79.000  0.87727370461170384      
  80.000  0.87308330162751435      
  81.000  0.86880752230516445      
  82.000  0.86444454885080968      
  83.000  0.85999246168262500      
  84.000  0.85544923443453591      
  85.000  0.85081272840814015      
  86.000  0.84608068642436718      
  87.000  0.84125072602496631      
  88.000  0.83632033197190592      
  89.000  0.83128684799246488      
  90.000  0.82614746771912306      
  91.000  0.82089922477723876      
  92.000  0.81553898198126462      
  93.000  0.81006341961365647      
  94.000  0.80446902278086208      
  95.000  0.79875206787353925      
  96.000  0.79290860820247999      
  97.000  0.78693445894886582      
  98.000  0.78082518165671233      
  99.000  0.77457606862012818      
  100.00  0.76818212768151406      
  101.00  0.76163806816923296      
  102.00  0.75493828896810788      
  103.00  0.74807687003153522      
  104.00  0.74104756899123680      
  105.00  0.73384382485989152      
  106.00  0.72645877105976253      
  107.00  0.71888526000418895      
  108.00  0.71111590096746102      
  109.00  0.70314311169320987      
  110.00  0.69495918174817595      
  111.00  0.68655634176021740      
  112.00  0.67792682744156074      
  113.00  0.66906292140593004      
  114.00  0.65995695088668149      
  115.00  0.65060121803774040      
  116.00  0.64098784402087716      
  117.00  0.63110851948349034      
  118.00  0.62095417013731979      
  119.00  0.61051456155818529      
  120.00  0.59977787556849360      
  121.00  0.58873028758033930      
  122.00  0.57735556083596129      
  123.00  0.56563465445112959      
  124.00  0.55354532340194584      
  125.00  0.54106167370635805      
  126.00  0.52815362516889341      
  127.00  0.51478622442912347      
  128.00  0.50091873834508827      
  129.00  0.48650343667456070      
  130.00  0.47148393682030887      
  131.00  0.45579292170357649      
  132.00  0.43934893639248906      
  133.00  0.42205178474116878      
  134.00  0.40377571239838278      
  135.00  0.38435892133524813      
  136.00  0.36358664963309029      
  137.00  0.34116213447707933      
  138.00  0.31665255753837412      
  139.00  0.28937641319367341      
  140.00  0.25812586401802301      
  141.00  0.22025554304429754      
  142.00  0.16568021960232943      
  143.00 -0.15217888721023878      
  144.00 -0.11181424374972737      
  145.00 -6.99560962894743288E-002 
  146.00 -3.75292164724701921E-002 
  147.00 -1.88935941650571620E-002 
  148.00 -8.49158991705494318E-003 
  149.00 -2.15771984576466251E-003 
  150.00  2.03250166833024827E-003 
  151.00  4.98386701448366980E-003 
  152.00  7.16170894244400752E-003 
  153.00  8.82640958529687034E-003 
  154.00  1.01341229609488610E-002 
  155.00  1.11838824446461975E-002 
  156.00  1.20414165000202918E-002 
  157.00  1.27520138058277062E-002 
  158.00  1.33478710376788608E-002 
  159.00  1.38524914847449505E-002 
  160.00  1.42834256160475452E-002 
  161.00  1.46540382842367013E-002 
  162.00  1.49746826906188898E-002 
  163.00  1.52535008398020228E-002 
  164.00  1.54969819592658594E-002 
  165.00  1.57103600875693715E-002 
  166.00  1.58979023426806913E-002 
  167.00  1.60631213643682505E-002 
  168.00  1.62089341995289397E-002 
  169.00  1.63377827347723978E-002 
  170.00  1.64517261101309702E-002 
  171.00  1.65525124064015393E-002 
  172.00  1.66416348523213478E-002 
  173.00  1.67203762903433348E-002 
  174.00  1.67898446850739819E-002 
  175.00  1.68510016823907247E-002 
  176.00  1.69046857774329644E-002 
  177.00  1.69516312264574934E-002 
  178.00  1.69924835911278126E-002 
  179.00  1.70278125940207525E-002 
  180.00  1.70581228050774962E-002 
  181.00  1.70838625899680657E-002 
  182.00  1.71054316152831100E-002 
  183.00  1.71231872038095333E-002 
  184.00  1.71374497107969863E-002 
  185.00  1.71485071161177442E-002 
  186.00  1.71566189469867410E-002 
  187.00  1.71620196532285205E-002 
  188.00  1.71649215063981175E-002 
  189.00  1.71655171179586827E-002 
  190.00  1.71639816208502480E-002 
  191.00  1.71604745648269892E-002 
  192.00  1.71551415817641772E-002 
  193.00  1.71481158344869780E-002 
  194.00  1.71395192941441940E-002 
  195.00  1.71294638640914765E-002 
  196.00  1.71180523734147834E-002 
  197.00  1.71053794508055322E-002 
  198.00  1.70915323101696950E-002 
  199.00  1.70765914403620649E-002 
  200.00  1.70606312192792264E-002 
  201.00  1.70437204723990245E-002 
  202.00  1.70259229580954526E-002 
  203.00  1.70072978164153218E-002 
  204.00  1.69878999638431727E-002 
  205.00  1.69677804471225248E-002 
  206.00  1.69469867728504475E-002 
  207.00  1.69255631899044613E-002 
  208.00  1.69035509608500105E-002 
  209.00  1.68809885927929358E-002 
  210.00  1.68579120571142570E-002 
  211.00  1.68343549879014440E-002 
  212.00  1.68103488546976904E-002 
  213.00  1.67859231322690199E-002 
  214.00  1.67611054427292371E-002 
  215.00  1.67359216942723835E-002 
  216.00  1.67103962073649089E-002 
  217.00  1.66845518225438340E-002 
  218.00  1.66584100116732373E-002 
  219.00  1.66319909670735004E-002 
  220.00  1.66053136924136681E-002 
  221.00  1.65783960860904980E-002 
  222.00  1.65512550102247177E-002 
  223.00  1.65239063630636326E-002 
  224.00  1.64963651407064142E-002 
  225.00  1.64686454985659217E-002 
  226.00  1.64407608008756076E-002 
  227.00  1.64127236731601463E-002 
  228.00  1.63845460511158371E-002 
  229.00  1.63562392185560013E-002 
  230.00  1.63278138508567115E-002 
  231.00  1.62992800503714078E-002 
  232.00  1.62706473840325411E-002 
  233.00  1.62419249105678967E-002 
  234.00  1.62131212137541572E-002 
  235.00  1.61842444285575406E-002 
  236.00  1.61553022703110963E-002 
  237.00  1.61263020539462905E-002 
  238.00  1.60972507200857866E-002 
  239.00  1.60681548552308318E-002 
  240.00  1.60390207107948442E-002 
  241.00  1.60098542246804067E-002 
  242.00  1.59806610338484242E-002 
  243.00  1.59514464938298323E-002 
  244.00  1.59222156930454925E-002 
  245.00  1.58929734663988340E-002 
  246.00  1.58637244116797763E-002 
  247.00  1.58344728975004859E-002 
  248.00  1.58052230782643015E-002 
  249.00  1.57759789045779156E-002 
  250.00  1.57467441336299266E-002 
  251.00  1.57175223383539328E-002 
  252.00  1.56883169196485629E-002 
  253.00  1.56591311106339913E-002 
  254.00  1.56299679879486758E-002 
  255.00  1.56008304787604943E-002 
  256.00  1.55717213681081327E-002 
  257.00  1.55426433058249019E-002 
  258.00  1.55135988124554727E-002 
  259.00  1.54845902881626026E-002 
  260.00  1.54556200143656682E-002 
  261.00  1.54266901621901188E-002 
  262.00  1.53978027969139536E-002 
  263.00  1.53689598830263254E-002 
  264.00  1.53401632888511032E-002 
  265.00  1.53114147903527474E-002 
  266.00  1.52827160781247307E-002 
  267.00  1.52540687572162263E-002 
  268.00  1.52254743536835713E-002 
  269.00  1.51969343176275116E-002 
  270.00  1.51684500264912901E-002 
  271.00  1.51400227884154973E-002 
  272.00  1.51116538452342776E-002 
  273.00  1.50833443754972239E-002 
  274.00  1.50550954965774676E-002 
  275.00  1.50269082699900167E-002 
  276.00  1.49987836998706128E-002 
  277.00  1.49707227381194654E-002 
  278.00  1.49427262860541109E-002 
  279.00  1.49147951965077439E-002 
  280.00  1.48869302760000904E-002 
  281.00  1.48591322866452429E-002 
  282.00  1.48314019480845494E-002 
  283.00  1.48037399393081658E-002 
  284.00  1.47761468997092745E-002 
  285.00  1.47486234332688485E-002 
  286.00  1.47211701062787137E-002 
  287.00  1.46937874514721650E-002 
  288.00  1.46664759687426313E-002 
  289.00  1.46392361265121305E-002 
  290.00  1.46120683631257541E-002 
  291.00  1.45849730879580360E-002 
  292.00  1.45579506827042630E-002 
  293.00  1.45310015024983953E-002 
  294.00  1.45041258770075392E-002 
  295.00  1.44773241114331958E-002 
  296.00  1.44505964870002661E-002 
  297.00  1.44239432641926867E-002 
  298.00  1.43973646801764891E-002 
  299.00  1.43708609519834739E-002 
  300.00  1.43444322768520767E-002 
  301.00  1.43180788329442029E-002 
  302.00  1.42918007801776329E-002 
  303.00  1.42655982609021098E-002 
  304.00  1.42394714006887687E-002 
  305.00  1.42134203089284324E-002 
  306.00  1.41874450795263594E-002 
  307.00  1.41615457915243940E-002 
  308.00  1.41357225097075330E-002 
  309.00  1.41099752845594041E-002 
  310.00  1.40843041551796007E-002 
  311.00  1.40587091462953707E-002 
  312.00  1.40331902711145172E-002 
  313.00  1.40077475312355045E-002 
  314.00  1.39823809170988907E-002 
  315.00  1.39570904084728338E-002 
  316.00  1.39318759748168815E-002 
  317.00  1.39067375757936703E-002 
  318.00  1.38816751616083253E-002 
  319.00  1.38566886733508029E-002 
  320.00  1.38317780435004006E-002 
  321.00  1.38069431961214788E-002 
  322.00  1.37821840473218073E-002 
  323.00  1.37575005055572790E-002 
  324.00  1.37328924718714863E-002 
  325.00  1.37083598403087599E-002 
  326.00  1.36839024975957020E-002 
  327.00  1.36595203256562985E-002 
  328.00  1.36352131984816601E-002 
  329.00  1.36109809847606567E-002 
  330.00  1.35868235474201730E-002 
  331.00  1.35627407439719017E-002 
  332.00  1.35387324267131383E-002 
  333.00  1.35147984429409874E-002 
  334.00  1.34909386351525946E-002 
  335.00  1.34671528413014829E-002 
  336.00  1.34434408949685828E-002 
  337.00  1.34198026255341329E-002 
  338.00  1.33962378583863083E-002 
  339.00  1.33727464151401128E-002 
  340.00  1.33493281137156920E-002 
  341.00  1.33259827685904032E-002 
  342.00  1.33027101909321353E-002 
  343.00  1.32795101887280657E-002 
  344.00  1.32563825669518125E-002 
  345.00  1.32333271276921047E-002 
  346.00  1.32103436698439245E-002 
  347.00  1.31874319912380356E-002 
  348.00  1.31645918856415547E-002 
  349.00  1.31418231450177725E-002 
  350.00  1.31191255591020708E-002 
  351.00  1.30964989155424819E-002 
  352.00  1.30739429999602030E-002 
  353.00  1.30514575960760330E-002 
  354.00  1.30290424858610053E-002 
  355.00  1.30066974495279576E-002 
  356.00  1.29844222657902984E-002 
  357.00  1.29622167117647465E-002 
  358.00  1.29400805631947231E-002 
  359.00  1.29180135945422044E-002 
  360.00  1.28960155789366974E-002 
  361.00  1.28740862884286211E-002 
  362.00  1.28522254938990641E-002 
  363.00  1.28304329653096440E-002 
  364.00  1.28087084716106588E-002 
  365.00  1.27870517809032715E-002 
  366.00  1.27654626605072270E-002 
  367.00  1.27439408769545980E-002 
  368.00  1.27224861961542680E-002 
  369.00  1.27010983833720920E-002 
  370.00  1.26797772028241409E-002 
  371.00  1.26585224197243960E-002 
  372.00  1.26373337973321037E-002 
  373.00  1.26162110989833411E-002 
  374.00  1.25951540877251439E-002 
  375.00  1.25741625262429744E-002 
  376.00  1.25532361770341501E-002 
  377.00  1.25323748023421326E-002 
  378.00  1.25115781642472744E-002 
  379.00  1.24908460247351392E-002 
  380.00  1.24701781456830023E-002 
  381.00  1.24495742889628065E-002 
  382.00  1.24290342164127248E-002 
  383.00  1.24085576898721860E-002 
  384.00  1.23881444713221395E-002 
  385.00  1.23677943227624883E-002 
  386.00  1.23475070063798105E-002 
  387.00  1.23272822845035390E-002 
  388.00  1.23071199196465465E-002 
  389.00  1.22870196745457298E-002 
  390.00  1.22669813122038528E-002 
  391.00  1.22470045958677758E-002 
  392.00  1.22270892891171816E-002 
  393.00  1.22072351558313325E-002 
  394.00  1.21874419602573097E-002 
  395.00  1.21677094669995003E-002 
  396.00  1.21480374410815311E-002 
  397.00  1.21284256478931263E-002 
  398.00  1.21088738533073996E-002 
  399.00  1.20893818236579072E-002 
  400.00  1.20699493256981715E-002 
  401.00  1.20505761267319985E-002 
  402.00  1.20312619940552996E-002 
  403.00  1.20120066969433593E-002 
  404.00  1.19928100037917339E-002 
  405.00  1.19736716839780790E-002 
  406.00  1.19545915075255898E-002 
  407.00  1.19355692449614227E-002 
  408.00  1.19166046675097254E-002 
  409.00  1.18976975469143355E-002 
  410.00  1.18788476556134903E-002 
  411.00  1.18600547666614427E-002 
  412.00  1.18413186537391947E-002 
  413.00  1.18226390912103026E-002 
  414.00  1.18040158540901226E-002 
  415.00  1.17854487181001822E-002 
  416.00  1.17669374596404211E-002 
  417.00  1.17484818558031938E-002 
  418.00  1.17300816843736062E-002 
  419.00  1.17117367238996160E-002 
  420.00  1.16934467536080645E-002 
  421.00  1.16752115534714349E-002 
  422.00  1.16570309041827830E-002 
  423.00  1.16389045872207827E-002 
  424.00  1.16208323847666016E-002 
  425.00  1.16028140798013265E-002 
  426.00  1.15848494560395737E-002 
  427.00  1.15669382979629656E-002 
  428.00  1.15490803908651542E-002 
  429.00  1.15312755207654504E-002 
  430.00  1.15135234744866248E-002 
  431.00  1.14958240396731848E-002 
  432.00  1.14781770046683950E-002 
  433.00  1.14605821587143320E-002 
  434.00  1.14430392917953001E-002 
  435.00  1.14255481946888109E-002 
  436.00  1.14081086590179775E-002 
  437.00  1.13907204771538269E-002 
  438.00  1.13733834423621269E-002 
  439.00  1.13560973486155035E-002 
  440.00  1.13388619907623129E-002 
  441.00  1.13216771645011753E-002 
  442.00  1.13045426662654359E-002 
  443.00  1.12874582933357760E-002 
  444.00  1.12704238434206787E-002 
  445.00  1.12534391163211216E-002 
  446.00  1.12365039113387806E-002 
  447.00  1.12196180290533975E-002 
  448.00  1.12027812708776885E-002 
  449.00  1.11859934390260065E-002 
  450.00  1.11692543365659140E-002 
  451.00  1.11525637673537299E-002 
  452.00  1.11359215360954632E-002 
  453.00  1.11193274483514862E-002 
  454.00  1.11027813104360544E-002 
  455.00  1.10862829295419844E-002 
  456.00  1.10698321136884249E-002 
  457.00  1.10534286716714170E-002 
  458.00  1.10370724131627160E-002 
  459.00  1.10207631486586612E-002 
  460.00  1.10045006893923682E-002 
  461.00  1.09882848475346823E-002 
  462.00  1.09721154360174020E-002 
  463.00  1.09559922685834067E-002 
  464.00  1.09399151598018381E-002 
  465.00  1.09238839250725330E-002 
  466.00  1.09078983806288766E-002 
  467.00  1.08919583434634332E-002 
  468.00  1.08760636314167124E-002 
  469.00  1.08602140631292414E-002 
  470.00  1.08444094580414461E-002 
  471.00  1.08286496364493195E-002 
  472.00  1.08129344194270224E-002 
  473.00  1.07972636287884567E-002 
  474.00  1.07816370872578712E-002 
  475.00  1.07660546182876612E-002 
  476.00  1.07505160461589776E-002 
  477.00  1.07350211959420794E-002 
  478.00  1.07195698934859900E-002 
  479.00  1.07041619654253076E-002 
  480.00  1.06887972392771761E-002 
  481.00  1.06734755431737143E-002 
  482.00  1.06581967061745858E-002 
  483.00  1.06429605581131424E-002 
  484.00  1.06277669295046680E-002 
  485.00  1.06126156517479149E-002 
  486.00  1.05975065569401429E-002 
  487.00  1.05824394779946186E-002 
  488.00  1.05674142486013537E-002 
  489.00  1.05524307031854142E-002 
  490.00  1.05374886769438597E-002 
  491.00  1.05225880058508227E-002 
  492.00  1.05077285266316905E-002 
  493.00  1.04929100767679161E-002 
  494.00  1.04781324945066989E-002 
  495.00  1.04633956188231302E-002 
  496.00  1.04486992894536317E-002 
  497.00  1.04340433468966525E-002 
  498.00  1.04194276323766963E-002 
  499.00  1.04048519878280656E-002 
  500.00  1.03903162559913637E-002 
  501.00  1.03758202798894909E-002 
  502.00  1.03613639045092455E-002 
  503.00  1.03469469743051653E-002 
  504.00  1.03325693349455312E-002 
  505.00  1.03182308327425740E-002 
  506.00  1.03039313147769967E-002 
  507.00  1.02896706288295621E-002 
  508.00  1.02754486233881549E-002 
  509.00  1.02612651476780212E-002 
  510.00  1.02471200516005972E-002 
  511.00  1.02330131857666408E-002 
  512.00  1.02189444015299349E-002 
  513.00  1.02049135508833939E-002 
  514.00  1.01909204865450950E-002 
  515.00  1.01769650619300371E-002 
  516.00  1.01630471311417118E-002 
  517.00  1.01491665489403353E-002 
  518.00  1.01353231708174330E-002 
  519.00  1.01215168529314274E-002 
  520.00  1.01077474520902526E-002 
  521.00  1.00940148257934095E-002 
  522.00  1.00803188322194613E-002 
  523.00  1.00666593302261697E-002 
  524.00  1.00530361793075510E-002 
  525.00  1.00394492396214015E-002 
  526.00  1.00258983720061413E-002 
  527.00  1.00123834379282489E-002 
  528.00  9.99890429957194654E-003 
  529.00  9.98546081967302719E-003 
  530.00  9.97205286169116148E-003 
  531.00  9.95868028970825839E-003 
  532.00  9.94534296844650466E-003 
  533.00  9.93204076325890535E-003 
  534.00  9.91877354011292713E-003 
  535.00  9.90554116564574400E-003 
  536.00  9.89234350715067698E-003 
  537.00  9.87918043246045589E-003 
  538.00  9.86605181007127810E-003 
  539.00  9.85295750915134508E-003 
  540.00  9.83989739939402502E-003 
  541.00  9.82687135116520373E-003 
  542.00  9.81387923544459889E-003 
  543.00  9.80092092376408375E-003 
  544.00  9.78799628835461122E-003 
  545.00  9.77510520195871459E-003 
  546.00  9.76224753793913588E-003 
  547.00  9.74942317030466979E-003 
  548.00  9.73663197358131879E-003 
  549.00  9.72387382294784795E-003 
  550.00  9.71114859413719014E-003 
  551.00  9.69845616348935166E-003 
  552.00  9.68579640788869503E-003 
  553.00  9.67316920483586931E-003 
  554.00  9.66057443241275654E-003 
  555.00  9.64801196920125372E-003 
  556.00  9.63548169444641313E-003 
  557.00  9.62298348790074920E-003 
  558.00  9.61051722993114775E-003 
  559.00  9.59808280136563267E-003 
  560.00  9.58568008370440545E-003 
  561.00  9.57330895897157488E-003 
  562.00  9.56096930970577741E-003 
  563.00  9.54866101899413608E-003 
  564.00  9.53638397052527023E-003 
  565.00  9.52413804849725106E-003 
  566.00  9.51192313764740935E-003 
  567.00  9.49973912326808161E-003 
  568.00  9.48758589116975408E-003 
  569.00  9.47546332770662567E-003 
  570.00  9.46337131974472022E-003 
  571.00  9.45130975472857800E-003 
  572.00  9.43927852055038118E-003 
  573.00  9.42727750569865089E-003 
  574.00  9.41530659913776373E-003 
  575.00  9.40336569035472684E-003 
  576.00  9.39145466935762709E-003 
  577.00  9.37957342668131570E-003 
  578.00  9.36772185333558348E-003 
  579.00  9.35589984083550624E-003 
  580.00  9.34410728126589853E-003 
  581.00  9.33234406677706761E-003 
  582.00  9.32061009111887807E-003 
  583.00  9.30890524748142698E-003 
  584.00  9.29722942990012131E-003 
  585.00  9.28558253285398025E-003 
  586.00  9.27396445134976918E-003 
  587.00  9.26237508090796240E-003 
  588.00  9.25081431747692626E-003 
  589.00  9.23928205753528353E-003 
  590.00  9.22777819798055107E-003 
  591.00  9.21630263624858767E-003 
  592.00  9.20485527019754973E-003 
  593.00  9.19343599818656966E-003 
  594.00  9.18204471901439695E-003 
  595.00  9.17068133198083169E-003 
  596.00  9.15934573686018154E-003 
  597.00  9.14803783380988174E-003 
  598.00  9.13675752353453399E-003 
  599.00  9.12550470713567943E-003 
  600.00  9.11427928619509484E-003 
  601.00  9.10308116271337994E-003 
  602.00  9.09191023920333762E-003 
  603.00  9.08076641856683450E-003 
  604.00  9.06964960416905587E-003 
  605.00  9.05855969982373097E-003 
  606.00  9.04749660979412527E-003 
