  2.000000000000 -2.80664380625239573E-013 
  3.000000000000   0.0000000000000000      
  4.000000000000  4.44089209850062616E-013 
  5.000000000000  1.89999127542250790E-010 
  6.000000000000  1.05488631163552782E-008 
  7.000000000000  1.82818723715172382E-007 
  8.000000000000  1.53172262784551094E-006 
  9.000000000000  7.91171441250071439E-006 
  10.00000000000  2.91497519420147455E-005 
  11.00000000000  8.40542285907019959E-005 
  12.00000000000  2.01780480694857545E-004 
  13.00000000000  4.20873168621049842E-004 
  14.00000000000  7.86348596657049370E-004 
  15.00000000000  1.34575847703199969E-003 
  16.00000000000  2.14521130395084469E-003 
  17.00000000000  3.22604726886588367E-003 
  18.00000000000  4.62250850360845789E-003 
  19.00000000000  6.36045656724970598E-003 
  20.00000000000  8.45700728966125581E-003 
  21.00000000000  1.09208695812901269E-002 
  22.00000000000  1.37531600710243396E-002 
  23.00000000000  1.69484902264889215E-002 
  24.00000000000  2.04961645393879621E-002 
  25.00000000000  2.43813732606517064E-002 
  26.00000000000  2.85863034222746393E-002 
  27.00000000000  3.30911243277807188E-002 
  28.00000000000  3.78748278452132325E-002 
  29.00000000000  4.29159205364033625E-002 
  30.00000000000  4.81929753212755330E-002 
  31.00000000000  5.36850564672084474E-002 
  32.00000000000  5.93720345280255302E-002 
  33.00000000000  6.52348085253144916E-002 
  34.00000000000  7.12554518967865036E-002 
  35.00000000000  7.74172973265905284E-002 
  36.00000000000  8.37049736335337968E-002 
  37.00000000000  9.01044059832933897E-002 
  38.00000000000  9.66027887871367952E-002 
  39.00000000000  0.10318853892489610      
  40.00000000000  0.10985123540803254      
  41.00000000000  0.11658155029270834      
  42.00000000000  0.12337117457969971      
  43.00000000000  0.13021274188581966      
  44.00000000000  0.13709975203481939      
  45.00000000000  0.14402649605106532      
  46.00000000000  0.15098798363671051      
  47.00000000000  0.15797987384590861      
  48.00000000000  0.16499840940520993      
  49.00000000000  0.17204035492919001      
  50.00000000000  0.17910293913453135      
  51.00000000000  0.18618380104746812      
  52.00000000000  0.19328094014631336      
  53.00000000000  0.20039267027542884      
  54.00000000000  0.20751757722895103      
  55.00000000000  0.21465447979493302      
  56.00000000000  0.22180239409608671      
  57.00000000000  0.22896050104446530      
  58.00000000000  0.23612811673327183      
  59.00000000000  0.24330466559438246      
  60.00000000000  0.25048965615466301      
  61.00000000000  0.25768265925255918      
  62.00000000000  0.26488328852366561      
  63.00000000000  0.27209118307028834      
  64.00000000000  0.27930599214066021      
  65.00000000000  0.28652736170642612      
  66.00000000000  0.29375492281425153      
  67.00000000000  0.30098828159225199      
  68.00000000000  0.30822701081633763      
  69.00000000000  0.31547064288788285      
  70.00000000000  0.32271866417137929      
  71.00000000000  0.32997051055320448      
  72.00000000000  0.33722556413890459      
  73.00000000000  0.34448315098946303      
  74.00000000000  0.35174253982190073      
  75.00000000000  0.35900294154610890      
  76.00000000000  0.36626350960410292      
  77.00000000000  0.37352334099260354      
  78.00000000000  0.38078147790476446      
  79.00000000000  0.38803690990985285      
  80.00000000000  0.39528857661923578      
  81.00000000000  0.40253537072263690      
  82.00000000000  0.40977614139145668      
  83.00000000000  0.41700969794114595      
  84.00000000000  0.42423481373092553      
  85.00000000000  0.43145023020217277      
  86.00000000000  0.43865466106123474      
  87.00000000000  0.44584679651882908      
  88.00000000000  0.45302530757851844      
  89.00000000000  0.46018885029003620      
  90.00000000000  0.46733606998990052      
  91.00000000000  0.47446560545478000      
  92.00000000000  0.48157609297892723      
  93.00000000000  0.48866617029649229      
  94.00000000000  0.49573448039195389      
  95.00000000000  0.50277967515612865      
  96.00000000000  0.50980041883508465      
  97.00000000000  0.51679539134294394      
  98.00000000000  0.52376329133934307      
  99.00000000000  0.53070283913189886      
  100.0000000000  0.53761277938094310      
  101.0000000000  0.54449188356250833      
  102.0000000000  0.55133895227173380      
  103.0000000000  0.55815281727018418      
  104.0000000000  0.56493234337643150      
  105.0000000000  0.57167643010722280      
  106.0000000000  0.57838401317038413      
  107.0000000000  0.58505406571569418      
  108.0000000000  0.59168559944991994      
  109.0000000000  0.59827766553790784      
  110.0000000000  0.60482935533631954      
  111.0000000000  0.61133980099101715      
  112.0000000000  0.61780817584729553      
  113.0000000000  0.62423369473367263      
  114.0000000000  0.63061561408827105      
  115.0000000000  0.63695323198836551      
  116.0000000000  0.64324588802631633      
  117.0000000000  0.64949296309055571      
  118.0000000000  0.65569387903642973      
  119.0000000000  0.66184809827763269      
  120.0000000000  0.66795512326000628      
  121.0000000000  0.67401449588662876      
  122.0000000000  0.68002579685281228      
  123.0000000000  0.68598864493474032      
  124.0000000000  0.69190269620177203      
  125.0000000000  0.69776764318016626      
  126.0000000000  0.70358321399670087      
  127.0000000000  0.70934917145340703      
  128.0000000000  0.71506531209844271      
  129.0000000000  0.72073146523845955      
  130.0000000000  0.72634749196551107      
  131.0000000000  0.73191328413935519      
  132.0000000000  0.73742876337028962      
  133.0000000000  0.74289387998549117      
  134.0000000000  0.74830861201351828      
  135.0000000000  0.75367296412679874      
  136.0000000000  0.75898696662622367      
  137.0000000000  0.76425067441032235      
  138.0000000000  0.76946416595630462      
  139.0000000000  0.77462754230969333      
  140.0000000000  0.77974092609197698      
  141.0000000000  0.78480446051610198      
  142.0000000000  0.78981830841800638      
  143.0000000000  0.79478265131140535      
  144.0000000000  0.79969768845785727      
  145.0000000000  0.80456363595357749      
  146.0000000000  0.80938072584227161      
  147.0000000000  0.81414920524768886      
  148.0000000000  0.81886933552629537      
  149.0000000000  0.82354139144442051      
  150.0000000000  0.82468163117077586      
  151.0000000000  0.82237990805780714      
  152.0000000000  0.82009099943149588      
  153.0000000000  0.81781479851868732      
  154.0000000000  0.81555119975998303      
  155.0000000000  0.81330009876043863      
  156.0000000000  0.81106139227642526      
  157.0000000000  0.80883497820012307      
  158.0000000000  0.80662075553948598      
  159.0000000000  0.80441862440875023      
  160.0000000000  0.80222848601037799      
  161.0000000000  0.80005024261874147      
  162.0000000000  0.79788379757082017      
  163.0000000000  0.79572905524300097      
  164.0000000000  0.79358592104914438      
  165.0000000000  0.79145430141579642      
  166.0000000000  0.78933410377426738      
  167.0000000000  0.78722523654564336      
  168.0000000000  0.78512760912603174      
  169.0000000000  0.78304113187672275      
  170.0000000000  0.78096571611194776      
  171.0000000000  0.77890127408261278      
  172.0000000000  0.77684771896128835      
  173.0000000000  0.77480496484239247      
  174.0000000000  0.77277292671599418      
  175.0000000000  0.77075152046672146      
  176.0000000000  0.76874066285029941      
  177.0000000000  0.76674027149900725      
  178.0000000000  0.76475026489350428      
  179.0000000000  0.76277056236136098      
  180.0000000000  0.76080108406399416      
  181.0000000000  0.75884175098798068      
  182.0000000000  0.75689248492525096      
  183.0000000000  0.75495320847629110      
  184.0000000000  0.75302384503425168      
  185.0000000000  0.75110431876801587      
  186.0000000000  0.74919455461835271      
  187.0000000000  0.74729447829577544      
  188.0000000000  0.74540401625481878      
  189.0000000000  0.74352309569574349      
  190.0000000000  0.74165164455166033      
  191.0000000000  0.73978959148013335      
  192.0000000000  0.73793686585361307      
  193.0000000000  0.73609339775080351      
  194.0000000000  0.73425911794743248      
  195.0000000000  0.73243395790820742      
  196.0000000000  0.73061784977749733      
  197.0000000000  0.72881072637509559      
  198.0000000000  0.72701252117416526      
  199.0000000000  0.72522316831249467      
  200.0000000000  0.72344260257537285      
  201.0000000000  0.72167075937792158      
  202.0000000000  0.71990757477562684      
  203.0000000000  0.71815298544806727      
  204.0000000000  0.71640692868139122      
  205.0000000000  0.71466934238281077      
  206.0000000000  0.71294016504861801      
  207.0000000000  0.71121933578118846      
  208.0000000000  0.70950679425769825      
  209.0000000000  0.70780248074715357      
  210.0000000000  0.70610633607955831      
  211.0000000000  0.70441830166249964      
  212.0000000000  0.70273831945119947      
  213.0000000000  0.70106633196534451      
  214.0000000000  0.69940228225842627      
  215.0000000000  0.69774611393623642      
  216.0000000000  0.69609777112408056      
  217.0000000000  0.69445719848873755      
  218.0000000000  0.69282434120625003      
  219.0000000000  0.69119914496793933      
  220.0000000000  0.68958155598393600      
  221.0000000000  0.68797152095611569      
  222.0000000000  0.68636898708389826      
  223.0000000000  0.68477390206770850      
  224.0000000000  0.68318621408230151      
  225.0000000000  0.68160587178307297      
  226.0000000000  0.68003282430975687      
  227.0000000000  0.67846702125941960      
  228.0000000000  0.67690841269681923      
  229.0000000000  0.67535694914122391      
  230.0000000000  0.67381258157449220      
  231.0000000000  0.67227526141571903      
  232.0000000000  0.67074494052685851      
  233.0000000000  0.66922157121777215      
  234.0000000000  0.66770510621970025      
  235.0000000000  0.66619549869549255      
  236.0000000000  0.66469270222691756      
  237.0000000000  0.66319667082495160      
  238.0000000000  0.66170735890252941      
  239.0000000000  0.66022472128491738      
  240.0000000000  0.65874871320195505      
  241.0000000000  0.65727929027911247      
  242.0000000000  0.65581640854794454      
  243.0000000000  0.65436002441954444      
  244.0000000000  0.65291009469580585      
  245.0000000000  0.65146657655986384      
  246.0000000000  0.65002942757010085      
  247.0000000000  0.64859860566884320      
  248.0000000000  0.64717406915736264      
  249.0000000000  0.64575577670619344      
  250.0000000000  0.64434368734748637      
  251.0000000000  0.64293776046764051      
  252.0000000000  0.64153795581770534      
  253.0000000000  0.64014423348714711      
  254.0000000000  0.63875655391574693      
  255.0000000000  0.63737487788551950      
  256.0000000000  0.63599916651713728      
  257.0000000000  0.63462938126655200      
  258.0000000000  0.63326548391741966      
  259.0000000000  0.63190743659191073      
  260.0000000000  0.63055520172581048      
  261.0000000000  0.62920874207936373      
  262.0000000000  0.62786802073054149      
  263.0000000000  0.62653300107119714      
  264.0000000000  0.62520364680043550      
  265.0000000000  0.62387992193616904      
  266.0000000000  0.62256179078857510      
  267.0000000000  0.62124921797333166      
  268.0000000000  0.61994216840375294      
  269.0000000000  0.61864060728774461      
  270.0000000000  0.61734450012517383      
  271.0000000000  0.61605381270422999      
  272.0000000000  0.61476851109518382      
  273.0000000000  0.61348856166183063      
  274.0000000000  0.61221393103659982      
  275.0000000000  0.61094458613222380      
  276.0000000000  0.60968049413554082      
  277.0000000000  0.60842162250449616      
  278.0000000000  0.60716793896507204      
  279.0000000000  0.60591941150899709      
  280.0000000000  0.60467600839085378      
  281.0000000000  0.60343769812144787      
  282.0000000000  0.60220444948026386      
  283.0000000000  0.60097623149022450      
  284.0000000000  0.59975301343045406      
  285.0000000000  0.59853476482968737      
  286.0000000000  0.59732145546359428      
  287.0000000000  0.59611305535281423      
  288.0000000000  0.59490953475976438      
  289.0000000000  0.59371086418691876      
  290.0000000000  0.59251701437391235      
  291.0000000000  0.59132795629534862      
  292.0000000000  0.59014366115479611      
  293.0000000000  0.58896410039687752      
  294.0000000000  0.58778924568310953      
  295.0000000000  0.58661906890470528      
  296.0000000000  0.58545354217594336      
  297.0000000000  0.58429263783243535      
  298.0000000000  0.58313632842915852      
  299.0000000000  0.58198458673745701      
  300.0000000000  0.58083738574378285      
  301.0000000000  0.57969469864682432      
  302.0000000000  0.57855649885617788      
  303.0000000000  0.57742275998979631      
  304.0000000000  0.57629345586830860      
  305.0000000000  0.57516856052797638      
  306.0000000000  0.57404804819604949      
  307.0000000000  0.57293189330406014      
  308.0000000000  0.57182007048224393      
  309.0000000000  0.57071255455716141      
  310.0000000000  0.56960932055044311      
  311.0000000000  0.56851034367617947      
  312.0000000000  0.56741559933942942      
  313.0000000000  0.56632506313437536      
  314.0000000000  0.56523871084264998      
  315.0000000000  0.56415651843126691      
  316.0000000000  0.56307846205085732      
  317.0000000000  0.56200451803447515      
  318.0000000000  0.56093466289119753      
  319.0000000000  0.55986887332010904      
  320.0000000000  0.55880712618570472      
  321.0000000000  0.55774939853138117      
  322.0000000000  0.55669566757438060      
  323.0000000000  0.55564591070350666      
  324.0000000000  0.55460010547779037      
  325.0000000000  0.55355822962534185      
  326.0000000000  0.55252026104076335      
  327.0000000000  0.55148617778454456      
  328.0000000000  0.55045595808110415      
  329.0000000000  0.54942958031708211      
  330.0000000000  0.54840702304039679      
  331.0000000000  0.54738826495795934      
  332.0000000000  0.54637328493503523      
  333.0000000000  0.54536206199311188      
  334.0000000000  0.54435457530875797      
  335.0000000000  0.54335080420861492      
  336.0000000000  0.54235072818265573      
  337.0000000000  0.54135432685999607      
  338.0000000000  0.54036158002360413      
  339.0000000000  0.53937246760399160      
  340.0000000000  0.53838696967865118      
  341.0000000000  0.53740506647003916      
  342.0000000000  0.53642673834551702      
  343.0000000000  0.53545196581369692      
  344.0000000000  0.53448072952630710      
  345.0000000000  0.53351301027396658      
  346.0000000000  0.53254878898675651      
  347.0000000000  0.53158804673240911      
  348.0000000000  0.53063076471459703      
  349.0000000000  0.52967692427293633      
  350.0000000000  0.52872650688001532      
  351.0000000000  0.52777949414185965      
  352.0000000000  0.52683586779596037      
  353.0000000000  0.52589560971003679      
  354.0000000000  0.52495870188106875      
  355.0000000000  0.52402512643425680      
  356.0000000000  0.52309486561807761      
  357.0000000000  0.52216790181752848      
  358.0000000000  0.52124421753167127      
  359.0000000000  0.52032379538658069      
  360.0000000000  0.51940661813072087      
  361.0000000000  0.51849266863453947      
  362.0000000000  0.51758192988842877      
  363.0000000000  0.51667438500219776      
  364.0000000000  0.51577001720377802      
  365.0000000000  0.51486880983850214      
  366.0000000000  0.51397074636804130      
  367.0000000000  0.51307581036897953      
  368.0000000000  0.51218398553223576      
  369.0000000000  0.51129525566171319      
  370.0000000000  0.51040960467426766      
  371.0000000000  0.50952701659714850      
  372.0000000000  0.50864747556824097      
  373.0000000000  0.50777096583496328      
  374.0000000000  0.50689747175283506      
  375.0000000000  0.50602697778490535      
  376.0000000000  0.50515946850108417      
  377.0000000000  0.50429492857650171      
  378.0000000000  0.50343334279115748      
  379.0000000000  0.50257469602938198      
  380.0000000000  0.50171897327744353      
  381.0000000000  0.50086615962460668      
  382.0000000000  0.50001624025752234      
  383.0000000000  0.49916920047383873      
  384.0000000000  0.49832502565995451      
  385.0000000000  0.49748370130454966      
  386.0000000000  0.49664521299423237      
  387.0000000000  0.49580954641240133      
  388.0000000000  0.49497668733909472      
  389.0000000000  0.49414662164929063      
  390.0000000000  0.49331933531269367      
  391.0000000000  0.49249481439312870      
  392.0000000000  0.49167304504725973      
  393.0000000000  0.49085401352346930      
  394.0000000000  0.49003770616238174      
  395.0000000000  0.48922410939512806      
  396.0000000000  0.48841320974250563      
  397.0000000000  0.48760499381495315      
  398.0000000000  0.48679944831103283      
  399.0000000000  0.48599656001732983      
  400.0000000000  0.48519631580750183      
  401.0000000000  0.48439870264124224      
  402.0000000000  0.48360370756387483      
  403.0000000000  0.48281131770613955      
  404.0000000000  0.48202152028237355      
  405.0000000000  0.48123430259079236      
  406.0000000000  0.48044965201217393      
  407.0000000000  0.47966755600987604      
  408.0000000000  0.47888800212838856      
  409.0000000000  0.47811097799346569      
  410.0000000000  0.47733647131031981      
  411.0000000000  0.47656446986447276      
  412.0000000000  0.47579496152016992      
  413.0000000000  0.47502793421962947      
  414.0000000000  0.47426337598258111      
  415.0000000000  0.47350127490308463      
  416.0000000000  0.47274161916128915      
  417.0000000000  0.47198439700288891      
  418.0000000000  0.47122959675212484      
  419.0000000000  0.47047720680792154      
  420.0000000000  0.46972721564346398      
  421.0000000000  0.46897961180468289      
  422.0000000000  0.46823438391095606      
  423.0000000000  0.46749152065364286      
  424.0000000000  0.46675101079533488      
  425.0000000000  0.46601284317056135      
  426.0000000000  0.46527700668364852      
  427.0000000000  0.46454349030932851      
  428.0000000000  0.46381228309160921      
  429.0000000000  0.46308337414331369      
  430.0000000000  0.46235675264540532      
  431.0000000000  0.46163240784734944      
  432.0000000000  0.46091032906509216      
  433.0000000000  0.46019050568175712      
  434.0000000000  0.45947292714681365      
  435.0000000000  0.45875758297487851      
  436.0000000000  0.45804446274619603      
  437.0000000000  0.45733355610581389      
  438.0000000000  0.45662485276242937      
  439.0000000000  0.45591834248899615      
  440.0000000000  0.45521401512156645      
  441.0000000000  0.45451186055845555      
  442.0000000000  0.45381186876081026      
  443.0000000000  0.45311402975102921      
  444.0000000000  0.45241833361326178      
  445.0000000000  0.45172477049215787      
  446.0000000000  0.45103333059272815      
  447.0000000000  0.45034400417996312      
  448.0000000000  0.44965678157823263      
  449.0000000000  0.44897165317089344      
  450.0000000000  0.44828860939960735      
  451.0000000000  0.44760764076461623      
  452.0000000000  0.44692873782324471      
  453.0000000000  0.44625189119063485      
  454.0000000000  0.44557709153791358      
  455.0000000000  0.44490432959320791      
  456.0000000000  0.44423359614033914      
  457.0000000000  0.44356488201861299      
  458.0000000000  0.44289817811899801      
  459.0000000000  0.44223347539737257      
  460.0000000000  0.44157076485362146      
  461.0000000000  0.44091003754474056      
  462.0000000000  0.44025128458166007      
  463.0000000000  0.43959449712801313      
  464.0000000000  0.43893966639981352      
  465.0000000000  0.43828678366562807      
  466.0000000000  0.43763584024630808      
  467.0000000000  0.43698682751333373      
  468.0000000000  0.43633973689004552      
  469.0000000000  0.43569455985010486      
  470.0000000000  0.43505128791759684      
  471.0000000000  0.43440991266662204      
  472.0000000000  0.43377042572109736      
  473.0000000000  0.43313281875376347      
  474.0000000000  0.43249708348684357      
  475.0000000000  0.43186321169006953      
  476.0000000000  0.43123119518261743      
  477.0000000000  0.43060102583064491      
  478.0000000000  0.42997269554816853      
  479.0000000000  0.42934619629604220      
  480.0000000000  0.42872152008208564      
  481.0000000000  0.42809865896061605      
  482.0000000000  0.42747760503207860      
  483.0000000000  0.42685835044207909      
  484.0000000000  0.42624088738298455      
  485.0000000000  0.42562520809089516      
  486.0000000000  0.42501130484742666      
  487.0000000000  0.42439916997848509      
  488.0000000000  0.42378879585432644      
  489.0000000000  0.42318017488876164      
  490.0000000000  0.42257329953942424      
  491.0000000000  0.42196816230664047      
  492.0000000000  0.42136475573418330      
  493.0000000000  0.42076307240814742      
  494.0000000000  0.42016310495681525      
  495.0000000000  0.41956484605083161      
  496.0000000000  0.41896828840213418      
  497.0000000000  0.41837342476414913      
  498.0000000000  0.41778024793176260      
  499.0000000000  0.41718875073995093      
  500.0000000000  0.41659892606523036      
  501.0000000000  0.41601076682299903      
  502.0000000000  0.41542426596994619      
  503.0000000000  0.41483941650140915      
  504.0000000000  0.41425621145287483      
  505.0000000000  0.41367464389856873      
  506.0000000000  0.41309470695143130      
  507.0000000000  0.41251639376334664      
  508.0000000000  0.41193969752377985      
  509.0000000000  0.41136461146144676      
  510.0000000000  0.41079112884152458      
  511.0000000000  0.41021924296757900      
  512.0000000000  0.40964894717988370      
  513.0000000000  0.40908023485634964      
  514.0000000000  0.40851309941057107      
  515.0000000000  0.40794753429360536      
  516.0000000000  0.40738353298907864      
  517.0000000000  0.40682108902637054      
  518.0000000000  0.40626019596066759      
  519.0000000000  0.40570084738627527      
  520.0000000000  0.40514303693227133      
  521.0000000000  0.40458675826311674      
  522.0000000000  0.40403200507783660      
  523.0000000000  0.40347877110961705      
  524.0000000000  0.40292705012661656      
  525.0000000000  0.40237683593096685      
  526.0000000000  0.40182812235775861      
  527.0000000000  0.40128090327641192      
  528.0000000000  0.40073517258995756      
  529.0000000000  0.40019092423356467      
  530.0000000000  0.39964815217613842      
  531.0000000000  0.39910685041903016      
  532.0000000000  0.39856701299571362      
  533.0000000000  0.39802863397263566      
  534.0000000000  0.39749170744733120      
  535.0000000000  0.39695622755006460      
  536.0000000000  0.39642218844203986      
  537.0000000000  0.39588958431599947      
  538.0000000000  0.39535840939598094      
  539.0000000000  0.39482865793694621      
  540.0000000000  0.39430032422444200      
  541.0000000000  0.39377340257471349      
  542.0000000000  0.39324788733444588      
  543.0000000000  0.39272377288020405      
  544.0000000000  0.39220105361877033      
  545.0000000000  0.39167972398622891      
  546.0000000000  0.39115977844873784      
  547.0000000000  0.39064121150165704      
  548.0000000000  0.39012401766913873      
  549.0000000000  0.38960819150467024      
  550.0000000000  0.38909372759020616      
  551.0000000000  0.38858062053691889      
  552.0000000000  0.38806886498382381      
  553.0000000000  0.38755845559772023      
  554.0000000000  0.38704938707462699      
  555.0000000000  0.38654165413731245      
  556.0000000000  0.38603525153627383      
  557.0000000000  0.38553017405074674      
  558.0000000000  0.38502641648576097      
  559.0000000000  0.38452397367385827      
  560.0000000000  0.38402284047488633      
  561.0000000000  0.38352301177548354      
  562.0000000000  0.38302448248826054      
  563.0000000000  0.38252724755288059      
  564.0000000000  0.38203130193475582      
  565.0000000000  0.38153664062574055      
  566.0000000000  0.38104325864353317      
  567.0000000000  0.38055115103166437      
  568.0000000000  0.38006031285861497      
  569.0000000000  0.37957073921888612      
  570.0000000000  0.37908242523257235      
  571.0000000000  0.37859536604362953      
  572.0000000000  0.37810955682226538      
  573.0000000000  0.37762499276237949      
  574.0000000000  0.37714166908296126      
  575.0000000000  0.37665958102795899      
  576.0000000000  0.37617872386425866      
  577.0000000000  0.37569909288445164      
  578.0000000000  0.37522068340385822      
  579.0000000000  0.37474349076242425      
  580.0000000000  0.37426751032327610      
  581.0000000000  0.37379273747360237      
  582.0000000000  0.37331916762294742      
  583.0000000000  0.37284679620536415      
  584.0000000000  0.37237561867740204      
  585.0000000000  0.37190563051839437      
  586.0000000000  0.37143682723029825      
  587.0000000000  0.37096920433847824      
  588.0000000000  0.37050275739018923      
  589.0000000000  0.37003748195553021      
  590.0000000000  0.36957337362597398      
  591.0000000000  0.36911042801577559      
  592.0000000000  0.36864864076144627      
  593.0000000000  0.36818800752047259      
  594.0000000000  0.36772852397252109      
  595.0000000000  0.36727018581844917      
  596.0000000000  0.36681298878115381      
  597.0000000000  0.36635692860390701      
  598.0000000000  0.36590200104878540      
  599.0000000000  0.36544820190809341      
  600.0000000000  0.36499552698542681      
  601.0000000000  0.36454397210829964      
  602.0000000000  0.36409353312461290      
  603.0000000000  0.36364420590338908      
  604.0000000000  0.36319598633356254      
  605.0000000000  0.36274887032413000      
  606.0000000000  0.36230285380501920      
