  2.0000 -0.99999999999999845      
  3.0000  -1.0000000000000000      
  4.0000 -0.99999999999997669      
  5.0000 -0.99999999998967382      
  6.0000 -0.99999999939934825      
  7.0000 -0.99999998905756926      
  8.0000 -0.99999990351002155      
  9.0000 -0.99999947547112789      
  10.000 -0.99999796763599613      
  11.000 -0.99999384414277670      
  12.000 -0.99998449847891990      
  13.000 -0.99996613284766023      
  14.000 -0.99993381867517939      
  15.000 -0.99988170818243172      
  16.000 -0.99980333653828379      
  17.000 -0.99969195170738590      
  18.000 -0.99954082299438074      
  19.000 -0.99934349828501590      
  20.000 -0.99909399715787539      
  21.000 -0.99878693950177300      
  22.000 -0.99841761679390972      
  23.000 -0.99798201669575592      
  24.000 -0.99747681237909069      
  25.000 -0.99689932713388907      
  26.000 -0.99624748316243639      
  27.000 -0.99551974160720236      
  28.000 -0.99471503907006920      
  29.000 -0.99383272435044689      
  30.000 -0.99287249788451337      
  31.000 -0.99183435541122977      
  32.000 -0.99071853668478627      
  33.000 -0.98952547955495684      
  34.000 -0.98825577939425902      
  35.000 -0.98691015364106194      
  36.000 -0.98548941109278876      
  37.000 -0.98399442552184024      
  38.000 -0.98242611316268502      
  39.000 -0.98078541362382021      
  40.000 -0.97907327380070830      
  41.000 -0.97729063439785280      
  42.000 -0.97543841870614290      
  43.000 -0.97351752331652075      
  44.000 -0.97152881049350925      
  45.000 -0.96947310196198033      
  46.000 -0.96735117389562686      
  47.000 -0.96516375292347478      
  48.000 -0.96291151299642375      
  49.000 -0.96059507297825364      
  50.000 -0.95821499484495121      
  51.000 -0.95577178239287530      
  52.000 -0.95326588037182147      
  53.000 -0.95069767396794180      
  54.000 -0.94806748857749779      
  55.000 -0.94537558981586545      
  56.000 -0.94262218371689921      
  57.000 -0.93980741708308480      
  58.000 -0.93693137795239656      
  59.000 -0.93399409615231088      
  60.000 -0.93099554391503270      
  61.000 -0.92793563653258215      
  62.000 -0.92481423302914512      
  63.000 -0.92163113683683429      
  64.000 -0.91838609645669111      
  65.000 -0.91507880609207626      
  66.000 -0.91170890624182199      
  67.000 -0.90827598424165124      
  68.000 -0.90477957474479354      
  69.000 -0.90121916012943792      
  70.000 -0.89759417082804127      
  71.000 -0.89390398556757145      
  72.000 -0.89014793151401739      
  73.000 -0.88632528431337332      
  74.000 -0.88243526802320138      
  75.000 -0.87847705492467831      
  76.000 -0.87444976521205309      
  77.000 -0.87035246654959830      
  78.000 -0.86618417348991950      
  79.000 -0.86194384674564195      
  80.000 -0.85763039230829463      
  81.000 -0.85324266040197327      
  82.000 -0.84877944426799934      
  83.000 -0.84423947876687477      
  84.000 -0.83962143879005358      
  85.000 -0.83492393746589111      
  86.000 -0.83014552415199083      
  87.000 -0.82528468219607376      
  88.000 -0.82033982645299219      
  89.000 -0.81530930053610162      
  90.000 -0.81019137378918415      
  91.000 -0.80498423795313090      
  92.000 -0.79968600350723185      
  93.000 -0.79429469565235444      
  94.000 -0.78880824991243170      
  95.000 -0.78322450731789195      
  96.000 -0.77754120912852520      
  97.000 -0.77175599106204773      
  98.000 -0.76586637696977433      
  99.000 -0.75986977191217076      
  100.00 -0.75376345457036997      
  101.00 -0.74754456891801713      
  102.00 -0.74121011508371859      
  103.00 -0.73475693930061658      
  104.00 -0.72818172285143035      
  105.00 -0.72148096987701016      
  106.00 -0.71465099392451514      
  107.00 -0.70768790306389484      
  108.00 -0.70058758340484906      
  109.00 -0.69334568079141801      
  110.00 -0.68595758043481569      
  111.00 -0.67841838420314327      
  112.00 -0.67072288522477552      
  113.00 -0.66286553942162707      
  114.00 -0.65484043350339149      
  115.00 -0.64664124888436569      
  116.00 -0.63826122086012416      
  117.00 -0.62969309227440273      
  118.00 -0.62092906073696408      
  119.00 -0.61196071826778697      
  120.00 -0.60277898198649027      
  121.00 -0.59337401418384406      
  122.00 -0.58373512970434638      
  123.00 -0.57385068809630035      
  124.00 -0.56370796733803752      
  125.00 -0.55329301514351437      
  126.00 -0.54259047278105788      
  127.00 -0.53158336490092573      
  128.00 -0.52025284700313412      
  129.00 -0.50857789957978117      
  130.00 -0.49653495448980928      
  131.00 -0.48409743419971168      
  132.00 -0.47123517766144285      
  133.00 -0.45791371668252301      
  134.00 -0.44409335218930329      
  135.00 -0.42972795813553227      
  136.00 -0.41476340784975074      
  137.00 -0.39913546577770259      
  138.00 -0.38276690398529667      
  139.00 -0.36556346308658849      
  140.00 -0.34740803466826681      
  141.00 -0.32815200129285682      
  142.00 -0.30760182402720415      
  143.00 -0.28549723400665872      
  144.00 -0.26147353352436681      
  145.00 -0.23499102416788825      
  146.00 -0.20518774995086395      
  147.00 -0.17051947804021672      
  148.00 -0.12761783726644113      
  149.00 -6.49028390933048815E-002 
  150.00  2.06170404241166685E-002 
  151.00  2.05594978185645663E-002 
  152.00  2.05022750555759886E-002 
  153.00  2.04453700131512379E-002 
  154.00  2.03887800317430409E-002 
  155.00  2.03325024999061396E-002 
  156.00  2.02765348339166082E-002 
  157.00  2.02208744774469498E-002 
  158.00  2.01655189086811480E-002 
  159.00  2.01104656284686115E-002 
  160.00  2.00557121661999946E-002 
  161.00  2.00012560802760447E-002 
  162.00  1.99470949517597321E-002 
  163.00  1.98932263935651769E-002 
  164.00  1.98396480377961079E-002 
  165.00  1.97863575461712272E-002 
  166.00  1.97333526041894927E-002 
  167.00  1.96806309222293703E-002 
  168.00  1.96281902363068320E-002 
  169.00  1.95760283052938411E-002 
  170.00  1.95241429107332366E-002 
  171.00  1.94725318587859846E-002 
  172.00  1.94211929812204871E-002 
  173.00  1.93701241278346759E-002 
  174.00  1.93193231745990915E-002 
  175.00  1.92687880173601465E-002 
  176.00  1.92185165774024919E-002 
  177.00  1.91685067930762072E-002 
  178.00  1.91187566276047188E-002 
  179.00  1.90692640641534142E-002 
  180.00  1.90200271067352822E-002 
  181.00  1.89710437788719773E-002 
  182.00  1.89223121275433268E-002 
  183.00  1.88738302167228526E-002 
  184.00  1.88255961300096211E-002 
  185.00  1.87776079728508294E-002 
  186.00  1.87298638697508610E-002 
  187.00  1.86823619613208890E-002 
  188.00  1.86351004100134207E-002 
  189.00  1.85880773958237086E-002 
  190.00  1.85412911170785670E-002 
  191.00  1.84947397901877482E-002 
  192.00  1.84484216494883099E-002 
  193.00  1.84023349469094565E-002 
  194.00  1.83564779518720182E-002 
  195.00  1.83108489509931568E-002 
  196.00  1.82654462478702914E-002 
  197.00  1.82202681619730578E-002 
  198.00  1.81753130321222235E-002 
  199.00  1.81305792108080420E-002 
  200.00  1.80860650666851419E-002 
  201.00  1.80417689869937156E-002 
  202.00  1.79976893722355730E-002 
  203.00  1.79538246384246189E-002 
  204.00  1.79101732195755745E-002 
  205.00  1.78667335615738457E-002 
  206.00  1.78235041285444117E-002 
  207.00  1.77804833963878459E-002 
  208.00  1.77376698586522372E-002 
  209.00  1.76950620204588717E-002 
  210.00  1.76526584041431303E-002 
  211.00  1.76104575433053794E-002 
  212.00  1.75684579884368974E-002 
  213.00  1.75266583008882801E-002 
  214.00  1.74850570586738106E-002 
  215.00  1.74436528502268581E-002 
  216.00  1.74024442804385469E-002 
  217.00  1.73614299641542021E-002 
  218.00  1.73206085317565948E-002 
  219.00  1.72799786263111016E-002 
  220.00  1.72395389013660291E-002 
  221.00  1.71992880253829701E-002 
  222.00  1.71592246790952530E-002 
  223.00  1.71193475533795922E-002 
  224.00  1.70796553534771217E-002 
  225.00  1.70401467965241929E-002 
  226.00  1.70008206094103796E-002 
  227.00  1.69616755329034322E-002 
  228.00  1.69227103186235309E-002 
  229.00  1.68839237302418933E-002 
  230.00  1.68453145408311127E-002 
  231.00  1.68068815366459595E-002 
  232.00  1.67686235149816579E-002 
  233.00  1.67305392820192647E-002 
  234.00  1.66926276568566852E-002 
  235.00  1.66548874685677681E-002 
  236.00  1.66173175574254664E-002 
  237.00  1.65799167721500454E-002 
  238.00  1.65426839738922957E-002 
  239.00  1.65056180332854366E-002 
  240.00  1.64687178310644056E-002 
  241.00  1.64319822585253170E-002 
  242.00  1.63954102150619951E-002 
  243.00  1.63590006116969486E-002 
  244.00  1.63227523684563169E-002 
  245.00  1.62866644149423159E-002 
  246.00  1.62507356907202090E-002 
  247.00  1.62149651430233271E-002 
  248.00  1.61793517300986359E-002 
  249.00  1.61438944186853284E-002 
  250.00  1.61085921846073621E-002 
  251.00  1.60734440131779580E-002 
  252.00  1.60384488967761085E-002 
  253.00  1.60036058383651487E-002 
  254.00  1.59689138489644902E-002 
  255.00  1.59343719480936306E-002 
  256.00  1.58999791637819896E-002 
  257.00  1.58657345324388702E-002 
  258.00  1.58316370992294883E-002 
  259.00  1.57976859159637932E-002 
  260.00  1.57638800441936150E-002 
  261.00  1.57302185529347160E-002 
  262.00  1.56967005191177636E-002 
  263.00  1.56633250275582947E-002 
  264.00  1.56300911713414710E-002 
  265.00  1.55969980496197640E-002 
  266.00  1.55640447708259334E-002 
  267.00  1.55312304503375069E-002 
  268.00  1.54985542110110640E-002 
  269.00  1.54660151830319746E-002 
  270.00  1.54336125038926630E-002 
  271.00  1.54013453183057484E-002 
  272.00  1.53692127786140224E-002 
  273.00  1.53372140426835252E-002 
  274.00  1.53053482769592939E-002 
  275.00  1.52736146542602810E-002 
  276.00  1.52420123542613920E-002 
  277.00  1.52105405634227440E-002 
  278.00  1.51791984748725871E-002 
  279.00  1.51479852884043968E-002 
  280.00  1.51169002103952455E-002 
  281.00  1.50859424541921784E-002 
  282.00  1.50551112380799927E-002 
  283.00  1.50244057882332801E-002 
  284.00  1.49938253366737190E-002 
  285.00  1.49633691215863927E-002 
  286.00  1.49330363873721832E-002 
  287.00  1.49028263845453288E-002 
  288.00  1.48727383696656331E-002 
  289.00  1.48427716053005782E-002 
  290.00  1.48129253599332596E-002 
  291.00  1.47831989079239227E-002 
  292.00  1.47535915298915195E-002 
  293.00  1.47241025108803460E-002 
  294.00  1.46947311429712537E-002 
  295.00  1.46654767234487473E-002 
  296.00  1.46363385551706252E-002 
  297.00  1.46073159465348705E-002 
  298.00  1.45784082114069902E-002 
  299.00  1.45496146690744701E-002 
  300.00  1.45209346441914459E-002 
  301.00  1.44923674667249251E-002 
  302.00  1.44639124719238201E-002 
  303.00  1.44355690002322401E-002 
  304.00  1.44073363976774064E-002 
  305.00  1.43792140141090347E-002 
  306.00  1.43512012057580574E-002 
  307.00  1.43232973334040704E-002 
  308.00  1.42955017628094670E-002 
  309.00  1.42678138646309925E-002 
  310.00  1.42402330144173559E-002 
  311.00  1.42127585925298817E-002 
  312.00  1.41853899840843102E-002 
  313.00  1.41581265789130998E-002 
  314.00  1.41309677715863360E-002 
  315.00  1.41039129612701014E-002 
  316.00  1.40769615517311285E-002 
  317.00  1.40501129512936359E-002 
  318.00  1.40233665731929660E-002 
  319.00  1.39967218338666044E-002 
  320.00  1.39701781554547287E-002 
  321.00  1.39437349640543738E-002 
  322.00  1.39173916900867840E-002 
  323.00  1.38911477682761852E-002 
  324.00  1.38650026375977710E-002 
  325.00  1.38389557412530086E-002 
  326.00  1.38130065266089900E-002 
  327.00  1.37871544451652443E-002 
  328.00  1.37613989525419561E-002 
  329.00  1.37357395084231979E-002 
  330.00  1.37101755764791784E-002 
  331.00  1.36847066244061670E-002 
  332.00  1.36593321238041958E-002 
  333.00  1.36340515502267889E-002 
  334.00  1.36088643831031256E-002 
  335.00  1.35837701060522679E-002 
  336.00  1.35587682053728061E-002 
  337.00  1.35338581722606772E-002 
  338.00  1.35090395013152363E-002 
  339.00  1.34843116907873289E-002 
  340.00  1.34596742426317910E-002 
  341.00  1.34351266623803593E-002 
  342.00  1.34106684592411648E-002 
  343.00  1.33862991459204710E-002 
  344.00  1.33620182387039297E-002 
  345.00  1.33378252573800697E-002 
  346.00  1.33137197251695372E-002 
  347.00  1.32897011687842792E-002 
  348.00  1.32657691183255023E-002 
  349.00  1.32419231072571832E-002 
  350.00  1.32181626724125981E-002 
  351.00  1.31944873539512099E-002 
  352.00  1.31708966952850635E-002 
  353.00  1.31473902431132189E-002 
  354.00  1.31239675473706630E-002 
  355.00  1.31006281611843935E-002 
  356.00  1.30773716412144001E-002 
  357.00  1.30541975461718664E-002 
  358.00  1.30311054389978913E-002 
  359.00  1.30080948853315923E-002 
  360.00  1.29851654539139376E-002 
  361.00  1.29623167164837627E-002 
  362.00  1.29395482478074503E-002 
  363.00  1.29168596256244578E-002 
  364.00  1.28942504306425280E-002 
  365.00  1.28717202464897658E-002 
  366.00  1.28492686597111248E-002 
  367.00  1.28268952597194452E-002 
  368.00  1.28045996387628012E-002 
  369.00  1.27823813919916117E-002 
  370.00  1.27602401172915349E-002 
  371.00  1.27381754153419544E-002 
  372.00  1.27161868896077303E-002 
  373.00  1.26942741462602818E-002 
  374.00  1.26724367941927710E-002 
  375.00  1.26506744449787351E-002 
  376.00  1.26289867128703548E-002 
  377.00  1.26073732147456395E-002 
  378.00  1.25858335700937546E-002 
  379.00  1.25643674010461996E-002 
  380.00  1.25429743322247773E-002 
  381.00  1.25216539908980899E-002 
  382.00  1.25004060071184590E-002 
  383.00  1.24792300125056467E-002 
  384.00  1.24581256421503386E-002 
  385.00  1.24370925332379055E-002 
  386.00  1.24161303254535123E-002 
  387.00  1.23952386608907877E-002 
  388.00  1.23744171840400145E-002 
  389.00  1.23536655417685031E-002 
  390.00  1.23329833833366459E-002 
  391.00  1.23123703603337867E-002 
  392.00  1.22918261266701679E-002 
  393.00  1.22713503385601282E-002 
  394.00  1.22509426545230494E-002 
  395.00  1.22306027353176507E-002 
  396.00  1.22103302439929735E-002 
  397.00  1.21901248457829854E-002 
  398.00  1.21699862081822881E-002 
  399.00  1.21499140008245170E-002 
  400.00  1.21299078955601197E-002 
  401.00  1.21099675663896341E-002 
  402.00  1.20900926894485262E-002 
  403.00  1.20702829429925693E-002 
  404.00  1.20505380073822783E-002 
  405.00  1.20308575650907319E-002 
  406.00  1.20112413006048559E-002 
  407.00  1.19916889005415254E-002 
  408.00  1.19722000534999689E-002 
  409.00  1.19527744501311296E-002 
  410.00  1.19334117830263396E-002 
  411.00  1.19141117468767131E-002 
  412.00  1.18948740382644781E-002 
  413.00  1.18756983557386109E-002 
  414.00  1.18565843998081968E-002 
  415.00  1.18375318732058168E-002 
  416.00  1.18185404796346625E-002 
  417.00  1.17996099256643915E-002 
  418.00  1.17807399193817584E-002 
  419.00  1.17619301707578283E-002 
  420.00  1.17431803916229864E-002 
  421.00  1.17244902956354941E-002 
  422.00  1.17058595982784154E-002 
  423.00  1.16872880168425557E-002 
  424.00  1.16687752703646414E-002 
  425.00  1.16503210797191462E-002 
  426.00  1.16319251675372163E-002 
  427.00  1.16135872581808255E-002 
  428.00  1.15953070777249263E-002 
  429.00  1.15770843540047488E-002 
  430.00  1.15589188165472184E-002 
  431.00  1.15408101965761723E-002 
  432.00  1.15227582270134819E-002 
  433.00  1.15047626424197719E-002 
  434.00  1.14868231790345426E-002 
  435.00  1.14689395747247080E-002 
  436.00  1.14511115690037295E-002 
  437.00  1.14333389029813628E-002 
  438.00  1.14156213193837251E-002 
  439.00  1.13979585625483999E-002 
  440.00  1.13803503783515177E-002 
  441.00  1.13627965142642819E-002 
  442.00  1.13452967193217510E-002 
  443.00  1.13278507440598402E-002 
  444.00  1.13104583406120271E-002 
  445.00  1.12931192625694531E-002 
  446.00  1.12758332650915363E-002 
  447.00  1.12586001047543897E-002 
  448.00  1.12414195396997683E-002 
  449.00  1.12242913295190899E-002 
  450.00  1.12072152352307476E-002 
  451.00  1.11901910193487712E-002 
  452.00  1.11732184458066246E-002 
  453.00  1.11562972799934927E-002 
  454.00  1.11394272886752230E-002 
  455.00  1.11226082400438936E-002 
  456.00  1.11058399037195395E-002 
  457.00  1.10891220506580349E-002 
  458.00  1.10724544535329063E-002 
  459.00  1.10558368854744606E-002 
  460.00  1.10392691218791274E-002 
  461.00  1.10227509391454034E-002 
  462.00  1.10062821150487128E-002 
  463.00  1.09898624286906242E-002 
  464.00  1.09734916604866065E-002 
  465.00  1.09571695921270671E-002 
  466.00  1.09408960066110002E-002 
  467.00  1.09246706882902018E-002 
  468.00  1.09084934227024824E-002 
  469.00  1.08923639966867804E-002 
  470.00  1.08762821983551354E-002 
  471.00  1.08602478170839629E-002 
  472.00  1.08442606434337330E-002 
  473.00  1.08283204692483370E-002 
  474.00  1.08124270875613500E-002 
  475.00  1.07965802926216214E-002 
  476.00  1.07807798799265091E-002 
  477.00  1.07650256461368030E-002 
  478.00  1.07493173890571003E-002 
  479.00  1.07336549077497005E-002 
  480.00  1.07180380024004332E-002 
  481.00  1.07024664743549259E-002 
  482.00  1.06869401261294010E-002 
  483.00  1.06714587613744756E-002 
  484.00  1.06560221848953311E-002 
  485.00  1.06406302025879237E-002 
  486.00  1.06252826214961946E-002 
  487.00  1.06099792497515062E-002 
  488.00  1.05947198966431875E-002 
  489.00  1.05795043725035263E-002 
  490.00  1.05643324887628696E-002 
  491.00  1.05492040579370384E-002 
  492.00  1.05341188936253511E-002 
  493.00  1.05190768104620296E-002 
  494.00  1.05040776241714269E-002 
  495.00  1.04891211515202049E-002 
  496.00  1.04742072102907147E-002 
  497.00  1.04593356193514453E-002 
  498.00  1.04445061985256084E-002 
  499.00  1.04297187687258947E-002 
  500.00  1.04149731518463438E-002 
  501.00  1.04002691708041505E-002 
  502.00  1.03856066494594813E-002 
  503.00  1.03709854127374025E-002 
  504.00  1.03564052865230960E-002 
  505.00  1.03418660976670566E-002 
  506.00  1.03273676739850592E-002 
  507.00  1.03129098442745308E-002 
  508.00  1.02984924382974047E-002 
  509.00  1.02841152867291733E-002 
  510.00  1.02697782212217235E-002 
  511.00  1.02554810743821605E-002 
  512.00  1.02412236796792476E-002 
  513.00  1.02270058715848190E-002 
  514.00  1.02128274854458179E-002 
  515.00  1.01986883575071879E-002 
  516.00  1.01845883252260298E-002 
  517.00  1.01705272261490877E-002 
  518.00  1.01565048994905430E-002 
  519.00  1.01425211851245457E-002 
  520.00  1.01285759237743304E-002 
  521.00  1.01146689570379839E-002 
  522.00  1.01008001273946678E-002 
  523.00  1.00869692781921268E-002 
  524.00  1.00731762535989661E-002 
  525.00  1.00594208986959470E-002 
  526.00  1.00457030593684490E-002 
  527.00  1.00320225823162038E-002 
  528.00  1.00183793151534424E-002 
  529.00  1.00047731062341983E-002 
  530.00  9.99120380478808225E-003 
  531.00  9.97767126085747497E-003 
  532.00  9.96417532526071639E-003 
  533.00  9.95071584969344468E-003 
  534.00  9.93729268655493478E-003 
  535.00  9.92390568911930698E-003 
  536.00  9.91055471140330629E-003 
  537.00  9.89723960824624369E-003 
  538.00  9.88396023524578185E-003 
  539.00  9.87071644875223142E-003 
  540.00  9.85750810593638907E-003 
  541.00  9.84433506468074607E-003 
  542.00  9.83119718367955579E-003 
  543.00  9.81809432231374804E-003 
  544.00  9.80502634077758291E-003 
  545.00  9.79199309995524431E-003 
  546.00  9.77899446151858295E-003 
  547.00  9.76603028782915307E-003 
  548.00  9.75310044201809986E-003 
  549.00  9.74020478790031674E-003 
  550.00  9.72734319002447299E-003 
  551.00  9.71451551370332636E-003 
  552.00  9.70172162487217132E-003 
  553.00  9.68896139020567274E-003 
  554.00  9.67623467713121105E-003 
  555.00  9.66354135369480900E-003 
  556.00  9.65088128865887289E-003 
  557.00  9.63825435152136818E-003 
  558.00  9.62566041239626760E-003 
  559.00  9.61309934208547275E-003 
  560.00  9.60057101211511492E-003 
  561.00  9.58807529462533427E-003 
  562.00  9.57561206244293521E-003 
  563.00  9.56318118904303342E-003 
  564.00  9.55078254859688044E-003 
  565.00  9.53841601585502484E-003 
  566.00  9.52608146630631869E-003 
  567.00  9.51377877599842402E-003 
  568.00  9.50150782167130149E-003 
  569.00  9.48926848067141102E-003 
  570.00  9.47706063102067217E-003 
  571.00  9.46488415129424776E-003 
  572.00  9.45273892075005132E-003 
  573.00  9.44062481925066026E-003 
  574.00  9.42854172727105623E-003 
  575.00  9.41648952588550539E-003 
  576.00  9.40446809678132344E-003 
  577.00  9.39247732229739687E-003 
  578.00  9.38051708527358648E-003 
  579.00  9.36858726923759169E-003 
  580.00  9.35668775824956972E-003 
  581.00  9.34481843701329487E-003 
  582.00  9.33297919074186667E-003 
  583.00  9.32116990530161213E-003 
  584.00  9.30939046710443051E-003 
  585.00  9.29764076313738079E-003 
  586.00  9.28592068092937845E-003 
  587.00  9.27423010862021488E-003 
  588.00  9.26256893490827807E-003 
  589.00  9.25093704903981462E-003 
  590.00  9.23933434080726965E-003 
  591.00  9.22776070055590127E-003 
  592.00  9.21621601918622482E-003 
  593.00  9.20470018815680406E-003 
  594.00  9.19321309945381540E-003 
  595.00  9.18175464560259599E-003 
  596.00  9.17032471966807566E-003 
  597.00  9.15892321523415279E-003 
  598.00  9.14755002667241163E-003 
  599.00  9.13620504814163271E-003 
  600.00  9.12488817506498968E-003 
  601.00  9.11359930312865413E-003 
  602.00  9.10233832853232436E-003 
  603.00  9.09110514800703234E-003 
  604.00  9.07989965875165457E-003 
  605.00  9.06872175852074629E-003 
  606.00  9.05757134553289087E-003 
