  2.0000  0.99999999999996780      
  3.0000   1.0000000000000000      
  4.0000  0.99999999999999889      
  5.0000  0.99999999999917377      
  6.0000  0.99999999992679134      
  7.0000  0.99999999819850538      
  8.0000  0.99999998009615287      
  9.0000  0.99999987105684851      
  10.000  0.99999942512359330      
  11.000  0.99999804685420624      
  12.000  0.99999458750295478      
  13.000  0.99998717650609170      
  14.000  0.99997313610501237      
  15.000  0.99994899610628385      
  16.000  0.99991059710348273      
  17.000  0.99985325407082981      
  18.000  0.99977194841956218      
  19.000  0.99966152111338036      
  20.000  0.99951684752236147      
  21.000  0.99933298298084206      
  22.000  0.99910527479746725      
  23.000  0.99882944120708872      
  24.000  0.99850162060606262      
  25.000  0.99811839579692452      
  26.000  0.99767679833355383      
  27.000  0.99717429782359557      
  28.000  0.99660878046233436      
  29.000  0.99597852037727230      
  30.000  0.99528214665058246      
  31.000  0.99451860823459570      
  32.000  0.99368713841118872      
  33.000  0.99278721998122366      
  34.000  0.99181855198909941      
  35.000  0.99078101850739253      
  36.000  0.98967465977446634      
  37.000  0.98849964582100536      
  38.000  0.98725625260204242      
  39.000  0.98594484057006526      
  40.000  0.98456583557110999      
  41.000  0.98311971191248815      
  42.000  0.98160697743512793      
  43.000  0.98002816041081142      
  44.000  0.97838379809525033      
  45.000  0.97667442676453331      
  46.000  0.97490057307746214      
  47.000  0.97306274661576997      
  48.000  0.97116143346668449      
  49.000  0.96919709072471316      
  50.000  0.96717014180167804      
  51.000  0.96508097244524893      
  52.000  0.96292992737913807      
  53.000  0.96071730748171402      
  54.000  0.95844336743894654      
  55.000  0.95610831380561356      
  56.000  0.95371230342170532      
  57.000  0.95125544213531055      
  58.000  0.94873778378906337      
  59.000  0.94615932943203451      
  60.000  0.94352002672276769      
  61.000  0.94081976949521240      
  62.000  0.93805839745533126      
  63.000  0.93523569599035239      
  64.000  0.93235139606372908      
  65.000  0.92940517417740354      
  66.000  0.92639665238254254      
  67.000  0.92332539832126703      
  68.000  0.92019092528561419      
  69.000  0.91699269227383717      
  70.000  0.91373010403661681      
  71.000  0.91040251109524006      
  72.000  0.90700920972097343      
  73.000  0.90354944186285091      
  74.000  0.90002239501430237      
  75.000  0.89642720200199144      
  76.000  0.89276294069226803      
  77.000  0.88902863359924122      
  78.000  0.88522324738517444      
  79.000  0.88134569224114168      
  80.000  0.87739482113926603      
  81.000  0.87336942893811798      
  82.000  0.86926825133758912      
  83.000  0.86508996366393975      
  84.000  0.86083317947661031      
  85.000  0.85649644897601396      
  86.000  0.85207825720507202      
  87.000  0.84757702202202478      
  88.000  0.84299109183193099      
  89.000  0.83831874305062171      
  90.000  0.83355817728870396      
  91.000  0.82870751822588318      
  92.000  0.82376480815619701      
  93.000  0.81872800416720515      
  94.000  0.81359497393204394      
  95.000  0.80836349107571981      
  96.000  0.80303123007029187      
  97.000  0.79759576062921345      
  98.000  0.79205454153676846      
  99.000  0.78640491386878275      
  100.00  0.78064409353944231      
  101.00  0.77476916309615951      
  102.00  0.76877706269733093      
  103.00  0.76266458016414362      
  104.00  0.75642834002027981      
  105.00  0.75006479138239190      
  106.00  0.74357019458306650      
  107.00  0.73694060634970415      
  108.00  0.73017186337736462      
  109.00  0.72325956406834613      
  110.00  0.71619904820165858      
  111.00  0.70898537425271735      
  112.00  0.70161329401716066      
  113.00  0.69407722415834716      
  114.00  0.68637121420783886      
  115.00  0.67848891048381721      
  116.00  0.67042351526147326      
  117.00  0.66216774042896565      
  118.00  0.65371375468880744      
  119.00  0.64505312318169339      
  120.00  0.63617673814952003      
  121.00  0.62707473897821120      
  122.00  0.61773641954701464      
  123.00  0.60815012034306060      
  124.00  0.59830310214815896      
  125.00  0.58818139730255337      
  126.00  0.57776963348092392      
  127.00  0.56705082347361890      
  128.00  0.55600611260808241      
  129.00  0.54461447284172737      
  130.00  0.53285232908810742      
  131.00  0.52069309840670375      
  132.00  0.50810661582998617      
  133.00  0.49505841068181899      
  134.00  0.48150878279000436      
  135.00  0.46741160634189771      
  136.00  0.45271275618108653      
  137.00  0.43734799949824160      
  138.00  0.42124011228313424      
  139.00  0.40429484020209283      
  140.00  0.38639508097288283      
  141.00  0.36739222431867913      
  142.00  0.34709273944812036      
  143.00  0.32523636657224275      
  144.00  0.30145841794727235      
  145.00  0.27521920596557770      
  146.00  0.24565678624298587      
  147.00  0.21122693830260761      
  148.00  0.16856130404276051      
  149.00  0.10607990866552985      
  150.00  2.06170411344292516E-002 
  151.00  2.05594975843292130E-002 
  152.00  2.05022749159918735E-002 
  153.00  2.04453699127822158E-002 
  154.00  2.03887799562516847E-002 
  155.00  2.03325024381103732E-002 
  156.00  2.02765347799024574E-002 
  157.00  2.02208744325597031E-002 
  158.00  2.01655188682877372E-002 
  159.00  2.01104655919651758E-002 
  160.00  2.00557121343083386E-002 
  161.00  2.00012560506431167E-002 
  162.00  1.99470949267708149E-002 
  163.00  1.98932263685790041E-002 
  164.00  1.98396480146476907E-002 
  165.00  1.97863575246021925E-002 
  166.00  1.97333525845100576E-002 
  167.00  1.96806309050509588E-002 
  168.00  1.96281902199831500E-002 
  169.00  1.95760282885215423E-002 
  170.00  1.95241428948510418E-002 
  171.00  1.94725318453312438E-002 
  172.00  1.94211929668268377E-002 
  173.00  1.93701241142781345E-002 
  174.00  1.93193231611859632E-002 
  175.00  1.92687880059615527E-002 
  176.00  1.92185165650995485E-002 
  177.00  1.91685067818563940E-002 
  178.00  1.91187566170492665E-002 
  179.00  1.90692640538961157E-002 
  180.00  1.90200270964397782E-002 
  181.00  1.89710437705120048E-002 
  182.00  1.89223121187016632E-002 
  183.00  1.88738302070715971E-002 
  184.00  1.88255961216811894E-002 
  185.00  1.87776079655298869E-002 
  186.00  1.87298638611417510E-002 
  187.00  1.86823619534503792E-002 
  188.00  1.86351004027054089E-002 
  189.00  1.85880773889452143E-002 
  190.00  1.85412911104930328E-002 
  191.00  1.84947397837936858E-002 
  192.00  1.84484216431671615E-002 
  193.00  1.84023349406071714E-002 
  194.00  1.83564779454717421E-002 
  195.00  1.83108489443920934E-002 
  196.00  1.82654462409718270E-002 
  197.00  1.82202681567608174E-002 
  198.00  1.81753130265640377E-002 
  199.00  1.81305792047962780E-002 
  200.00  1.80860650620636512E-002 
  201.00  1.80417689818881122E-002 
  202.00  1.79976893665279858E-002 
  203.00  1.79538246339642389E-002 
  204.00  1.79101732144710465E-002 
  205.00  1.78667335575529995E-002 
  206.00  1.78235041238647245E-002 
  207.00  1.77804833926518760E-002 
  208.00  1.77376698542117232E-002 
  209.00  1.76950620168832111E-002 
  210.00  1.76526583998153803E-002 
  211.00  1.76104575397996177E-002 
  212.00  1.75684579841057717E-002 
  213.00  1.75266582973590199E-002 
  214.00  1.74850570542201475E-002 
  215.00  1.74436528465627787E-002 
  216.00  1.74024442757451311E-002 
  217.00  1.73614299602606222E-002 
  218.00  1.73206085285329582E-002 
  219.00  1.72799786220682733E-002 
  220.00  1.72395388978138844E-002 
  221.00  1.71992880224032252E-002 
  222.00  1.71592246750783932E-002 
  223.00  1.71193475499888392E-002 
  224.00  1.70796553506229985E-002 
  225.00  1.70401467926128078E-002 
  226.00  1.70008206060591471E-002 
  227.00  1.69616755300506412E-002 
  228.00  1.69227103161952511E-002 
  229.00  1.68839237268061867E-002 
  230.00  1.68453145378764935E-002 
  231.00  1.68068815341159521E-002 
  232.00  1.67686235113341138E-002 
  233.00  1.67305392788540883E-002 
  234.00  1.66926276541136571E-002 
  235.00  1.66548874661912698E-002 
  236.00  1.66173175538987354E-002 
  237.00  1.65799167690788493E-002 
  238.00  1.65426839712139104E-002 
  239.00  1.65056180309333736E-002 
  240.00  1.64687178290119016E-002 
  241.00  1.64319822554059372E-002 
  242.00  1.63954102123148489E-002 
  243.00  1.63590006092636762E-002 
  244.00  1.63227523663167576E-002 
  245.00  1.62866644130374508E-002 
  246.00  1.62507356877647953E-002 
  247.00  1.62149651403952974E-002 
  248.00  1.61793517277577271E-002 
  249.00  1.61438944166057627E-002 
  250.00  1.61085921827542194E-002 
  251.00  1.60734440101818650E-002 
  252.00  1.60384488940901425E-002 
  253.00  1.60036058359737492E-002 
  254.00  1.59689138468102412E-002 
  255.00  1.59343719461650761E-002 
  256.00  1.58999791620604916E-002 
  257.00  1.58657345308787813E-002 
  258.00  1.58316370966199993E-002 
  259.00  1.57976859136117857E-002 
  260.00  1.57638800420856276E-002 
  261.00  1.57302185510207228E-002 
  262.00  1.56967005173950132E-002 
  263.00  1.56633250259898410E-002 
  264.00  1.56300911686547209E-002 
  265.00  1.55969980471786836E-002 
  266.00  1.55640447685864765E-002 
  267.00  1.55312304483103784E-002 
  268.00  1.54985542091533677E-002 
  269.00  1.54660151813432508E-002 
  270.00  1.54336125023518313E-002 
  271.00  1.54013453168971304E-002 
  272.00  1.53692127761180103E-002 
  273.00  1.53372140403915287E-002 
  274.00  1.53053482748526874E-002 
  275.00  1.52736146523359678E-002 
  276.00  1.52420123525003840E-002 
  277.00  1.52105405617851772E-002 
  278.00  1.51791984733713296E-002 
  279.00  1.51479852870366992E-002 
  280.00  1.51169002091338760E-002 
  281.00  1.50859424518653504E-002 
  282.00  1.50551112359224859E-002 
  283.00  1.50244057862614772E-002 
  284.00  1.49938253348365271E-002 
  285.00  1.49633691198855466E-002 
  286.00  1.49330363858036115E-002 
  287.00  1.49028263830893043E-002 
  288.00  1.48727383683203481E-002 
  289.00  1.48427716040395417E-002 
  290.00  1.48129253587617297E-002 
  291.00  1.47831989068352328E-002 
  292.00  1.47535915278248445E-002 
  293.00  1.47241025089414369E-002 
  294.00  1.46947311411732614E-002 
  295.00  1.46654767217660464E-002 
  296.00  1.46363385536104704E-002 
  297.00  1.46073159450735429E-002 
  298.00  1.45784082100382621E-002 
  299.00  1.45496146677842105E-002 
  300.00  1.45209346429970246E-002 
  301.00  1.44923674656069392E-002 
  302.00  1.44639124708732473E-002 
  303.00  1.44355689992540816E-002 
  304.00  1.44073363957247427E-002 
  305.00  1.43792140122807749E-002 
  306.00  1.43512012040293239E-002 
  307.00  1.43232973317798211E-002 
  308.00  1.42955017612852175E-002 
  309.00  1.42678138632202998E-002 
  310.00  1.42402330130860406E-002 
  311.00  1.42127585912828862E-002 
  312.00  1.41853899828830506E-002 
  313.00  1.41581265777932612E-002 
  314.00  1.41309677705386046E-002 
  315.00  1.41039129602877258E-002 
  316.00  1.40769615508093329E-002 
  317.00  1.40501129504209867E-002 
  318.00  1.40233665713525545E-002 
  319.00  1.39967218321205983E-002 
  320.00  1.39701781538173805E-002 
  321.00  1.39437349625096373E-002 
  322.00  1.39173916886270906E-002 
  323.00  1.38911477668911994E-002 
  324.00  1.38650026362848837E-002 
  325.00  1.38389557400014247E-002 
  326.00  1.38130065254293086E-002 
  327.00  1.37871544440537480E-002 
  328.00  1.37613989514995816E-002 
  329.00  1.37357395074238810E-002 
  330.00  1.37101755755341202E-002 
  331.00  1.36847066234908783E-002 
  332.00  1.36593321229461599E-002 
  333.00  1.36340515494243388E-002 
  334.00  1.36088643823328026E-002 
  335.00  1.35837701043629994E-002 
  336.00  1.35587682037543126E-002 
  337.00  1.35338581707316365E-002 
  338.00  1.35090394998527621E-002 
  339.00  1.34843116894005580E-002 
  340.00  1.34596742412949298E-002 
  341.00  1.34351266611142071E-002 
  342.00  1.34106684580151212E-002 
  343.00  1.33862991447513870E-002 
  344.00  1.33620182376056745E-002 
  345.00  1.33378252563134785E-002 
  346.00  1.33137197241676442E-002 
  347.00  1.32897011678300061E-002 
  348.00  1.32657691174058682E-002 
  349.00  1.32419231063880954E-002 
  350.00  1.32181626715815841E-002 
  351.00  1.31944873531396577E-002 
  352.00  1.31708966945155610E-002 
  353.00  1.31473902423780899E-002 
  354.00  1.31239675466788414E-002 
  355.00  1.31006281605297540E-002 
  356.00  1.30773716396823721E-002 
  357.00  1.30541975446935438E-002 
  358.00  1.30311054375849868E-002 
  359.00  1.30080948839844633E-002 
  360.00  1.29851654526150218E-002 
  361.00  1.29623167152392166E-002 
  362.00  1.29395482466056668E-002 
  363.00  1.29168596244747576E-002 
  364.00  1.28942504295464725E-002 
  365.00  1.28717202454315949E-002 
  366.00  1.28492686586825257E-002 
  367.00  1.28268952587351388E-002 
  368.00  1.28045996378410663E-002 
  369.00  1.27823813910949904E-002 
  370.00  1.27602401164259634E-002 
  371.00  1.27381754145053597E-002 
  372.00  1.27161868887994776E-002 
  373.00  1.26942741454920353E-002 
  374.00  1.26724367934505037E-002 
  375.00  1.26506744442675921E-002 
  376.00  1.26289867121910614E-002 
  377.00  1.26073732140803783E-002 
  378.00  1.25858335694630733E-002 
  379.00  1.25643674004285270E-002 
  380.00  1.25429743316489012E-002 
  381.00  1.25216539903322543E-002 
  382.00  1.25004060057465650E-002 
  383.00  1.24792300111755718E-002 
  384.00  1.24581256408515858E-002 
  385.00  1.24370925319915934E-002 
  386.00  1.24161303242545339E-002 
  387.00  1.23952386597302195E-002 
  388.00  1.23744171829203824E-002 
  389.00  1.23536655406968048E-002 
  390.00  1.23329833822919104E-002 
  391.00  1.23123703593162534E-002 
  392.00  1.22918261257037430E-002 
  393.00  1.22713503376254921E-002 
  394.00  1.22509426535955222E-002 
  395.00  1.22306027344324247E-002 
  396.00  1.22103302431400794E-002 
  397.00  1.21901248449555258E-002 
  398.00  1.21699862073732113E-002 
  399.00  1.21499140000475951E-002 
  400.00  1.21299078948061637E-002 
  401.00  1.21099675656755647E-002 
  402.00  1.20900926887498976E-002 
  403.00  1.20702829423079590E-002 
  404.00  1.20505380067269380E-002 
  405.00  1.20308575644462699E-002 
  406.00  1.20112413000028947E-002 
  407.00  1.19916888999494851E-002 
  408.00  1.19722000529136011E-002 
  409.00  1.19527744495488385E-002 
  410.00  1.19334117824857061E-002 
  411.00  1.19141117463386608E-002 
  412.00  1.18948740377552171E-002 
  413.00  1.18756983552382542E-002 
  414.00  1.18565843993195200E-002 
  415.00  1.18375318719578480E-002 
  416.00  1.18185404784302665E-002 
  417.00  1.17996099244856763E-002 
  418.00  1.17807399182221252E-002 
  419.00  1.17619301696466130E-002 
  420.00  1.17431803905513645E-002 
  421.00  1.17244902945980896E-002 
  422.00  1.17058595972758476E-002 
  423.00  1.16872880158425500E-002 
  424.00  1.16687752693996963E-002 
  425.00  1.16503210787923511E-002 
  426.00  1.16319251666353787E-002 
  427.00  1.16135872572890233E-002 
  428.00  1.15953070768599915E-002 
  429.00  1.15770843531639508E-002 
  430.00  1.15589188157325974E-002 
  431.00  1.15408101957810774E-002 
  432.00  1.15227582262356666E-002 
  433.00  1.15047626416629294E-002 
  434.00  1.14868231783023488E-002 
  435.00  1.14689395740275799E-002 
  436.00  1.14511115682978150E-002 
  437.00  1.14333389023044130E-002 
  438.00  1.14156213187377505E-002 
  439.00  1.13979585618953355E-002 
  440.00  1.13803503777183089E-002 
  441.00  1.13627965136626173E-002 
  442.00  1.13452967187268067E-002 
  443.00  1.13278507434896349E-002 
  444.00  1.13104583400517097E-002 
  445.00  1.12931192620241323E-002 
  446.00  1.12758332645581764E-002 
  447.00  1.12586001042473231E-002 
  448.00  1.12414195392087600E-002 
  449.00  1.12242913290223120E-002 
  450.00  1.12072152347444057E-002 
  451.00  1.11901910188818062E-002 
  452.00  1.11732184453452160E-002 
  453.00  1.11562972795345751E-002 
  454.00  1.11394272882165048E-002 
  455.00  1.11226082396114825E-002 
  456.00  1.11058399033027982E-002 
  457.00  1.10891220502654236E-002 
  458.00  1.10724544524278233E-002 
  459.00  1.10558368844003718E-002 
  460.00  1.10392691208249637E-002 
  461.00  1.10227509380957482E-002 
  462.00  1.10062821140304197E-002 
  463.00  1.09898624277071540E-002 
  464.00  1.09734916595070793E-002 
  465.00  1.09571695911727159E-002 
  466.00  1.09408960057034814E-002 
  467.00  1.09246706873954401E-002 
  468.00  1.09084934218094572E-002 
  469.00  1.08923639958109827E-002 
  470.00  1.08762821975265274E-002 
  471.00  1.08602478162568607E-002 
  472.00  1.08442606426199708E-002 
  473.00  1.08283204684467803E-002 
  474.00  1.08124270867867734E-002 
  475.00  1.07965802918817636E-002 
  476.00  1.07807798791950786E-002 
  477.00  1.07650256454130972E-002 
  478.00  1.07493173883386438E-002 
  479.00  1.07336549070593396E-002 
  480.00  1.07180380017121591E-002 
  481.00  1.07024664736759950E-002 
  482.00  1.06869401254852253E-002 
  483.00  1.06714587607344875E-002 
  484.00  1.06560221842722999E-002 
  485.00  1.06406302019611994E-002 
  486.00  1.06252826208868400E-002 
  487.00  1.06099792491776736E-002 
  488.00  1.05947198960775393E-002 
  489.00  1.05795043719418107E-002 
  490.00  1.05643324882150440E-002 
  491.00  1.05492040573935443E-002 
  492.00  1.05341188930932680E-002 
  493.00  1.05190768099548415E-002 
  494.00  1.05040776236663622E-002 
  495.00  1.04891211510269033E-002 
  496.00  1.04742072098127290E-002 
  497.00  1.04593356188654538E-002 
  498.00  1.04445061980638111E-002 
  499.00  1.04297187682790300E-002 
  500.00  1.04149731514108657E-002 
  501.00  1.04002691703484092E-002 
  502.00  1.03856066490359226E-002 
  503.00  1.03709854123380310E-002 
  504.00  1.03564052861081033E-002 
  505.00  1.03418660972647465E-002 
  506.00  1.03273676735887027E-002 
  507.00  1.03129098438967306E-002 
  508.00  1.02984924378996517E-002 
  509.00  1.02841152863579043E-002 
  510.00  1.02697782208571869E-002 
  511.00  1.02554810740059042E-002 
  512.00  1.02412236793138905E-002 
  513.00  1.02270058712409136E-002 
  514.00  1.02128274850916030E-002 
  515.00  1.01986883571781491E-002 
  516.00  1.01845883242464175E-002 
  517.00  1.01705272251830427E-002 
  518.00  1.01565048985498545E-002 
  519.00  1.01425211841963021E-002 
  520.00  1.01285759228451847E-002 
  521.00  1.01146689561280000E-002 
  522.00  1.01008001265101861E-002 
  523.00  1.00869692773010947E-002 
  524.00  1.00731762527484833E-002 
  525.00  1.00594208978542488E-002 
  526.00  1.00457030585250576E-002 
  527.00  1.00320225815124561E-002 
  528.00  1.00183793143475176E-002 
  529.00  1.00047731054383627E-002 
  530.00  9.99120380402331726E-003 
  531.00  9.97767126010268811E-003 
  532.00  9.96417532453321500E-003 
  533.00  9.95071584895151039E-003 
  534.00  9.93729268580856653E-003 
  535.00  9.92390568839440421E-003 
  536.00  9.91055471070572021E-003 
  537.00  9.89723960757201565E-003 
  538.00  9.88396023456733670E-003 
  539.00  9.87071644809964580E-003 
  540.00  9.85750810528550001E-003 
  541.00  9.84433506405328097E-003 
  542.00  9.83119718305019638E-003 
  543.00  9.81809432170414713E-003 
  544.00  9.80502634016948774E-003 
  545.00  9.79199309934386877E-003 
  546.00  9.77899446092128991E-003 
  547.00  9.76603028726321341E-003 
  548.00  9.75310044144807493E-003 
  549.00  9.74020478734520696E-003 
  550.00  9.72734318947736550E-003 
  551.00  9.71451551314223352E-003 
  552.00  9.70172162431904087E-003 
  553.00  9.68896138968681001E-003 
  554.00  9.67623467660875050E-003 
  555.00  9.66354135318834434E-003 
  556.00  9.65088128815031268E-003 
  557.00  9.63825435102090219E-003 
  558.00  9.62566041190392012E-003 
  559.00  9.61309934162118615E-003 
  560.00  9.60057101164119714E-003 
  561.00  9.58807529415881855E-003 
  562.00  9.57561206198134091E-003 
  563.00  9.56318118861199107E-003 
  564.00  9.55078254815164285E-003 
  565.00  9.53841601543316611E-003 
  566.00  9.52608146588228288E-003 
  567.00  9.51377877558454675E-003 
  568.00  9.50150782126237166E-003 
  569.00  9.48926848026768882E-003 
  570.00  9.47706063061386564E-003 
  571.00  9.46488415090168331E-003 
  572.00  9.45273892036212551E-003 
  573.00  9.44062481886089391E-003 
  574.00  9.42854172688205663E-003 
  575.00  9.41648952551820372E-003 
  576.00  9.40446809643883525E-003 
  577.00  9.39247732193390986E-003 
  578.00  9.38051708491571649E-003 
  579.00  9.36858726889602117E-003 
  580.00  9.35668775793212053E-003 
  581.00  9.34481843667912641E-003 
  582.00  9.33297919040764618E-003 
  583.00  9.32116990498195637E-003 
  584.00  9.30939046677458845E-003 
  585.00  9.29764076280356622E-003 
  586.00  9.28592068059324802E-003 
  587.00  9.27423010830207180E-003 
  588.00  9.26256893460692364E-003 
  589.00  9.25093704874038053E-003 
  590.00  9.23933434049549647E-003 
  591.00  9.22776070024432585E-003 
  592.00  9.21621601888882383E-003 
  593.00  9.20470018786520398E-003 
  594.00  9.19321309917775324E-003 
  595.00  9.18175464533338599E-003 
  596.00  9.17032471938891355E-003 
  597.00  9.15892321497094840E-003 
  598.00  9.14755002578583436E-003 
  599.00  9.13620504727467170E-003 
  600.00  9.12488817421087776E-003 
  601.00  9.11359930229132392E-003 
  602.00  9.10233832770158437E-003 
  603.00  9.09110514718439698E-003 
  604.00  9.07989965794636818E-003 
  605.00  9.06872175769766510E-003 
  606.00  9.05757134473281732E-003 
