  2.000000000000  3.27679998690655339E-008
  3.000000000000  3.27679998690655339E-008
  4.000000000000  3.27679980927086945E-008
  5.000000000000  3.27679536837877095E-008
  6.000000000000  3.27676321631997780E-008
  7.000000000000  3.27679252620782790E-008
  8.000000000000  3.28205587152297085E-008
  9.000000000000  3.36803136491425903E-008
  10.00000000000  4.11685121548543975E-008
  11.00000000000  8.36859967989767028E-008
  12.00000000000  2.59513067035754830E-007
  13.00000000000  8.30288759523511999E-007
  14.00000000000  2.36446000290158054E-006
  15.00000000000  5.91481988809761106E-006
  16.00000000000  1.31983987365913435E-005
  17.00000000000  2.67424484201583823E-005
  18.00000000000  4.99673759097873926E-005
  19.00000000000  8.71914863207479129E-005
  20.00000000000  1.43557483830214494E-004
  21.00000000000  2.24892682599175942E-004
  22.00000000000  3.37522008949875385E-004
  23.00000000000  4.88055230213113589E-004
  24.00000000000  6.83168550343005165E-004
  25.00000000000  9.29397185795544090E-004
  26.00000000000  1.23295104337639572E-003
  27.00000000000  1.59956109163239546E-003
  28.00000000000  2.03436001821177825E-003
  29.00000000000  2.54179757026662401E-003
  30.00000000000  3.12558864751100174E-003
  31.00000000000  3.78869069465270769E-003
  32.00000000000  4.53330609293534081E-003
  33.00000000000  5.36090493006025071E-003
  34.00000000000  6.27226358820642815E-003
  35.00000000000  7.26751490517418830E-003
  36.00000000000  8.34620613076353379E-003
  37.00000000000  9.50736144126640426E-003
  38.00000000000  1.07495463329270180E-002
  39.00000000000  1.20709317519578363E-002
  40.00000000000  1.34693563108356784E-002
  41.00000000000  1.49423853746268875E-002
  42.00000000000  1.64873661730098320E-002
  43.00000000000  1.81014784023769693E-002
  44.00000000000  1.97817800330479798E-002
  45.00000000000  2.15252284935179006E-002
  46.00000000000  2.33287956852556988E-002
  47.00000000000  2.51893810924679329E-002
  48.00000000000  2.71039177765306505E-002
  49.00000000000  2.90693756068733933E-002
  50.00000000000  3.10827804845708044E-002
  51.00000000000  3.31412301585096714E-002
  52.00000000000  3.52419069821419129E-002
  53.00000000000  3.73820879500375014E-002
  54.00000000000  3.95591523378033827E-002
  55.00000000000  4.17705872494424924E-002
  56.00000000000  4.40139913535038119E-002
  57.00000000000  4.62870770655285924E-002
  58.00000000000  4.85876714100479390E-002
  59.00000000000  5.09137157714896205E-002
  60.00000000000  5.32632647203783449E-002
  61.00000000000  5.56344840794986695E-002
  62.00000000000  5.80256483746195428E-002
  63.00000000000  6.04351377955190117E-002
  64.00000000000  6.28614347763640779E-002
  65.00000000000  6.53031202891618534E-002
  66.00000000000  6.77588699301319153E-002
  67.00000000000  7.02274498669908098E-002
  68.00000000000  7.27077127041670934E-002
  69.00000000000  7.51985933134955431E-002
  70.00000000000  7.76991046700130639E-002
  71.00000000000  8.02083337248902239E-002
  72.00000000000  8.27254373418035982E-002
  73.00000000000  8.52496256138080000E-002
  74.00000000000  8.77802079850802386E-002
  75.00000000000  9.03165156442966577E-002
  76.00000000000  9.28579463692456031E-002
  77.00000000000  9.54039490659059908E-002
  78.00000000000  9.79540203861528624E-002
  79.00000000000  0.10050770148087818     
  80.00000000000  0.10306457488948340     
  81.00000000000  0.10562426156543658     
  82.00000000000  0.10818641803658213     
  83.00000000000  0.11075073369823762     
  84.00000000000  0.11331692823637507     
  85.00000000000  0.11588474917783476     
  86.00000000000  0.11845396956415133     
  87.00000000000  0.12102438574537455     
  88.00000000000  0.12359581529009489     
  89.00000000000  0.12616809500781390     
  90.00000000000  0.12874107907980914     
  91.00000000000  0.13131463729453596     
  92.00000000000  0.13388865338389788     
  93.00000000000  0.13646302345640482     
  94.00000000000  0.13903764140887542     
  95.00000000000  0.14161244895438418     
  96.00000000000  0.14418735868807264     
  97.00000000000  0.14676230236241761     
  98.00000000000  0.14933721760191698     
  99.00000000000  0.15191204684468484     
  100.0000000000  0.15448673635752108     
  101.0000000000  0.15706123532147753     
  102.0000000000  0.15963549498506335     
  103.0000000000  0.16220946788234780     
  104.0000000000  0.16478310711323907     
  105.0000000000  0.16735636568344336     
  106.0000000000  0.16992919590143174     
  107.0000000000  0.17250154883012225     
  108.0000000000  0.17507337379077548     
  109.0000000000  0.17764461791684738     
  110.0000000000  0.18021521240875504     
  111.0000000000  0.18278512428745319     
  112.0000000000  0.18535427971299701     
  113.0000000000  0.18792261351227335     
  114.0000000000  0.19049005676375685     
  115.0000000000  0.19305653660511801     
  116.0000000000  0.19562197607605558     
  117.0000000000  0.19818629399431664     
  118.0000000000  0.20074940486312887     
  119.0000000000  0.20331121880814251     
  120.0000000000  0.20587164154211735     
  121.0000000000  0.20843057435561363     
  122.0000000000  0.21098791413198814     
  123.0000000000  0.21354353935166692     
  124.0000000000  0.21609736470469265     
  125.0000000000  0.21864926151787056     
  126.0000000000  0.22119910960066314     
  127.0000000000  0.22374678473523524     
  128.0000000000  0.22629215880366260     
  129.0000000000  0.22883509992873297     
  130.0000000000  0.23137547262704938     
  131.0000000000  0.23391313797316737     
  132.0000000000  0.23644795377348071     
  133.0000000000  0.23897977474873144     
  134.0000000000  0.24150843719859072     
  135.0000000000  0.24403381929408408     
  136.0000000000  0.24655575387115647     
  137.0000000000  0.24907408522812968     
  138.0000000000  0.25158865557594634     
  139.0000000000  0.25409930524957680     
  140.0000000000  0.25660587292109227     
  141.0000000000  0.25910819581366074     
  142.0000000000  0.26160610991566369     
  143.0000000000  0.26409943338395259     
  144.0000000000  0.26658803156084598     
  145.0000000000  0.26907172326675877     
  146.0000000000  0.27155034161640668     
  147.0000000000  0.27402371953215177     
  148.0000000000  0.27649168994531959     
  149.0000000000  0.27895408599374161     
  150.0000000000  0.28141072470660422     
  151.0000000000  0.28386147059345923     
  152.0000000000  0.28630614424777434     
  153.0000000000  0.28874458145044812     
  154.0000000000  0.29117661909758752     
  155.0000000000  0.29360209536773318     
  156.0000000000  0.29602083385261757     
  157.0000000000  0.29843270505333219     
  158.0000000000  0.30083753820099046     
  159.0000000000  0.30323517807406608     
  160.0000000000  0.30562547146840391     
  161.0000000000  0.30800826732755127     
  162.0000000000  0.31038339922229508     
  163.0000000000  0.31275075274136022     
  164.0000000000  0.31511016902860023     
  165.0000000000  0.31746150668509898     
  166.0000000000  0.31980462700259604     
  167.0000000000  0.32213937572879159     
  168.0000000000  0.32446565279260131     
  169.0000000000  0.32678331270055638     
  170.0000000000  0.32909222823864814     
  171.0000000000  0.33139225790095006     
  172.0000000000  0.33368331173576804     
  173.0000000000  0.33596525749285844     
  174.0000000000  0.33823798047688669     
  175.0000000000  0.34050135144741311     
  176.0000000000  0.34275529395754312     
  177.0000000000  0.34499968857171925     
  178.0000000000  0.34723443377877317     
  179.0000000000  0.34945941168499495     
  180.0000000000  0.35167456251166795     
  181.0000000000  0.35387977884158683     
  182.0000000000  0.35607495369783049     
  183.0000000000  0.35826003586642363     
  184.0000000000  0.36043492886892725     
  185.0000000000  0.36259953557830160     
  186.0000000000  0.36475381530462414     
  187.0000000000  0.36689768157987901     
  188.0000000000  0.36903104593651603     
  189.0000000000  0.37115388009850170     
  190.0000000000  0.37326608815758355     
  191.0000000000  0.37536764413728241     
  192.0000000000  0.37745847903085039     
  193.0000000000  0.37953851968804386     
  194.0000000000  0.38160775568463201     
  195.0000000000  0.38366610404791324     
  196.0000000000  0.38571355902753357     
  197.0000000000  0.38775004469311547     
  198.0000000000  0.38977556114129985     
  199.0000000000  0.39179003804179890     
  200.0000000000  0.39379346502108659     
  201.0000000000  0.39578582811901342     
  202.0000000000  0.39776707121889787     
  203.0000000000  0.39973720513670408     
  204.0000000000  0.40169617598873009     
  205.0000000000  0.40364398568794302     
  206.0000000000  0.40558063592677129     
  207.0000000000  0.40750608124703724     
  208.0000000000  0.40942033077485407     
  209.0000000000  0.41132337787539086     
  210.0000000000  0.41321523417294115     
  211.0000000000  0.41509586511747898     
  212.0000000000  0.41696528846809322     
  213.0000000000  0.41882350697548620     
  214.0000000000  0.42067052557104745     
  215.0000000000  0.42250635127399017     
  216.0000000000  0.42433100666709667     
  217.0000000000  0.42614447346964823     
  218.0000000000  0.42794679116100420     
  219.0000000000  0.42973796602302228     
  220.0000000000  0.43151796888948502     
  221.0000000000  0.43328684281374441     
  222.0000000000  0.43504469973408932     
  223.0000000000  0.43679149091124003     
  224.0000000000  0.43852724539684074     
  225.0000000000  0.44025198627061046     
  226.0000000000  0.44196573988626398     
  227.0000000000  0.44366853441641751     
  228.0000000000  0.44536041030542983     
  229.0000000000  0.44704138775010693     
  230.0000000000  0.44871150919055203     
  231.0000000000  0.45037079839310290     
  232.0000000000  0.45201929930086271     
  233.0000000000  0.45365705605354623     
  234.0000000000  0.45528409489277233     
  235.0000000000  0.45690046039004728     
  236.0000000000  0.45850618872751903     
  237.0000000000  0.46010132913156920     
  238.0000000000  0.46168592055148538     
  239.0000000000  0.46326000892418584     
  240.0000000000  0.46482363522453785     
  241.0000000000  0.46637684349765440     
  242.0000000000  0.46791968561631225     
  243.0000000000  0.46945220449026404     
  244.0000000000  0.47097443817372375     
  245.0000000000  0.47159924494807803     
  246.0000000000  0.47084564955967528     
  247.0000000000  0.47009445806528649     
  248.0000000000  0.46934566086290291     
  249.0000000000  0.46859924434812161     
  250.0000000000  0.46785519953565879     
  251.0000000000  0.46711351315379723     
  252.0000000000  0.46637417555606542     
  253.0000000000  0.46563717223838091     
  254.0000000000  0.46490249903744107     
  255.0000000000  0.46417013592491757     
  256.0000000000  0.46344007992170211     
  257.0000000000  0.46271231660565959     
  258.0000000000  0.46198683364827015     
  259.0000000000  0.46126362226151901     
  260.0000000000  0.46054267372676938     
  261.0000000000  0.45982397394190361     
  262.0000000000  0.45910751335039579     
  263.0000000000  0.45839328244669403     
  264.0000000000  0.45768127178607720     
  265.0000000000  0.45697147185545778     
  266.0000000000  0.45626386666341007     
  267.0000000000  0.45555845282936369     
  268.0000000000  0.45485521414194630     
  269.0000000000  0.45415414056441089     
  270.0000000000  0.45345522952327089     
  271.0000000000  0.45275846418874249     
  272.0000000000  0.45206383465574496     
  273.0000000000  0.45137133941852003     
  274.0000000000  0.45068096088640663     
  275.0000000000  0.44999268951975052     
  276.0000000000  0.44930651569651747     
  277.0000000000  0.44862242971626681     
  278.0000000000  0.44794043147889501     
  279.0000000000  0.44726050242482629     
  280.0000000000  0.44658262415073668     
  281.0000000000  0.44590680582839248     
  282.0000000000  0.44523302887493105     
  283.0000000000  0.44456128405980333     
  284.0000000000  0.44389157245701255     
  285.0000000000  0.44322386498988398     
  286.0000000000  0.44255816219474103     
  287.0000000000  0.44189446588312031     
  288.0000000000  0.44123274612974278     
  289.0000000000  0.44057301524255660     
  290.0000000000  0.43991524261755083     
  291.0000000000  0.43925944194040673     
  292.0000000000  0.43860559298333390     
  293.0000000000  0.43795368714402216     
  294.0000000000  0.43730371584859912     
  295.0000000000  0.43665565908330306     
  296.0000000000  0.43600953135680215     
  297.0000000000  0.43536531255591848     
  298.0000000000  0.43472299424923855     
  299.0000000000  0.43408256804162876     
  300.0000000000  0.43344402557507744     
  301.0000000000  0.43280737112042816     
  302.0000000000  0.43217257179379054     
  303.0000000000  0.43153963149081964     
  304.0000000000  0.43090854200904982     
  305.0000000000  0.43027929517995206     
  306.0000000000  0.42965189586674390     
  307.0000000000  0.42902631109209932     
  308.0000000000  0.42840254485709184     
  309.0000000000  0.42778058913248751     
  310.0000000000  0.42716045011574966     
  311.0000000000  0.42654209309198121     
  312.0000000000  0.42592552292189501     
  313.0000000000  0.42531074669779151     
  314.0000000000  0.42469772859753413     
  315.0000000000  0.42408648843683783     
  316.0000000000  0.42347699175901943     
  317.0000000000  0.42286925743170672     
  318.0000000000  0.42226325186301517     
  319.0000000000  0.42165897944680125     
  320.0000000000  0.42105644900581307     
  321.0000000000  0.42045562275452664     
  322.0000000000  0.41985652392272294     
  323.0000000000  0.41925912884156374     
  324.0000000000  0.41866341798426837     
  325.0000000000  0.41806941096457123     
  326.0000000000  0.41747707318921973     
  327.0000000000  0.41688642559132061     
  328.0000000000  0.41629743215388920     
  329.0000000000  0.41571011566160831     
  330.0000000000  0.41512445316455809     
  331.0000000000  0.41454042472021274     
  332.0000000000  0.41395805139920727     
  333.0000000000  0.41337729689967317     
  334.0000000000  0.41279818522897976     
  335.0000000000  0.41222069312491127     
  336.0000000000  0.41164479967784529     
  337.0000000000  0.41107052844094555     
  338.0000000000  0.41049785659134591     
  339.0000000000  0.40992676320309163     
  340.0000000000  0.40935727211278788     
  341.0000000000  0.40878936054222792     
  342.0000000000  0.40822300720276194     
  343.0000000000  0.40765823695134140     
  344.0000000000  0.40709502666185321     
  345.0000000000  0.40653336995658845     
  346.0000000000  0.40597324655835104     
  347.0000000000  0.40541467951830146     
  348.0000000000  0.40485764691214704     
  349.0000000000  0.40430212736831228     
  350.0000000000  0.40374814650038265     
  351.0000000000  0.40319568121701294     
  352.0000000000  0.40264472536700935     
  353.0000000000  0.40209525774781824     
  354.0000000000  0.40154730394751481     
  355.0000000000  0.40100084112658863     
  356.0000000000  0.40045586325957450     
  357.0000000000  0.39991234884156834     
  358.0000000000  0.39937032442296500     
  359.0000000000  0.39882976689107530     
  360.0000000000  0.39829067034521126     
  361.0000000000  0.39775302891168940     
  362.0000000000  0.39721682184337986     
  363.0000000000  0.39668207450453052     
  364.0000000000  0.39614876468459514     
  365.0000000000  0.39561688663285177     
  366.0000000000  0.39508643462386939     
  367.0000000000  0.39455738808444157     
  368.0000000000  0.39402977241619219     
  369.0000000000  0.39350356565817712     
  370.0000000000  0.39297876220691591     
  371.0000000000  0.39245535648431085     
  372.0000000000  0.39193332752211280     
  373.0000000000  0.39141270193490069     
  374.0000000000  0.39089345738936271     
  375.0000000000  0.39037558842541858     
  376.0000000000  0.38985908960924365     
  377.0000000000  0.38934395553327217     
  378.0000000000  0.38883016558342531     
  379.0000000000  0.38831774609166231     
  380.0000000000  0.38780667517210932     
  381.0000000000  0.38729694753079247     
  382.0000000000  0.38678855789989713     
  383.0000000000  0.38628150103652142     
  384.0000000000  0.38577575599980685     
  385.0000000000  0.38527135024318049     
  386.0000000000  0.38476826158492161     
  387.0000000000  0.38426648489308984     
  388.0000000000  0.38376601506019525     
  389.0000000000  0.38326684700328989     
  390.0000000000  0.38276897566544982     
  391.0000000000  0.38227238030004596     
  392.0000000000  0.38177708845457314     
  393.0000000000  0.38128307821913315     
  394.0000000000  0.38079034464171374     
  395.0000000000  0.38029888279525725     
  396.0000000000  0.37980868777556620     
  397.0000000000  0.37931975470334295     
  398.0000000000  0.37883206222415572     
  399.0000000000  0.37834563962114631     
  400.0000000000  0.37786046439132259     
  401.0000000000  0.37737653175691988     
  402.0000000000  0.37689383696269968     
  403.0000000000  0.37641237527730420     
  404.0000000000  0.37593214199252145     
  405.0000000000  0.37545313242294448     
  406.0000000000  0.37497534190604642     
  407.0000000000  0.37449874987480991     
  408.0000000000  0.37402338457659240     
  409.0000000000  0.37354922441407068     
  410.0000000000  0.37307626482125283     
  411.0000000000  0.37260450125403555     
  412.0000000000  0.37213392919030436     
  413.0000000000  0.37166454413026628     
  414.0000000000  0.37119634159592124     
  415.0000000000  0.37072931713126489     
  416.0000000000  0.37026344993401999     
  417.0000000000  0.36979876929615935     
  418.0000000000  0.36933525343036366     
  419.0000000000  0.36887289797135003     
  420.0000000000  0.36841169857511358     
  421.0000000000  0.36795165091862053     
  422.0000000000  0.36749275070018628     
  423.0000000000  0.36703499363821418     
  424.0000000000  0.36657837547271727     
  425.0000000000  0.36612289196418291     
  426.0000000000  0.36566852202787586     
  427.0000000000  0.36521529612414977     
  428.0000000000  0.36476319222814757     
  429.0000000000  0.36431220618535765     
  430.0000000000  0.36386233386187045     
  431.0000000000  0.36341357114302247     
  432.0000000000  0.36296591393463684     
  433.0000000000  0.36251935816161751     
  434.0000000000  0.36207389976923210     
  435.0000000000  0.36162953472155446     
  436.0000000000  0.36118625900300988     
  437.0000000000  0.36074406861633335     
  438.0000000000  0.36030294288879000     
  439.0000000000  0.35986291209952087     
  440.0000000000  0.35942395472161875     
  441.0000000000  0.35898606683739243     
  442.0000000000  0.35854924454814219     
  443.0000000000  0.35811348397358028     
  444.0000000000  0.35767878125165958     
  445.0000000000  0.35724513253935691     
  446.0000000000  0.35681253401158608     
  447.0000000000  0.35638098186160849     
  448.0000000000  0.35595047230092136     
  449.0000000000  0.35552100155883581     
  450.0000000000  0.35509256588302102     
  451.0000000000  0.35466514452016878     
  452.0000000000  0.35423876858236136     
  453.0000000000  0.35381341652071802     
  454.0000000000  0.35338908465545404     
  455.0000000000  0.35296576932431328     
  456.0000000000  0.35254346688264976     
  457.0000000000  0.35212217370264465     
  458.0000000000  0.35170188617382064     
  459.0000000000  0.35128260070260553     
  460.0000000000  0.35086431371268756     
  461.0000000000  0.35044702164385400     
  462.0000000000  0.35003072095337845     
  463.0000000000  0.34961540811480379     
  464.0000000000  0.34920107961820968     
  465.0000000000  0.34878773197082341     
  466.0000000000  0.34837536169495886     
  467.0000000000  0.34796394883380138     
  468.0000000000  0.34755352363334591     
  469.0000000000  0.34714406543990828     
  470.0000000000  0.34673557084271200     
  471.0000000000  0.34632803644713001     
  472.0000000000  0.34592145887367715     
  473.0000000000  0.34551583475934383     
  474.0000000000  0.34511116075651926     
  475.0000000000  0.34470743353304678     
  476.0000000000  0.34430464977181480     
  477.0000000000  0.34390280617181118     
  478.0000000000  0.34350189944678694     
  479.0000000000  0.34310192632606373     
  480.0000000000  0.34270288355384293     
  481.0000000000  0.34230476788930964     
  482.0000000000  0.34190757610671141     
  483.0000000000  0.34151130499508436     
  484.0000000000  0.34111593439561477     
  485.0000000000  0.34072149570044441     
  486.0000000000  0.34032796810537691     
  487.0000000000  0.33993534845923790     
  488.0000000000  0.33954363362547513     
  489.0000000000  0.33915282048173001     
  490.0000000000  0.33876290592002611     
  491.0000000000  0.33837388684644853     
  492.0000000000  0.33798576018128668     
  493.0000000000  0.33759852285888153     
  494.0000000000  0.33721217182739333     
  495.0000000000  0.33682670404909054     
  496.0000000000  0.33644211649971756     
  497.0000000000  0.33605840616896221     
  498.0000000000  0.33567557005997128     
  499.0000000000  0.33529360519011187     
  500.0000000000  0.33491250858939581     
  501.0000000000  0.33453227730153051     
  502.0000000000  0.33415290838366640     
  503.0000000000  0.33377439890690486     
  504.0000000000  0.33339674595399238     
  505.0000000000  0.33301992989966694     
  506.0000000000  0.33264398186844502     
  507.0000000000  0.33226888166987045     
  508.0000000000  0.33189462644026363     
  509.0000000000  0.33152121332950790     
  510.0000000000  0.33114863949939211     
  511.0000000000  0.33077690212491234     
  512.0000000000  0.33040599839362583     
  513.0000000000  0.33003592550539146     
  514.0000000000  0.32966668067296623     
  515.0000000000  0.32929826112113392     
  516.0000000000  0.32893066408690819     
  517.0000000000  0.32856388682013360     
  518.0000000000  0.32819792658253927     
  519.0000000000  0.32783278064797916     
  520.0000000000  0.32746844630220845     
  521.0000000000  0.32710492084319709     
  522.0000000000  0.32674220158117617     
  523.0000000000  0.32638028583755951     
  524.0000000000  0.32601917094639876     
  525.0000000000  0.32565885425261265     
  526.0000000000  0.32529933311376830     
  527.0000000000  0.32494060489808430     
  528.0000000000  0.32458266698607369     
  529.0000000000  0.32422549984481702     
  530.0000000000  0.32386913523588062     
  531.0000000000  0.32351355312309932     
  532.0000000000  0.32315875093322488     
  533.0000000000  0.32280472610385319     
  534.0000000000  0.32245147608372654     
  535.0000000000  0.32209899833337741     
  536.0000000000  0.32174729032340332     
  537.0000000000  0.32139634953601021     
  538.0000000000  0.32104617346453768     
  539.0000000000  0.32069675961241118     
  540.0000000000  0.32034810549467296     
  541.0000000000  0.32000020863674000     
  542.0000000000  0.31965306657481662     
  543.0000000000  0.31930667685572406     
  544.0000000000  0.31896103703704703     
  545.0000000000  0.31861614468664717     
  546.0000000000  0.31827199738331441     
  547.0000000000  0.31792859271505364     
  548.0000000000  0.31758592828228172     
  549.0000000000  0.31724400169403849     
  550.0000000000  0.31690281057014030     
  551.0000000000  0.31656235254080944     
  552.0000000000  0.31622262524588518     
  553.0000000000  0.31588362633623701     
  554.0000000000  0.31554535347211943     
  555.0000000000  0.31520780432344347     
  556.0000000000  0.31487097657085383     
  557.0000000000  0.31453486790486568     
  558.0000000000  0.31419947602486809     
  559.0000000000  0.31386478206270207     
  560.0000000000  0.31353081732716981     
  561.0000000000  0.31319756252367892     
  562.0000000000  0.31286501539204115     
  563.0000000000  0.31253317368075806     
  564.0000000000  0.31220203514807654     
  565.0000000000  0.31187159756242955     
  566.0000000000  0.31154185870004936     
  567.0000000000  0.31121281634847053     
  568.0000000000  0.31088446830302535     
  569.0000000000  0.31055681236898047     
  570.0000000000  0.31022984636137191     
  571.0000000000  0.30990356810312869     
  572.0000000000  0.30957797542729559     
  573.0000000000  0.30925306617562209     
  574.0000000000  0.30892883819895595     
  575.0000000000  0.30860528935692455     
  576.0000000000  0.30828241751876778     
  577.0000000000  0.30796022056171823     
  578.0000000000  0.30763869637275087     
  579.0000000000  0.30731784284680891     
  580.0000000000  0.30699765788804395     
  581.0000000000  0.30667813940952143     
  582.0000000000  0.30635928533243861     
  583.0000000000  0.30604109358703629     
  584.0000000000  0.30572356211215557     
  585.0000000000  0.30540668885463562     
  586.0000000000  0.30509047177005871     
  587.0000000000  0.30477490882328417     
  588.0000000000  0.30445999798630030     
  589.0000000000  0.30414573724050575     
  590.0000000000  0.30383212457452546     
  591.0000000000  0.30351915798621099     
  592.0000000000  0.30320683548141369     
  593.0000000000  0.30289515507396914     
  594.0000000000  0.30258411478588310     
  595.0000000000  0.30227369612282401     
  596.0000000000  0.30196393054008885     
  597.0000000000  0.30165479918247851     
  598.0000000000  0.30134630010436309     
  599.0000000000  0.30103843136812264     
  600.0000000000  0.30073119104434098     
  601.0000000000  0.30042457721113625     
  602.0000000000  0.30011858795473517     
  603.0000000000  0.29981322136863975     
  604.0000000000  0.29950847555470039     
  605.0000000000  0.29920434862216677     
  606.0000000000  0.29890083868784545     
