  2.000000000000  1.0000000000000000     
  3.000000000000  1.0000000000000000     
  4.000000000000 0.99999999999999978     
  5.000000000000 0.99999999999999534     
  6.000000000000 0.99999999999996203     
  7.000000000000 0.99999999999981593     
  8.000000000000 0.99999999999873435     
  9.000000000000 0.99999999998369660     
  10.00000000000 0.99999999983136401     
  11.00000000000 0.99999999881150858     
  12.00000000000 0.99999999391000638     
  13.00000000000 0.99999997569572552     
  14.00000000000 0.99999992037578023     
  15.00000000000 0.99999977728724032     
  16.00000000000 0.99999945219182662     
  17.00000000000 0.99999878790285979     
  18.00000000000 0.99999754453813294     
  19.00000000000 0.99999538185956127     
  20.00000000000 0.99999184578723477     
  21.00000000000 0.99998636046623202     
  22.00000000000 0.99997822645054879     
  23.00000000000 0.99996662483073562     
  24.00000000000 0.99995062657416278     
  25.00000000000 0.99992920600274648     
  26.00000000000 0.99990125718713241     
  27.00000000000 0.99986561204742819     
  28.00000000000 0.99982105906923147     
  29.00000000000 0.99976636172382705     
  30.00000000000 0.99970027588582155     
  31.00000000000 0.99962156574354855     
  32.00000000000 0.99952901788042181     
  33.00000000000 0.99942145336021182     
  34.00000000000 0.99929773777285225     
  35.00000000000 0.99915678929071228     
  36.00000000000 0.99899758485131307     
  37.00000000000 0.99881916462545084     
  38.00000000000 0.99862063495403464     
  39.00000000000 0.99840116994691674     
  40.00000000000 0.99816001193640125     
  41.00000000000 0.99789647097008150     
  42.00000000000 0.99760992351482325     
  43.00000000000 0.99729981052800198     
  44.00000000000 0.99696563503511049     
  45.00000000000 0.99660695998245097     
  46.00000000000 0.99622340262938780     
  47.00000000000 0.99581463507114110     
  48.00000000000 0.99538037842943727     
  49.00000000000 0.99492040007907634     
  50.00000000000 0.99443451027655383     
  51.00000000000 0.99392255883875225     
  52.00000000000 0.99338443190324610     
  53.00000000000 0.99282004879434405     
  54.00000000000 0.99222935901266973     
  55.00000000000 0.99161233936084781     
  56.00000000000 0.99096899121347448     
  57.00000000000 0.99029933793599856     
  58.00000000000 0.98960342245424238     
  59.00000000000 0.98888130497398108     
  60.00000000000 0.98813306084819319     
  61.00000000000 0.98735877858819165     
  62.00000000000 0.98655855801380787     
  63.00000000000 0.98573250853703165     
  64.00000000000 0.98488074757299793     
  65.00000000000 0.98400339907188383     
  66.00000000000 0.98310059216510193     
  67.00000000000 0.98217245991914859     
  68.00000000000 0.98121913819049378     
  69.00000000000 0.98024076457505749     
  70.00000000000 0.97923747744598022     
  71.00000000000 0.97820941507364068     
  72.00000000000 0.97715671482212874     
  73.00000000000 0.97607951313339991     
  74.00000000000 0.97497794204153787     
  75.00000000000 0.97385213272650328     
  76.00000000000 0.97270221223450659     
  77.00000000000 0.97152830365194909     
  78.00000000000 0.97033052565509004     
  79.00000000000 0.96910899210368906     
  80.00000000000 0.96786381167511060     
  81.00000000000 0.96659508753560197     
  82.00000000000 0.96530291704572113     
  83.00000000000 0.96398739149708956     
  84.00000000000 0.96264859587786888     
  85.00000000000 0.96128660866453930     
  86.00000000000 0.95990150163775800     
  87.00000000000 0.95849333972022388     
  88.00000000000 0.95706218083464700     
  89.00000000000 0.95560807578005047     
  90.00000000000 0.95413106812477788     
  91.00000000000 0.95263119411469144     
  92.00000000000 0.95110848259516279     
  93.00000000000 0.94956295494555465     
  94.00000000000 0.94799462582121818     
  95.00000000000 0.94640349999259921     
  96.00000000000 0.94478957688990217     
  97.00000000000 0.94315284758345119     
  98.00000000000 0.94149329549818506     
  99.00000000000 0.93981089640058002     
  100.0000000000 0.93810561839120354     
  101.0000000000 0.93637742190215045     
  102.0000000000 0.93462625969866475     
  103.0000000000 0.93285207688429261     
  104.0000000000 0.93105481090894293     
  105.0000000000 0.92923439157927434     
  106.0000000000 0.92739074107084429     
  107.0000000000 0.92552377394150098     
  108.0000000000 0.92363339714550408     
  109.0000000000 0.92171951004789965     
  110.0000000000 0.91978200532656396     
  111.0000000000 0.91782076552603853     
  112.0000000000 0.91583566813200223     
  113.0000000000 0.91382658228689573     
  114.0000000000 0.91179336960422219     
  115.0000000000 0.90973588417535112     
  116.0000000000 0.90765397257367408     
  117.0000000000 0.90554747385575030     
  118.0000000000 0.90341621955907514     
  119.0000000000 0.90126003369612595     
  120.0000000000 0.89907873274433414     
  121.0000000000 0.89687212563164564     
  122.0000000000 0.89464001371732349     
  123.0000000000 0.89238219179331213     
  124.0000000000 0.89009844407659744     
  125.0000000000 0.88778854996974554     
  126.0000000000 0.88545228026065703     
  127.0000000000 0.88308939798976893     
  128.0000000000 0.88069965839528253     
  129.0000000000 0.87828280885125898     
  130.0000000000 0.87583858879822574     
  131.0000000000 0.87336672966593287     
  132.0000000000 0.87086695478788267     
  133.0000000000 0.86833897930725867     
  134.0000000000 0.86578251131850692     
  135.0000000000 0.86319724694992084     
  136.0000000000 0.86058287721366278     
  137.0000000000 0.85793908336854463     
  138.0000000000 0.85526553786987447     
  139.0000000000 0.85256190421500622     
  140.0000000000 0.84982783677719298     
  141.0000000000 0.84706298062719765     
  142.0000000000 0.84426697134211681     
  143.0000000000 0.84143943626753848     
  144.0000000000 0.83857998866191941     
  145.0000000000 0.83568823561178063     
  146.0000000000 0.83276377253698897     
  147.0000000000 0.82980618419528107     
  148.0000000000 0.82681504440090525     
  149.0000000000 0.82378991572556470     
  150.0000000000 0.82073035072832545     
  151.0000000000 0.81763588569511503     
  152.0000000000 0.81450604881318645     
  153.0000000000 0.81134035431576590     
  154.0000000000 0.80813830340097859     
  155.0000000000 0.80489938380586046     
  156.0000000000 0.80162307096053165     
  157.0000000000 0.79830882138906634     
  158.0000000000 0.79495608099055781     
  159.0000000000 0.79156427887942771     
  160.0000000000 0.78813282817021346     
  161.0000000000 0.78466112537583066     
  162.0000000000 0.78114855166781672     
  163.0000000000 0.77759446499439044     
  164.0000000000 0.77399820967631106     
  165.0000000000 0.77035910906846194     
  166.0000000000 0.76667646633404818     
  167.0000000000 0.76294956569145367     
  168.0000000000 0.75917766356238514     
  169.0000000000 0.75535999894541539     
  170.0000000000 0.75149578518150295     
  171.0000000000 0.74758421269564912     
  172.0000000000 0.74362443992598903     
  173.0000000000 0.73961560335718901     
  174.0000000000 0.73555680906546550     
  175.0000000000 0.73144713531510119     
  176.0000000000 0.72728562250482320     
  177.0000000000 0.72307128373955332     
  178.0000000000 0.71880309544317300     
  179.0000000000 0.71448000007662216     
  180.0000000000 0.71010089413664368     
  181.0000000000 0.70566464033230625     
  182.0000000000 0.70117005907910912     
  183.0000000000 0.69661591815805346     
  184.0000000000 0.69200094442420668     
  185.0000000000 0.68732381497191530     
  186.0000000000 0.68258314555362110     
  187.0000000000 0.67777750255763169     
  188.0000000000 0.67290539333029453     
  189.0000000000 0.66796525257358286     
  190.0000000000 0.66295545844478032     
  191.0000000000 0.65787430634954080     
  192.0000000000 0.65272002241546845     
  193.0000000000 0.64749075239990950     
  194.0000000000 0.64218454447274731     
  195.0000000000 0.63679936654577141     
  196.0000000000 0.63133307348500423     
  197.0000000000 0.62578342624768002     
  198.0000000000 0.62014805736639267     
  199.0000000000 0.61442448958792473     
  200.0000000000 0.60861010178227526     
  201.0000000000 0.60270213031522502     
  202.0000000000 0.59669766575488681     
  203.0000000000 0.59059361777684805     
  204.0000000000 0.58438672846305584     
  205.0000000000 0.57807353117524984     
  206.0000000000 0.57165034463981512     
  207.0000000000 0.56511326467610923     
  208.0000000000 0.55845811902878872     
  209.0000000000 0.55168045888772121     
  210.0000000000 0.54477552304836174     
  211.0000000000 0.53773822327098697     
  212.0000000000 0.53056308368488170     
  213.0000000000 0.52324421755002781     
  214.0000000000 0.51577527683867230     
  215.0000000000 0.50814939936470283     
  216.0000000000 0.50035914356722944     
  217.0000000000 0.49239643550316609     
  218.0000000000 0.48425245578280685     
  219.0000000000 0.47591757179136690     
  220.0000000000 0.46738121988323289     
  221.0000000000 0.45863177382795683     
  222.0000000000 0.44965629884061242     
  223.0000000000 0.44044053007739958     
  224.0000000000 0.43096851159332017     
  225.0000000000 0.42122235104710920     
  226.0000000000 0.41118186674588453     
  227.0000000000 0.40082415310141772     
  228.0000000000 0.39012302719088293     
  229.0000000000 0.37904834685726735     
  230.0000000000 0.36756508545291688     
  231.0000000000 0.35563216781503521     
  232.0000000000 0.34320086086315099     
  233.0000000000 0.33021261839909150     
  234.0000000000 0.31659606972509496     
  235.0000000000 0.30226264852608364     
  236.0000000000 0.28710016816409695     
  237.0000000000 0.27096286540917675     
  238.0000000000 0.25365535552886420     
  239.0000000000 0.23490504212230837     
  240.0000000000 0.21431101424777838     
  241.0000000000 0.19123882382267127     
  242.0000000000 0.16456855617775665     
  243.0000000000 0.13192492326100280     
  244.0000000000 8.57772544986315777E-002
  245.0000000000 1.17937191610151641E-002
  246.0000000000 1.17721856892897582E-002
  247.0000000000 1.17529716235673549E-002
  248.0000000000 1.17340668958871314E-002
  249.0000000000 1.17153110976092288E-002
  250.0000000000 1.16966451089816105E-002
  251.0000000000 1.16780608111081430E-002
  252.0000000000 1.16595443058699101E-002
  253.0000000000 1.16411004907992482E-002
  254.0000000000 1.16227090993488904E-002
  255.0000000000 1.16043898042532522E-002
  256.0000000000 1.15861238863282055E-002
  257.0000000000 1.15679181638446114E-002
  258.0000000000 1.15497741769237383E-002
  259.0000000000 1.15316878403533170E-002
  260.0000000000 1.15136560323178608E-002
  261.0000000000 1.14956834314458804E-002
  262.0000000000 1.14777680895661906E-002
  263.0000000000 1.14599084321726132E-002
  264.0000000000 1.14421031518985340E-002
  265.0000000000 1.14243512795585266E-002
  266.0000000000 1.14066586083774076E-002
  267.0000000000 1.13890177183603690E-002
  268.0000000000 1.13714343733747683E-002
  269.0000000000 1.13539079270107441E-002
  270.0000000000 1.13364314115970768E-002
  271.0000000000 1.13190107328380030E-002
  272.0000000000 1.13016454365723520E-002
  273.0000000000 1.12843286189995579E-002
  274.0000000000 1.12670663733691837E-002
  275.0000000000 1.12498581851064317E-002
  276.0000000000 1.12327036749321867E-002
  277.0000000000 1.12156025760612784E-002
  278.0000000000 1.11985482474461287E-002
  279.0000000000 1.11815467857593435E-002
  280.0000000000 1.11646035644747538E-002
  281.0000000000 1.11477063924897406E-002
  282.0000000000 1.11308610173378279E-002
  283.0000000000 1.11140671458197279E-002
  284.0000000000 1.10973186019795445E-002
  285.0000000000 1.10806267170644596E-002
  286.0000000000 1.10639855650321826E-002
  287.0000000000 1.10473890550498600E-002
  288.0000000000 1.10308483267683392E-002
  289.0000000000 1.10143518352767041E-002
  290.0000000000 1.09979106641296918E-002
  291.0000000000 1.09815130835580373E-002
  292.0000000000 1.09651647636795895E-002
  293.0000000000 1.09488654113342691E-002
  294.0000000000 1.09326147513789072E-002
  295.0000000000 1.09164178079696524E-002
  296.0000000000 1.09002636386092040E-002
  297.0000000000 1.08841574618360436E-002
  298.0000000000 1.08680990442917257E-002
  299.0000000000 1.08520881611226441E-002
  300.0000000000 1.08361245952380194E-002
  301.0000000000 1.08202028830884488E-002
  302.0000000000 1.08043331671778230E-002
  303.0000000000 1.07885101057824135E-002
  304.0000000000 1.07727335049070099E-002
  305.0000000000 1.07570031769473849E-002
  306.0000000000 1.07413139038520285E-002
  307.0000000000 1.07256752223473840E-002
  308.0000000000 1.07100822202449777E-002
  309.0000000000 1.06945347307846432E-002
  310.0000000000 1.06790273841248385E-002
  311.0000000000 1.06635699114015804E-002
  312.0000000000 1.06481574051910995E-002
  313.0000000000 1.06327844249093657E-002
  314.0000000000 1.06174607688326629E-002
  315.0000000000 1.06021766009385468E-002
  316.0000000000 1.05869410344072278E-002
  317.0000000000 1.05717448240146457E-002
  318.0000000000 1.05565966015691657E-002
  319.0000000000 1.05414921254811424E-002
  320.0000000000 1.05264259130576840E-002
  321.0000000000 1.05114077108722746E-002
  322.0000000000 1.04964274484610851E-002
  323.0000000000 1.04814902449852296E-002
  324.0000000000 1.04665997197708575E-002
  325.0000000000 1.04517472934908505E-002
  326.0000000000 1.04369412689177855E-002
  327.0000000000 1.04221728641441021E-002
  328.0000000000 1.04074506664429307E-002
  329.0000000000 1.03927655380205465E-002
  330.0000000000 1.03781220983814211E-002
  331.0000000000 1.03635239226421011E-002
  332.0000000000 1.03489626707131913E-002
  333.0000000000 1.03344466529716687E-002
  334.0000000000 1.03199668678858204E-002
  335.0000000000 1.03055278588379574E-002
  336.0000000000 1.02911333591570852E-002
  337.0000000000 1.02767747688036724E-002
  338.0000000000 1.02624564150705540E-002
  339.0000000000 1.02481819682920701E-002
  340.0000000000 1.02339430059071798E-002
  341.0000000000 1.02197437584136581E-002
  342.0000000000 1.02055879277272478E-002
  343.0000000000 1.01914670623673032E-002
  344.0000000000 1.01773854054321329E-002
  345.0000000000 1.01633427694288476E-002
  346.0000000000 1.01493425170874774E-002
  347.0000000000 1.01353769645055707E-002
  348.0000000000 1.01214499450302635E-002
  349.0000000000 1.01075650409207692E-002
  350.0000000000 1.00937141328066322E-002
  351.0000000000 1.00799012818364626E-002
  352.0000000000 1.00661263133549669E-002
  353.0000000000 1.00523926955445025E-002
  354.0000000000 1.00386925880830858E-002
  355.0000000000 1.00250299016773296E-002
  356.0000000000 1.00114044681264263E-002
  357.0000000000 9.99781975894778983E-003
  358.0000000000 9.98426796080470122E-003
  359.0000000000 9.97075296726621964E-003
  360.0000000000 9.95727461557064167E-003
  361.0000000000 9.94383274539443682E-003
  362.0000000000 9.93043057572373829E-003
  363.0000000000 9.91706086248186555E-003
  364.0000000000 9.90372719694189961E-003
  365.0000000000 9.89042942328232505E-003
  366.0000000000 9.87716738757427395E-003
  367.0000000000 9.86394420190823615E-003
  368.0000000000 9.85075288002527395E-003
  369.0000000000 9.83759687561162020E-003
  370.0000000000 9.82447603857664054E-003
  371.0000000000 9.81139022054349115E-003
  372.0000000000 9.79834255425858155E-003
  373.0000000000 9.78532604052281471E-003
  374.0000000000 9.77234413783334248E-003
  375.0000000000 9.75939670105396839E-003
  376.0000000000 9.74648358667052836E-003
  377.0000000000 9.73360465264149280E-003
  378.0000000000 9.72076288588640154E-003
  379.0000000000 9.70795162455311694E-003
  380.0000000000 9.69517414903959748E-003
  381.0000000000 9.68243032011235211E-003
  382.0000000000 9.66971999988850903E-003
  383.0000000000 9.65704305173734935E-003
  384.0000000000 9.64440246262541004E-003
  385.0000000000 9.63179160053197550E-003
  386.0000000000 9.61921372892683181E-003
  387.0000000000 9.60666871370815904E-003
  388.0000000000 9.59415642200950845E-003
  389.0000000000 9.58167672204948001E-003
  390.0000000000 9.56922948307713239E-003
  391.0000000000 9.55681758278850539E-003
  392.0000000000 9.54443464789689333E-003
  393.0000000000 9.53208380622285086E-003
  394.0000000000 9.51976492938598311E-003
  395.0000000000 9.50747789005343749E-003
  396.0000000000 9.49522256182232759E-003
  397.0000000000 9.48299881923189529E-003
  398.0000000000 9.47080958736579680E-003
  399.0000000000 9.45864842347701393E-003
  400.0000000000 9.44651849086419228E-003
  401.0000000000 9.43441966625583987E-003
  402.0000000000 9.42235182719394077E-003
  403.0000000000 9.41031485217253341E-003
  404.0000000000 9.39830862061101328E-003
  405.0000000000 9.38633301258843047E-003
  406.0000000000 9.37438790911439973E-003
  407.0000000000 9.36247601508174813E-003
  408.0000000000 9.35059137645282215E-003
  409.0000000000 9.33873690337372504E-003
  410.0000000000 9.32691247889719591E-003
  411.0000000000 9.31511798669262814E-003
  412.0000000000 9.30335331133587580E-003
  413.0000000000 9.29161833811896834E-003
  414.0000000000 9.27991295300517258E-003
  415.0000000000 9.26823704271318924E-003
  416.0000000000 9.25659328426748154E-003
  417.0000000000 9.24497581087080703E-003
  418.0000000000 9.23338748825060229E-003
  419.0000000000 9.22182820498663146E-003
  420.0000000000 9.21029785039137634E-003
  421.0000000000 9.19879631442397858E-003
  422.0000000000 9.18732348771439042E-003
  423.0000000000 9.17587926162451509E-003
  424.0000000000 9.16446352807192589E-003
  425.0000000000 9.15307617962404958E-003
  426.0000000000 9.14171986928509137E-003
  427.0000000000 9.13038880974656464E-003
  428.0000000000 9.11908582682730354E-003
  429.0000000000 9.10781081487951720E-003
  430.0000000000 9.09656366888859057E-003
  431.0000000000 9.08534428442781157E-003
  432.0000000000 9.07415255773949894E-003
  433.0000000000 9.06298838559186845E-003
  434.0000000000 9.05185166538907855E-003
  435.0000000000 9.04074229504359984E-003
  436.0000000000 9.02966017314478335E-003
  437.0000000000 9.01860519870998842E-003
  438.0000000000 9.00757988253883708E-003
  439.0000000000 8.99657876151664995E-003
  440.0000000000 8.98560449663266848E-003
  441.0000000000 8.97465698862630334E-003
  442.0000000000 8.96373613882658210E-003
  443.0000000000 8.95284184905167577E-003
  444.0000000000 8.94197402170480299E-003
  445.0000000000 8.93113255970982844E-003
  446.0000000000 8.92031736647740103E-003
  447.0000000000 8.90952834600652541E-003
  448.0000000000 8.89876540273898918E-003
  449.0000000000 8.88802844168913239E-003
  450.0000000000 8.87731736825919659E-003
  451.0000000000 8.86663463248960754E-003
  452.0000000000 8.85597492661189742E-003
  453.0000000000 8.84534083442104976E-003
  454.0000000000 8.83473226299691730E-003
  455.0000000000 8.82414911985043675E-003
  456.0000000000 8.81359131301880962E-003
  457.0000000000 8.80305875094981177E-003
  458.0000000000 8.79255134267036519E-003
  459.0000000000 8.78206899761261976E-003
  460.0000000000 8.77161162569854713E-003
  461.0000000000 8.76117913725689076E-003
  462.0000000000 8.75077144319124159E-003
  463.0000000000 8.74038845473612026E-003
  464.0000000000 8.73003008363555828E-003
  465.0000000000 8.71969624206476134E-003
  466.0000000000 8.70938684264609478E-003
  467.0000000000 8.69910414230732655E-003
  468.0000000000 8.68884326118904426E-003
  469.0000000000 8.67860656774469344E-003
  470.0000000000 8.66839397608011250E-003
  471.0000000000 8.65820540068500989E-003
  472.0000000000 8.64804075647111238E-003
  473.0000000000 8.63789995883470704E-003
  474.0000000000 8.62778292350389886E-003
  475.0000000000 8.61768956670030777E-003
  476.0000000000 8.60761980504281751E-003
  477.0000000000 8.59757355552634266E-003
  478.0000000000 8.58755073560184962E-003
  479.0000000000 8.57755126308708954E-003
  480.0000000000 8.56757505621367176E-003
  481.0000000000 8.55762203362731358E-003
  482.0000000000 8.54769211430686689E-003
  483.0000000000 8.53778521768007968E-003
  484.0000000000 8.52790355809294326E-003
  485.0000000000 8.51804237315291479E-003
  486.0000000000 8.50820397557571113E-003
  487.0000000000 8.49838828609499920E-003
  488.0000000000 8.48859522587264506E-003
  489.0000000000 8.47882471640103684E-003
  490.0000000000 8.46907667955383754E-003
  491.0000000000 8.45935103760000681E-003
  492.0000000000 8.44964771321201659E-003
  493.0000000000 8.43996662935888806E-003
  494.0000000000 8.43030770944417675E-003
  495.0000000000 8.42067087717805404E-003
  496.0000000000 8.41105605667754989E-003
  497.0000000000 8.40146317239970179E-003
  498.0000000000 8.39189214912656675E-003
  499.0000000000 8.38234291206977657E-003
  500.0000000000 8.37281538673770136E-003
  501.0000000000 8.36330949896463803E-003
  502.0000000000 8.35382517497548424E-003
  503.0000000000 8.34436234134207366E-003
  504.0000000000 8.33492092491848989E-003
  505.0000000000 8.32550299452622725E-003
  506.0000000000 8.31610411673212348E-003
  507.0000000000 8.30672644195997248E-003
  508.0000000000 8.29736989831284660E-003
  509.0000000000 8.28803441420434411E-003
  510.0000000000 8.27871991840546315E-003
  511.0000000000 8.26942634003032320E-003
  512.0000000000 8.26015360848448947E-003
  513.0000000000 8.25090165354112545E-003
  514.0000000000 8.24167040525458638E-003
  515.0000000000 8.23245979404437812E-003
  516.0000000000 8.22326975060396793E-003
  517.0000000000 8.21410020595807200E-003
  518.0000000000 8.20495109149587537E-003
  519.0000000000 8.19582233883350483E-003
  520.0000000000 8.18671387996378237E-003
  521.0000000000 8.17762564715237249E-003
  522.0000000000 8.16855757299333324E-003
  523.0000000000 8.15950959035873814E-003
  524.0000000000 8.15048163248743504E-003
  525.0000000000 8.14147363280723346E-003
  526.0000000000 8.13248552515045443E-003
  527.0000000000 8.12351724358114854E-003
  528.0000000000 8.11456872250217696E-003
  529.0000000000 8.10564194621124848E-003
  530.0000000000 8.09673268456265541E-003
  531.0000000000 8.08784299063365110E-003
  532.0000000000 8.07897279986162162E-003
  533.0000000000 8.07012204798367508E-003
  534.0000000000 8.06129067104472893E-003
  535.0000000000 8.05247860537106237E-003
  536.0000000000 8.04368578752466708E-003
  537.0000000000 8.03491215444579639E-003
  538.0000000000 8.02615764326063304E-003
  539.0000000000 8.01742219141695148E-003
  540.0000000000 8.00870573663661073E-003
  541.0000000000 8.00000821694782892E-003
  542.0000000000 7.99132957057419914E-003
  543.0000000000 7.98266973607103178E-003
  544.0000000000 7.97402865225436616E-003
  545.0000000000 7.96540625820519807E-003
  546.0000000000 7.95680249328604289E-003
  547.0000000000 7.94821729705167887E-003
  548.0000000000 7.93965060945921175E-003
  549.0000000000 7.93110237057965788E-003
  550.0000000000 7.92257252083574184E-003
  551.0000000000 7.91406100091038636E-003
  552.0000000000 7.90556775167735974E-003
  553.0000000000 7.89709271433182078E-003
  554.0000000000 7.88863583028560217E-003
  555.0000000000 7.88019704124279068E-003
  556.0000000000 7.87177628910179158E-003
  557.0000000000 7.86337351607455624E-003
  558.0000000000 7.85498866457701519E-003
  559.0000000000 7.84662356524445243E-003
  560.0000000000 7.83827433246040740E-003
  561.0000000000 7.82994285160201059E-003
  562.0000000000 7.82162906604217008E-003
  563.0000000000 7.81333291935933441E-003
  564.0000000000 7.80505435541175869E-003
  565.0000000000 7.79679331826438338E-003
  566.0000000000 7.78854975223920287E-003
  567.0000000000 7.78032360193874496E-003
  568.0000000000 7.77211481211654686E-003
  569.0000000000 7.76392332783812627E-003
  570.0000000000 7.75574909433275096E-003
  571.0000000000 7.74759205712945848E-003
  572.0000000000 7.73945216198438247E-003
  573.0000000000 7.73132935482487727E-003
  574.0000000000 7.72322358182169454E-003
  575.0000000000 7.71513478941908675E-003
  576.0000000000 7.70706292429084068E-003
  577.0000000000 7.69900793327748818E-003
  578.0000000000 7.69096976347802795E-003
  579.0000000000 7.68294836219073247E-003
  580.0000000000 7.67494367698618764E-003
  581.0000000000 7.66695565561995029E-003
  582.0000000000 7.65898424603341475E-003
  583.0000000000 7.65102939644666906E-003
  584.0000000000 7.64309105529793493E-003
  585.0000000000 7.63516917116278254E-003
  586.0000000000 7.62726369290074851E-003
  587.0000000000 7.61937456960476434E-003
  588.0000000000 7.61150175047467775E-003
  589.0000000000 7.60364518502788279E-003
  590.0000000000 7.59580482295684617E-003
  591.0000000000 7.58798061408883819E-003
  592.0000000000 7.58017250863183417E-003
  593.0000000000 7.57238045683689565E-003
  594.0000000000 7.56460440921988015E-003
  595.0000000000 7.55684608142440789E-003
  596.0000000000 7.54910185251746364E-003
  597.0000000000 7.54137348167510223E-003
  598.0000000000 7.53366092019932838E-003
  599.0000000000 7.52596411954721545E-003
  600.0000000000 7.51828303141654879E-003
  601.0000000000 7.51061760773393851E-003
  602.0000000000 7.50296780055223055E-003
  603.0000000000 7.49533356218942161E-003
  604.0000000000 7.48771484506094171E-003
  605.0000000000 7.48011160193984108E-003
  606.0000000000 7.47252378556645391E-003
