  2.000000000000   5.0000000000000000     
  3.000000000000   4.9999999999996660     
  4.000000000000   4.9999999993789999     
  5.000000000000   4.9999999431296311     
  6.000000000000   4.9999988445579255     
  7.000000000000   4.9999900703360121     
  8.000000000000   4.9999501606939543     
  9.000000000000   4.9998252132304195     
  10.00000000000   4.9995230694670836     
  11.00000000000   4.9989157198800473     
  12.00000000000   4.9978502189832525     
  13.00000000000   4.9961633975109567     
  14.00000000000   4.9936960066311702     
  15.00000000000   4.9903037162786541     
  16.00000000000   4.9858641339815195     
  17.00000000000   4.9802801453826628     
  18.00000000000   4.9734803997364052     
  19.00000000000   4.9654178671179086     
  20.00000000000   4.9560672777182422     
  21.00000000000   4.9454220573945058     
  22.00000000000   4.9334911764879434     
  23.00000000000   4.9202961657505906     
  24.00000000000   4.9058684330678872     
  25.00000000000   4.8902469338667158     
  26.00000000000   4.8734761983251573     
  27.00000000000   4.8556046909424646     
  28.00000000000   4.8366834652015882     
  29.00000000000   4.8167650722973407     
  30.00000000000   4.7959026842540098     
  31.00000000000   4.7741493956301904     
  32.00000000000   4.7515576728207778     
  33.00000000000   4.7281789248191224     
  34.00000000000   4.7040631737408169     
  35.00000000000   4.6792588115930451     
  36.00000000000   4.6538124044086135     
  37.00000000000   4.6277685883092410     
  38.00000000000   4.6011699767814189     
  39.00000000000   4.5740571209875149     
  40.00000000000   4.5464684973620368     
  41.00000000000   4.5184405197563544     
  42.00000000000   4.4900075713098850     
  43.00000000000   4.4612020519717559     
  44.00000000000   4.4320544382193461     
  45.00000000000   4.4025933520460763     
  46.00000000000   4.3728456367393669     
  47.00000000000   4.3428364373558024     
  48.00000000000   4.3125892841350923     
  49.00000000000   4.2821261773848525     
  50.00000000000   4.2514676726214322     
  51.00000000000   4.2206329649724443     
  52.00000000000   4.1896399720380639     
  53.00000000000   4.1585054145740106     
  54.00000000000   4.1272448945023505     
  55.00000000000   4.0958729650866692     
  56.00000000000   4.0644032208110579     
  57.00000000000   4.0328483395068044     
  58.00000000000   4.0012201635063178     
  59.00000000000   3.9695297566166206     
  60.00000000000   3.9377874614305846     
  61.00000000000   3.9060029530581364     
  62.00000000000   3.8741852893582633     
  63.00000000000   3.8423429577777997     
  64.00000000000   3.8104839189221122     
  65.00000000000   3.7786156469966432     
  66.00000000000   3.7467451672677905     
  67.00000000000   3.7148790906972842     
  68.00000000000   3.6830236459072809     
  69.00000000000   3.6511847086333500     
  70.00000000000   3.6193678288211846     
  71.00000000000   3.5875782555194409     
  72.00000000000   3.5558209597167316     
  73.00000000000   3.5241006552653475     
  74.00000000000   3.4924218180283688     
  75.00000000000   3.4607887033801568     
  76.00000000000   3.4292053621836471     
  77.00000000000   3.3976756553607892     
  78.00000000000   3.3662032671656954     
  79.00000000000   3.3347917172631378     
  80.00000000000   3.3034443717084221     
  81.00000000000   3.2721644529181200     
  82.00000000000   3.2409550487150387     
  83.00000000000   3.2098190899133936     
  84.00000000000   3.1787594764916509     
  85.00000000000   3.1477789114257675     
  86.00000000000   3.1168800186923242     
  87.00000000000   3.0860653215346368     
  88.00000000000   3.0553372473922984     
  89.00000000000   3.0246981323393305     
  90.00000000000   2.9941502250751864     
  91.00000000000   2.9636956905097875     
  92.00000000000   2.9333366129801002     
  93.00000000000   2.9030749991331444     
  94.00000000000   2.8729127805072086     
  95.00000000000   2.8428518158408274     
  96.00000000000   2.8128938931364074     
  97.00000000000   2.7830407315034744     
  98.00000000000   2.7532939828044016     
  99.00000000000   2.7236552331236155     
  100.0000000000   2.6941260040796964     
  101.0000000000   2.6647077539980843     
  102.0000000000   2.6354018789608089     
  103.0000000000   2.6062097137482061     
  104.0000000000   2.5771324986129045     
  105.0000000000   2.5481715130077109     
  106.0000000000   2.5193278817411695     
  107.0000000000   2.4906027021536987     
  108.0000000000   2.4619970138323621     
  109.0000000000   2.4335117991601640     
  110.0000000000   2.4051479838333609     
  111.0000000000   2.3769064373541804     
  112.0000000000   2.3487879735059725     
  113.0000000000   2.3207933508169702     
  114.0000000000   2.2929232730185607     
  115.0000000000   2.2651783895032889     
  116.0000000000   2.2375592957875412     
  117.0000000000   2.2100665339833965     
  118.0000000000   2.1827005932839088     
  119.0000000000   2.1554619104656503     
  120.0000000000   2.1283508704124321     
  121.0000000000   2.1013678066635189     
  122.0000000000   2.0745130019900211     
  123.0000000000   2.0477866890027387     
  124.0000000000   2.0211890507949519     
  125.0000000000   1.9947202216235347     
  126.0000000000   1.9683802876321783     
  127.0000000000   1.9421692876203958     
  128.0000000000   1.9160872138624709     
  129.0000000000   1.8901340138551834     
  130.0000000000   1.8643095990453054     
  131.0000000000   1.8386138205065610     
  132.0000000000   1.8130464944004583     
  133.0000000000   1.7876073954672567     
  134.0000000000   1.7622962582635537     
  135.0000000000   1.7371127784932776     
  136.0000000000   1.7120566144414440     
  137.0000000000   1.6871273885214642     
  138.0000000000   1.6623246889480141     
  139.0000000000   1.6376481216168957     
  140.0000000000   1.6130971300120622     
  141.0000000000   1.5886712473957392     
  142.0000000000   1.5643699456823397     
  143.0000000000   1.5401926734631637     
  144.0000000000   1.5161388587897440     
  145.0000000000   1.4922079622681945     
  146.0000000000   1.4683992956170968     
  147.0000000000   1.4447122829328478     
  148.0000000000   1.4211463043015620     
  149.0000000000   1.3977007378764252     
  150.0000000000   1.3743750093257336     
  151.0000000000   1.3511684317909043     
  152.0000000000   1.3280804437793021     
  153.0000000000   1.3051104705651189     
  154.0000000000   1.2822580008021198     
  155.0000000000   1.2595224640107765     
  156.0000000000   1.2369034229012899     
  157.0000000000   1.2144004682192313     
  158.0000000000   1.1920132875184621     
  159.0000000000   1.1697415625925043     
  160.0000000000   1.1475851442171621     
  161.0000000000   1.1255439882061307     
  162.0000000000   1.1036181101618210     
  163.0000000000   1.0818077237287329     
  164.0000000000   1.0601132023697208     
  165.0000000000   1.0385350510020888     
  166.0000000000   1.0170740250236698     
  167.0000000000  0.99573111001952075     
  168.0000000000  0.97450750821797039     
  169.0000000000  0.95340474676872144     
  170.0000000000  0.93242467141783081     
  171.0000000000  0.91156944740412671     
  172.0000000000  0.89084166678552856     
  173.0000000000  0.87024431552200010     
  174.0000000000  0.84978086401393860     
  175.0000000000  0.82945528339312524     
  176.0000000000  0.80927207249785971     
  177.0000000000  0.78923632453098147     
  178.0000000000  0.76935373734332790     
  179.0000000000  0.74963065923723882     
  180.0000000000  0.73007410994447097     
  181.0000000000  0.71069179402915994     
  182.0000000000  0.69149212187987885     
  183.0000000000  0.67248418330288295     
  184.0000000000  0.65367775684526119     
  185.0000000000  0.63508323451313897     
  186.0000000000  0.61671160741728759     
  187.0000000000  0.59857433363137957     
  188.0000000000  0.58068328992735951     
  189.0000000000  0.56305057971587580     
  190.0000000000  0.54568844576581821     
  191.0000000000  0.52860902436755364     
  192.0000000000  0.51182422270586114     
  193.0000000000  0.49534544740894404     
  194.0000000000  0.47918341220279270     
  195.0000000000  0.46334795794093342     
  196.0000000000  0.44784778127489666     
  197.0000000000  0.43269027373838220     
  198.0000000000  0.41788138533112873     
  199.0000000000  0.40342542792704261     
  200.0000000000  0.38932501332160241     
  201.0000000000  0.37558097425455639     
  202.0000000000  0.36219236999999183     
  203.0000000000  0.34915645729308986     
  204.0000000000  0.33646876875553655     
  205.0000000000  0.32412318372562998     
  206.0000000000  0.31211202934361371     
  207.0000000000  0.30042619993327957     
  208.0000000000  0.28905527576130874     
  209.0000000000  0.27798765724332464     
  210.0000000000  0.26721068434539141     
  211.0000000000  0.25671076256752645     
  212.0000000000  0.24647340551512276     
  213.0000000000  0.23648340061950579     
  214.0000000000  0.22672475686156313     
  215.0000000000  0.21718075297206640     
  216.0000000000  0.20783400727768386     
  217.0000000000  0.19866626023902878     
  218.0000000000  0.18965840382023202     
  219.0000000000  0.18079015339609295     
  220.0000000000  0.17203990979115513     
  221.0000000000  0.16338438716190895     
  222.0000000000  0.15479798970053249     
  223.0000000000  0.14625223405595023     
  224.0000000000  0.13771459773139760     
  225.0000000000  0.12914715487382300     
  226.0000000000  0.12050430175868576     
  227.0000000000  0.11172932119717172     
  228.0000000000  0.10274895408601026     
  229.0000000000  9.34639267784609373E-002
  230.0000000000  8.37315470619515168E-002
  231.0000000000  7.33302362255416895E-002
  232.0000000000  6.18757847014905771E-002
  233.0000000000  4.85730259848127233E-002
  234.0000000000  3.10553392848023080E-002
  235.0000000000  1.50361211126437411E-005
  236.0000000000  2.84890120383352041E-006
  237.0000000000  1.38832547236233950E-006
  238.0000000000  8.03265720605850220E-007
  239.0000000000  4.94619598612189293E-007
  240.0000000000  3.09664756059646606E-007
  241.0000000000  1.98779162019491196E-007
  242.0000000000  1.03609636425971985E-007
  243.0000000000  3.60887497663497925E-008
  244.0000000000 -1.36788003146648407E-008
  245.0000000000 -6.43194653093814850E-008
  246.0000000000 -9.10949893295764923E-008
  247.0000000000 -1.26310624182224274E-007
  248.0000000000 -1.45519152283668518E-007
  249.0000000000 -1.52504071593284607E-007
  250.0000000000 -1.72876752912998199E-007
  251.0000000000 -1.66473910212516785E-007
  252.0000000000 -1.68220140039920807E-007
  253.0000000000 -1.53668224811553955E-007
  254.0000000000 -1.51339918375015259E-007
  255.0000000000 -1.28056854009628296E-007
  256.0000000000 -1.46683305501937866E-007
  257.0000000000 -1.25728547573089600E-007
  258.0000000000 -1.16415321826934814E-007
  259.0000000000 -1.39698386192321777E-007
  260.0000000000 -1.00117176771163940E-007
  261.0000000000 -1.02445483207702637E-007
  262.0000000000 -6.05359673500061035E-008
  263.0000000000 -1.39698386192321777E-007
  264.0000000000 -8.38190317153930664E-008
  265.0000000000 -1.39698386192321777E-007
  266.0000000000  9.31322574615478516E-008
  267.0000000000  2.42143869400024414E-007
  268.0000000000 -5.58793544769287109E-008
  269.0000000000 -1.86264514923095703E-008
  270.0000000000   0.0000000000000000     
  271.0000000000 -1.30385160446166992E-007
  272.0000000000 -2.42143869400024414E-007
  273.0000000000 -1.86264514923095703E-008
  274.0000000000 -1.49011611938476563E-007
  275.0000000000  2.60770320892333984E-007
  276.0000000000 -9.77888703346252441E-008
  277.0000000000  4.65661287307739258E-008
  278.0000000000  5.58793544769287109E-008
  279.0000000000  3.72529029846191406E-008
  280.0000000000 -2.04890966415405273E-007
  281.0000000000 -1.02445483207702637E-007
  282.0000000000  1.02445483207702637E-007
  283.0000000000  1.86264514923095703E-007
  284.0000000000 -3.35276126861572266E-007
  285.0000000000  2.04890966415405273E-007
  286.0000000000  1.30385160446166992E-007
  287.0000000000  3.72529029846191406E-008
  288.0000000000 -1.67638063430786133E-007
  289.0000000000 -1.11758708953857422E-007
  290.0000000000 -3.72529029846191406E-007
  291.0000000000   0.0000000000000000     
  292.0000000000  2.32830643653869629E-007
  293.0000000000  6.98491930961608887E-008
  294.0000000000 -9.31322574615478516E-008
  295.0000000000 -2.23517417907714844E-007
  296.0000000000  1.49011611938476563E-007
  297.0000000000 -1.86264514923095703E-007
  298.0000000000 -2.04890966415405273E-007
  299.0000000000  3.72529029846191406E-008
  300.0000000000   0.0000000000000000     
  301.0000000000  1.02445483207702637E-007
  302.0000000000  7.45058059692382813E-008
  303.0000000000  1.02445483207702637E-007
  304.0000000000  9.31322574615478516E-008
  305.0000000000  3.35276126861572266E-007
  306.0000000000  5.58793544769287109E-008
  307.0000000000 -1.11758708953857422E-007
  308.0000000000 -2.42143869400024414E-007
  309.0000000000  1.11758708953857422E-007
  310.0000000000 -1.11758708953857422E-007
  311.0000000000 -1.49011611938476563E-007
  312.0000000000  1.30385160446166992E-007
  313.0000000000 -9.31322574615478516E-008
  314.0000000000  2.79396772384643555E-008
  315.0000000000  2.79396772384643555E-007
  316.0000000000 -7.45058059692382813E-008
  317.0000000000 -2.14204192161560059E-007
  318.0000000000 -2.79396772384643555E-007
  319.0000000000  2.60770320892333984E-007
  320.0000000000 -3.35276126861572266E-007
  321.0000000000  2.79396772384643555E-008
  322.0000000000 -9.31322574615478516E-008
  323.0000000000 -1.07102096080780029E-007
  324.0000000000 -1.58324837684631348E-007
  325.0000000000 -3.72529029846191406E-008
  326.0000000000 -7.45058059692382813E-008
  327.0000000000   0.0000000000000000     
  328.0000000000  1.58324837684631348E-007
  329.0000000000  2.79396772384643555E-008
  330.0000000000  1.49011611938476563E-007
  331.0000000000  1.86264514923095703E-008
  332.0000000000 -1.49011611938476563E-007
  333.0000000000  1.86264514923095703E-007
  334.0000000000 -1.49011611938476563E-007
  335.0000000000  3.72529029846191406E-008
  336.0000000000  1.30385160446166992E-007
  337.0000000000 -1.67638063430786133E-007
  338.0000000000 -1.49011611938476563E-007
  339.0000000000 -2.23517417907714844E-007
  340.0000000000 -1.30385160446166992E-007
  341.0000000000  1.49011611938476563E-007
  342.0000000000  3.72529029846191406E-008
  343.0000000000  1.58324837684631348E-007
  344.0000000000  4.09781932830810547E-007
  345.0000000000  1.49011611938476563E-007
  346.0000000000 -5.58793544769287109E-008
  347.0000000000  2.23517417907714844E-007
  348.0000000000 -5.58793544769287109E-008
  349.0000000000  4.84287738800048828E-007
  350.0000000000 -3.53902578353881836E-007
  351.0000000000  2.04890966415405273E-007
  352.0000000000  2.23517417907714844E-007
  353.0000000000  2.04890966415405273E-007
  354.0000000000 -1.49011611938476563E-007
  355.0000000000 -2.23517417907714844E-007
  356.0000000000  7.45058059692382813E-008
  357.0000000000  2.60770320892333984E-007
  358.0000000000  5.58793544769287109E-008
  359.0000000000 -2.98023223876953125E-007
  360.0000000000 -1.11758708953857422E-007
  361.0000000000 -7.45058059692382813E-008
  362.0000000000 -9.31322574615478516E-009
  363.0000000000 -1.49011611938476563E-007
  364.0000000000  1.86264514923095703E-008
  365.0000000000 -2.04890966415405273E-007
  366.0000000000  1.11758708953857422E-007
  367.0000000000  2.23517417907714844E-007
  368.0000000000  4.47034835815429688E-007
  369.0000000000 -2.23517417907714844E-007
  370.0000000000  1.67638063430786133E-007
  371.0000000000 -2.04890966415405273E-007
  372.0000000000 -1.86264514923095703E-007
  373.0000000000 -7.45058059692382813E-008
  374.0000000000 -3.72529029846191406E-008
  375.0000000000  9.31322574615478516E-008
  376.0000000000   0.0000000000000000     
  377.0000000000 -7.45058059692382813E-008
  378.0000000000 -1.86264514923095703E-007
  379.0000000000 -1.86264514923095703E-007
  380.0000000000 -2.60770320892333984E-007
  381.0000000000 -5.58793544769287109E-007
  382.0000000000  2.70083546638488770E-007
  383.0000000000 -1.67638063430786133E-007
  384.0000000000  4.28408384323120117E-007
  385.0000000000  4.56348061561584473E-007
  386.0000000000 -2.04890966415405273E-007
  387.0000000000  2.42143869400024414E-007
  388.0000000000 -7.45058059692382813E-008
  389.0000000000  7.45058059692382813E-008
  390.0000000000 -9.31322574615478516E-008
  391.0000000000 -1.86264514923095703E-008
  392.0000000000 -9.31322574615478516E-008
  393.0000000000   0.0000000000000000     
  394.0000000000 -1.02445483207702637E-007
  395.0000000000  1.11758708953857422E-007
  396.0000000000 -1.49011611938476563E-007
  397.0000000000  2.23517417907714844E-007
  398.0000000000  1.30385160446166992E-007
  399.0000000000 -7.45058059692382813E-008
  400.0000000000 -1.11758708953857422E-007
  401.0000000000   0.0000000000000000     
  402.0000000000   0.0000000000000000     
  403.0000000000 -1.49011611938476563E-007
  404.0000000000  2.79396772384643555E-007
  405.0000000000 -5.58793544769287109E-008
  406.0000000000   0.0000000000000000     
  407.0000000000 -1.86264514923095703E-007
  408.0000000000 -4.09781932830810547E-007
  409.0000000000  1.11758708953857422E-007
  410.0000000000   0.0000000000000000     
  411.0000000000  3.35276126861572266E-007
  412.0000000000 -2.98023223876953125E-007
  413.0000000000 -4.09781932830810547E-007
  414.0000000000  1.30385160446166992E-007
  415.0000000000 -9.31322574615478516E-008
  416.0000000000 -2.98023223876953125E-007
  417.0000000000  3.72529029846191406E-007
  418.0000000000  1.30385160446166992E-007
  419.0000000000 -2.79396772384643555E-007
  420.0000000000 -1.86264514923095703E-007
  421.0000000000  1.49011611938476563E-007
  422.0000000000  5.96046447753906250E-007
  423.0000000000 -4.84287738800048828E-007
  424.0000000000 -7.45058059692382813E-008
  425.0000000000  3.72529029846191406E-008
  426.0000000000 -1.49011611938476563E-007
  427.0000000000 -2.23517417907714844E-007
  428.0000000000  2.98023223876953125E-007
  429.0000000000 -1.49011611938476563E-007
  430.0000000000  3.72529029846191406E-008
  431.0000000000 -2.23517417907714844E-007
  432.0000000000 -1.11758708953857422E-007
  433.0000000000 -1.30385160446166992E-007
  434.0000000000  4.09781932830810547E-007
  435.0000000000  1.86264514923095703E-008
  436.0000000000 -5.21540641784667969E-007
  437.0000000000 -1.11758708953857422E-007
  438.0000000000 -9.31322574615478516E-008
  439.0000000000  2.98023223876953125E-007
  440.0000000000  5.21540641784667969E-007
  441.0000000000 -2.60770320892333984E-007
  442.0000000000  1.86264514923095703E-007
  443.0000000000 -2.60770320892333984E-007
  444.0000000000  3.72529029846191406E-007
  445.0000000000 -5.02914190292358398E-007
  446.0000000000  5.58793544769287109E-007
  447.0000000000 -2.23517417907714844E-007
  448.0000000000 -7.45058059692382813E-008
  449.0000000000 -2.23517417907714844E-007
  450.0000000000   0.0000000000000000     
  451.0000000000 -1.49011611938476563E-007
  452.0000000000  3.72529029846191406E-007
  453.0000000000 -1.11758708953857422E-007
  454.0000000000  7.45058059692382813E-008
  455.0000000000  3.72529029846191406E-007
  456.0000000000  1.11758708953857422E-007
  457.0000000000 -4.47034835815429688E-007
  458.0000000000  1.11758708953857422E-007
  459.0000000000  1.86264514923095703E-007
  460.0000000000   0.0000000000000000     
  461.0000000000   0.0000000000000000     
  462.0000000000  1.86264514923095703E-007
  463.0000000000  1.11758708953857422E-007
  464.0000000000  1.11758708953857422E-007
  465.0000000000  4.28408384323120117E-007
  466.0000000000 -1.86264514923095703E-007
  467.0000000000   0.0000000000000000     
  468.0000000000  2.60770320892333984E-007
  469.0000000000  2.98023223876953125E-007
  470.0000000000 -2.79396772384643555E-007
  471.0000000000 -5.96046447753906250E-007
  472.0000000000  3.35276126861572266E-007
  473.0000000000 -1.30385160446166992E-007
  474.0000000000  7.45058059692382813E-008
  475.0000000000 -7.45058059692382813E-008
  476.0000000000  5.96046447753906250E-007
  477.0000000000 -2.23517417907714844E-007
  478.0000000000  1.67638063430786133E-007
  479.0000000000  2.23517417907714844E-007
  480.0000000000  5.58793544769287109E-008
  481.0000000000  1.49011611938476563E-007
  482.0000000000  2.60770320892333984E-007
  483.0000000000  2.79396772384643555E-007
  484.0000000000 -7.45058059692382813E-008
  485.0000000000  7.45058059692382813E-008
  486.0000000000 -2.60770320892333984E-007
  487.0000000000 -1.11758708953857422E-007
  488.0000000000  2.04890966415405273E-007
  489.0000000000 -2.32830643653869629E-007
  490.0000000000 -8.56816768646240234E-007
  491.0000000000  9.31322574615478516E-008
  492.0000000000  2.23517417907714844E-007
  493.0000000000 -2.23517417907714844E-007
  494.0000000000 -1.30385160446166992E-007
  495.0000000000 -2.42143869400024414E-007
  496.0000000000 -1.30385160446166992E-007
  497.0000000000 -3.72529029846191406E-007
  498.0000000000  1.11758708953857422E-007
  499.0000000000 -4.47034835815429688E-007
  500.0000000000  1.49011611938476563E-007
  501.0000000000  3.35276126861572266E-007
  502.0000000000  4.09781932830810547E-007
  503.0000000000  1.86264514923095703E-007
  504.0000000000 -4.09781932830810547E-007
  505.0000000000  5.58793544769287109E-008
  506.0000000000   0.0000000000000000     
  507.0000000000   0.0000000000000000     
  508.0000000000   0.0000000000000000     
  509.0000000000  5.96046447753906250E-007
  510.0000000000 -9.31322574615478516E-008
  511.0000000000  2.23517417907714844E-007
  512.0000000000 -3.16649675369262695E-007
  513.0000000000 -2.23517417907714844E-007
  514.0000000000 -2.98023223876953125E-007
  515.0000000000  5.58793544769287109E-008
  516.0000000000 -2.23517417907714844E-007
  517.0000000000  1.49011611938476563E-007
  518.0000000000  2.42143869400024414E-007
  519.0000000000  6.33299350738525391E-007
  520.0000000000  2.42143869400024414E-007
  521.0000000000  6.70552253723144531E-007
  522.0000000000  3.72529029846191406E-008
  523.0000000000  2.23517417907714844E-007
  524.0000000000  3.72529029846191406E-007
  525.0000000000 -3.72529029846191406E-007
  526.0000000000  3.35276126861572266E-007
  527.0000000000  1.49011611938476563E-007
  528.0000000000 -7.45058059692382813E-008
  529.0000000000  1.86264514923095703E-007
  530.0000000000  4.47034835815429688E-007
  531.0000000000 -3.53902578353881836E-007
  532.0000000000  6.70552253723144531E-007
  533.0000000000 -2.42143869400024414E-007
  534.0000000000  4.84287738800048828E-007
  535.0000000000 -3.72529029846191406E-008
  536.0000000000 -3.16649675369262695E-007
  537.0000000000  3.72529029846191406E-008
  538.0000000000  1.11758708953857422E-007
  539.0000000000   0.0000000000000000     
  540.0000000000 -1.49011611938476563E-007
  541.0000000000  1.49011611938476563E-007
  542.0000000000  4.47034835815429688E-007
  543.0000000000  3.35276126861572266E-007
  544.0000000000 -2.79396772384643555E-007
  545.0000000000  1.86264514923095703E-008
  546.0000000000 -5.02914190292358398E-007
  547.0000000000 -2.42143869400024414E-007
  548.0000000000   0.0000000000000000     
  549.0000000000  1.49011611938476563E-007
  550.0000000000  1.86264514923095703E-007
  551.0000000000 -4.65661287307739258E-007
  552.0000000000 -3.72529029846191406E-008
  553.0000000000  1.86264514923095703E-007
  554.0000000000  2.60770320892333984E-007
  555.0000000000  2.60770320892333984E-007
  556.0000000000  4.09781932830810547E-007
  557.0000000000 -1.86264514923095703E-008
  558.0000000000 -3.72529029846191406E-008
  559.0000000000 -1.11758708953857422E-007
  560.0000000000 -1.11758708953857422E-007
  561.0000000000 -7.45058059692382813E-008
  562.0000000000 -2.60770320892333984E-007
  563.0000000000 -1.86264514923095703E-007
  564.0000000000 -9.31322574615478516E-008
  565.0000000000 -2.04890966415405273E-007
  566.0000000000  5.58793544769287109E-008
  567.0000000000  5.21540641784667969E-007
  568.0000000000 -3.72529029846191406E-008
  569.0000000000   0.0000000000000000     
  570.0000000000  2.23517417907714844E-007
  571.0000000000  1.49011611938476563E-007
  572.0000000000  2.60770320892333984E-007
  573.0000000000   0.0000000000000000     
  574.0000000000 -1.86264514923095703E-007
  575.0000000000  1.86264514923095703E-007
  576.0000000000  1.11758708953857422E-007
  577.0000000000  5.21540641784667969E-007
  578.0000000000 -3.72529029846191406E-007
  579.0000000000 -7.82310962677001953E-007
  580.0000000000 -6.33299350738525391E-007
  581.0000000000  5.40167093276977539E-007
  582.0000000000  2.23517417907714844E-007
  583.0000000000 -2.42143869400024414E-007
  584.0000000000  3.16649675369262695E-007
  585.0000000000  2.79396772384643555E-007
  586.0000000000 -3.35276126861572266E-007
  587.0000000000  2.79396772384643555E-007
  588.0000000000 -1.49011611938476563E-007
  589.0000000000 -1.86264514923095703E-007
  590.0000000000 -4.47034835815429688E-007
  591.0000000000 -3.72529029846191406E-008
  592.0000000000  3.72529029846191406E-008
  593.0000000000 -3.16649675369262695E-007
  594.0000000000  3.72529029846191406E-007
  595.0000000000 -2.23517417907714844E-007
  596.0000000000  2.23517417907714844E-007
  597.0000000000  6.33299350738525391E-007
  598.0000000000 -5.77419996261596680E-007
  599.0000000000  5.96046447753906250E-007
  600.0000000000 -1.11758708953857422E-007
  601.0000000000  7.45058059692382813E-008
  602.0000000000 -1.11758708953857422E-007
  603.0000000000 -2.98023223876953125E-007
  604.0000000000 -7.45058059692382813E-007
  605.0000000000  6.14672899246215820E-007
  606.0000000000 -2.60770320892333984E-007
  607.0000000000  2.23517417907714844E-007
  608.0000000000 -1.86264514923095703E-007
  609.0000000000 -1.49011611938476563E-007
  610.0000000000  1.11758708953857422E-007
  611.0000000000 -3.35276126861572266E-007
  612.0000000000 -3.72529029846191406E-007
  613.0000000000  3.72529029846191406E-008
  614.0000000000   0.0000000000000000     
  615.0000000000 -1.11758708953857422E-007
  616.0000000000  7.45058059692382813E-008
  617.0000000000 -2.23517417907714844E-007
  618.0000000000 -1.49011611938476563E-007
  619.0000000000  1.86264514923095703E-007
  620.0000000000  1.11758708953857422E-007
  621.0000000000  1.11758708953857422E-007
