  2.000000000000   3.4999999999999929     
  3.000000000000   3.4999999994925197     
  4.000000000000   3.4999998592838590     
  5.000000000000   3.4999958875594048     
  6.000000000000   3.4999609808583596     
  7.000000000000   3.4998053376976124     
  8.000000000000   3.4993501112814496     
  9.000000000000   3.4983398265776673     
  10.00000000000   3.4964830339149104     
  11.00000000000   3.4934967063621469     
  12.00000000000   3.4891385118313911     
  13.00000000000   3.4832231110032001     
  14.00000000000   3.4756254492419871     
  15.00000000000   3.4662758920364012     
  16.00000000000   3.4551514252715201     
  17.00000000000   3.4422657949098632     
  18.00000000000   3.4276602240459066     
  19.00000000000   3.4113954652811449     
  20.00000000000   3.3935454036928157     
  21.00000000000   3.3741921343652175     
  22.00000000000   3.3534223064693434     
  23.00000000000   3.3313244871910261     
  24.00000000000   3.3079873089649947     
  25.00000000000   3.2834981957194080     
  26.00000000000   3.2579425030192302     
  27.00000000000   3.2314029451787132     
  28.00000000000   3.2039592159026253     
  29.00000000000   3.1756877364761356     
  30.00000000000   3.1466614872063339     
  31.00000000000   3.1169498931741595     
  32.00000000000   3.0866187478578393     
  33.00000000000   3.0557301648136654     
  34.00000000000   3.0243425530889021     
  35.00000000000   2.9925106145658575     
  36.00000000000   2.9602853627249539     
  37.00000000000   2.9277141626059162     
  38.00000000000   2.8948407914666898     
  39.00000000000   2.8617055190513994     
  40.00000000000   2.8283452059690415     
  41.00000000000   2.7947934174838669     
  42.00000000000   2.7610805506233920     
  43.00000000000   2.7272339712438147     
  44.00000000000   2.6932781581968266     
  45.00000000000   2.6592348515762136     
  46.00000000000   2.6251232025008080     
  47.00000000000   2.5909599214151489     
  48.00000000000   2.5567594234411231     
  49.00000000000   2.5225339684619659     
  50.00000000000   2.4882937949396791     
  51.00000000000   2.4540472458174354     
  52.00000000000   2.4198008864108678     
  53.00000000000   2.3855596135285215     
  54.00000000000   2.3513267552647514     
  55.00000000000   2.3171041619829844     
  56.00000000000   2.2828922883577043     
  57.00000000000   2.2486902662759611     
  58.00000000000   2.2144959697263591     
  59.00000000000   2.1803060710519819     
  60.00000000000   2.1461160896208984     
  61.00000000000   2.1119204330966177     
  62.00000000000   2.0777124311143780     
  63.00000000000   2.0434843626985160     
  64.00000000000   2.0092274767169505     
  65.00000000000   1.9749320061716205     
  66.00000000000   1.9405871767988061     
  67.00000000000   1.9061812097126110     
  68.00000000000   1.8717013187316156     
  69.00000000000   1.8371337030465325     
  70.00000000000   1.8024635350893559     
  71.00000000000   1.7676749447625044     
  72.00000000000   1.7327510006928155     
  73.00000000000   1.6976736897607467     
  74.00000000000   1.6624238965934401     
  75.00000000000   1.6269813853765402     
  76.00000000000   1.5913247872670491     
  77.00000000000   1.5554315979296036     
  78.00000000000   1.5192781918063747     
  79.00000000000   1.4828398612446314     
  80.00000000000   1.4460908937204877     
  81.00000000000   1.4090047029782053     
  82.00000000000   1.3715540380323903     
  83.00000000000   1.3337113018229878     
  84.00000000000   1.2954490235144904     
  85.00000000000   1.2567405447141651     
  86.00000000000   1.2175610005928950     
  87.00000000000   1.1778887052995786     
  88.00000000000   1.1377070847035409     
  89.00000000000   1.0970073393823270     
  90.00000000000   1.0557920608616396     
  91.00000000000   1.0140800508429555     
  92.00000000000  0.97191258014684967     
  93.00000000000  0.92936122166854740     
  94.00000000000  0.88653711542668567     
  95.00000000000  0.84360097198965811     
  96.00000000000  0.80077220083765210     
  97.00000000000  0.75833431151810959     
  98.00000000000  0.71663257070506736     
  99.00000000000  0.67605971449910673     
  100.0000000000  0.63702752116379679     
  101.0000000000  0.59992675855895494     
  102.0000000000  0.56508389052433605     
  103.0000000000  0.53272631419479521     
  104.0000000000  0.50296571801839685     
  105.0000000000  0.47580216538591680     
  106.0000000000  0.45114411647880159     
  107.0000000000  0.42883591911586583     
  108.0000000000  0.40868502228473813     
  109.0000000000  0.39048425807417131     
  110.0000000000  0.37402766640398932     
  111.0000000000  0.35912035624851923     
  112.0000000000  0.34558374806408060     
  113.0000000000  0.33325763994957547     
  114.0000000000  0.32200029254227980     
  115.0000000000  0.31168739841085941     
  116.0000000000  0.30221050817223116     
  117.0000000000  0.29347526678607178     
  118.0000000000  0.28539966122514704     
  119.0000000000  0.27791238559116427     
  120.0000000000  0.27095137057075358     
  121.0000000000  0.26446249004923217     
  122.0000000000  0.25839843985944055     
  123.0000000000  0.25271777476818741     
  124.0000000000  0.24738408544836443     
  125.0000000000  0.24236529761187697     
  126.0000000000  0.23763307604062592     
  127.0000000000  0.23316231755766670     
  128.0000000000  0.22893071983517216     
  129.0000000000  0.22491841405665147     
  130.0000000000  0.22110765113429379     
  131.0000000000  0.21748253374866011     
  132.0000000000  0.21402878637639128     
  133.0000000000  0.21073355783240111     
  134.0000000000  0.20758525116044180     
  135.0000000000  0.20457337673030856     
  136.0000000000  0.20168842504675219     
  137.0000000000  0.19892175633865472     
  138.0000000000  0.19626550446732771     
  139.0000000000  0.19371249308367361     
  140.0000000000  0.19125616228856374     
  141.0000000000  0.18889050432272309     
  142.0000000000  0.18661000701294256     
  143.0000000000  0.18440960406408807     
  144.0000000000  0.18228463093124386     
  145.0000000000  0.18023078595976880     
  146.0000000000  0.17824409592373727     
  147.0000000000  0.17632088519488787     
  148.0000000000  0.17445774846271245     
  149.0000000000  0.17265152640597289     
  150.0000000000  0.17089928370457333     
  151.0000000000  0.16919828966611292     
  152.0000000000  0.16754600049726884     
  153.0000000000  0.16594004369114224     
  154.0000000000  0.16437820363861974     
  155.0000000000  0.16285840896636966     
  156.0000000000  0.16137872077134011     
  157.0000000000  0.15993732229289159     
  158.0000000000  0.15853250922106496     
  159.0000000000  0.15716268120873009     
  160.0000000000  0.15582633393667142     
  161.0000000000  0.15452205190507221     
  162.0000000000  0.15324850202253612     
  163.0000000000  0.15200442757955013     
  164.0000000000  0.15078864274936654     
  165.0000000000  0.14960002770609873     
  166.0000000000  0.14843752398988769     
  167.0000000000  0.14730013025994923     
  168.0000000000  0.14618689854160272     
  169.0000000000  0.14509693061948564     
  170.0000000000  0.14402937471842464     
  171.0000000000  0.14298342259601246     
  172.0000000000  0.14195830670359599     
  173.0000000000  0.14095329756180930     
  174.0000000000  0.13996770149590798     
  175.0000000000  0.13900085835590897     
  176.0000000000  0.13805213951371514     
  177.0000000000  0.13712094590106960     
  178.0000000000  0.13620670636007123     
  179.0000000000  0.13530887593603058     
  180.0000000000  0.13442693437778971     
  181.0000000000  0.13356038473894657     
  182.0000000000  0.13270875199857926     
  183.0000000000  0.13187158192837398     
  184.0000000000  0.13104843988040910     
  185.0000000000  0.13023890974942545     
  186.0000000000  0.12944259290614057     
  187.0000000000  0.12865910736269962     
  188.0000000000  0.12788808682641253     
  189.0000000000  0.12712917989691358     
  190.0000000000  0.12638204929644850     
  191.0000000000  0.12564637116226215     
  192.0000000000  0.12492183430972170     
  193.0000000000  0.12420813968684506     
  194.0000000000  0.12350499971312795     
  195.0000000000  0.12281213773304510     
  196.0000000000  0.12212928748599161     
  197.0000000000  0.12145619262143834     
  198.0000000000  0.12079260617122271     
  199.0000000000  0.12013829019459094     
  200.0000000000  0.11949301529958811     
  201.0000000000  0.11885656026357068     
  202.0000000000  0.11822871166043815     
  203.0000000000  0.11760926350797359     
  204.0000000000  0.11699801694822172     
  205.0000000000  0.11639477987723656     
  206.0000000000  0.11579936673082185     
  207.0000000000  0.11521159814444043     
  208.0000000000  0.11463130070018715     
  209.0000000000  0.11405830667286124     
  210.0000000000  0.11349245378925200     
  211.0000000000  0.11293358499954614     
  212.0000000000  0.11238154827333276     
  213.0000000000  0.11183619634133961     
  214.0000000000  0.11129738657935498     
  215.0000000000  0.11076498076812941     
  216.0000000000  0.11023884492987614     
  217.0000000000  0.10971884916008269     
  218.0000000000  0.10920486746694445     
  219.0000000000  0.10869677761896607     
  220.0000000000  0.10819446099953789     
  221.0000000000  0.10769780248022739     
  222.0000000000  0.10720669023886079     
  223.0000000000  0.10672101570966662     
  224.0000000000  0.10624067341129263     
  225.0000000000  0.10576556084382548     
  226.0000000000  0.10529557838535425     
  227.0000000000  0.10483062917434327     
  228.0000000000  0.10437061902320260     
  229.0000000000  0.10391545631461882     
  230.0000000000  0.10346505191284779     
  231.0000000000  0.10301931908714600     
  232.0000000000  0.10257817337922324     
  233.0000000000  0.10214153259786903     
  234.0000000000  0.10170931669153842     
  235.0000000000  0.10128144768748411     
  236.0000000000  0.10085784962105615     
  237.0000000000  0.10043844846852752     
  238.0000000000  0.10002317208182968     
  239.0000000000  9.96119501265281121E-002
  240.0000000000  9.92047140223401430E-002
  241.0000000000  9.88013968853642260E-002
  242.0000000000  9.84019334736872531E-002
  243.0000000000  9.80062601342163164E-002
  244.0000000000  9.76143147633183883E-002
  245.0000000000  9.72260367122591285E-002
  246.0000000000  9.68413668101046760E-002
  247.0000000000  9.64602472713881887E-002
  248.0000000000  9.60826216650097764E-002
  249.0000000000  9.57084348722561373E-002
  250.0000000000  9.53376330468564820E-002
  251.0000000000  9.49701635763306740E-002
  252.0000000000  9.46059750449672471E-002
  253.0000000000  9.42450171976812467E-002
  254.0000000000  9.38872409059505891E-002
  255.0000000000  9.35325981343150537E-002
  256.0000000000  9.31810419084267982E-002
  257.0000000000  9.28325262843168880E-002
  258.0000000000  9.24870063183993035E-002
  259.0000000000  9.21444380495949206E-002
  260.0000000000  9.18047784284815038E-002
  261.0000000000  9.14679853559217798E-002
  262.0000000000  9.11340176133396268E-002
  263.0000000000  9.08028348488292975E-002
  264.0000000000  9.04743975530370725E-002
  265.0000000000  9.01486670361234532E-002
  266.0000000000  8.98256054052789937E-002
  267.0000000000  8.95051755430085333E-002
  268.0000000000  8.91873410862056015E-002
  269.0000000000  8.88720664059137189E-002
  270.0000000000  8.85593165876865512E-002
  271.0000000000  8.82490574127947902E-002
  272.0000000000  8.79412553397540681E-002
  273.0000000000  8.76358774866251716E-002
  274.0000000000  8.73328916140674316E-002
  275.0000000000  8.70322661084248078E-002
  276.0000000000  8.67339699659736424E-002
  277.0000000000  8.64379727871760067E-002
  278.0000000000  8.61442447209455897E-002
  279.0000000000  8.58527565121147140E-002
  280.0000000000  8.55634794451173020E-002
  281.0000000000  8.52763853413050221E-002
  282.0000000000  8.49914465454099377E-002
  283.0000000000  8.47086359127501437E-002
  284.0000000000  8.44279267967726066E-002
  285.0000000000  8.41492930367965936E-002
  286.0000000000  8.38727089465573783E-002
  287.0000000000  8.35981493025407391E-002
  288.0000000000  8.33255893330689251E-002
  289.0000000000  8.30550047077239645E-002
  290.0000000000  8.27863715265132749E-002
  291.0000000000  8.25196663101975952E-002
  292.0000000000  8.22548659902817419E-002
  293.0000000000  8.19919478996374157E-002
  294.0000000000  8.17308897629718534E-002
  295.0000000000  8.14716696881043617E-002
  296.0000000000  8.12142661572353292E-002
  297.0000000000  8.09586580182028448E-002
  298.0000000000  8.07048244765869033E-002
  299.0000000000  8.04527450873834399E-002
  300.0000000000  8.02023997568517277E-002
  301.0000000000  7.99537686969587769E-002
  302.0000000000  7.97068324752766427E-002
  303.0000000000  7.94615719693883421E-002
  304.0000000000  7.92179683694278491E-002
  305.0000000000  7.89760031716321420E-002
  306.0000000000  7.87356581714584725E-002
  307.0000000000  7.84969154571930616E-002
  308.0000000000  7.82597574040120314E-002
  309.0000000000  7.80241666673252565E-002
  310.0000000000  7.77901261776421798E-002
  311.0000000000  7.75576191338978593E-002
  312.0000000000  7.73266289985367200E-002
  313.0000000000  7.70971394918438385E-002
  314.0000000000  7.68691345864502829E-002
  315.0000000000  7.66425985022557016E-002
  316.0000000000  7.64175157015339612E-002
  317.0000000000  7.61938708836511630E-002
  318.0000000000  7.59716489806405160E-002
  319.0000000000  7.57508351522814399E-002
  320.0000000000  7.55314147814972608E-002
  321.0000000000  7.53133734700572460E-002
  322.0000000000  7.50966970343310419E-002
  323.0000000000  7.48813715006542147E-002
  324.0000000000  7.46673831015830652E-002
  325.0000000000  7.44547182716931016E-002
  326.0000000000  7.42433636437521555E-002
  327.0000000000  7.40333060446992514E-002
  328.0000000000  7.38245324921926044E-002
  329.0000000000  7.36170301991299347E-002
  330.0000000000  7.34107865360043021E-002
  331.0000000000  7.32057890792939953E-002
  332.0000000000  7.30020255730355477E-002
  333.0000000000  7.27994839345132982E-002
  334.0000000000  7.25981522507563037E-002
  335.0000000000  7.23980187758075100E-002
  336.0000000000  7.21990719270379638E-002
  337.0000000000  7.20013002825949239E-002
  338.0000000000  7.18046925783245443E-002
  339.0000000000  7.16092377048311024E-002
  340.0000000000  7.14149247047081298E-002
  341.0000000000  7.12217427697430239E-002
  342.0000000000  7.10296812382832099E-002
  343.0000000000  7.08387295925620164E-002
  344.0000000000  7.06488774561552513E-002
  345.0000000000  7.04601145915084714E-002
  346.0000000000  7.02724308973954881E-002
  347.0000000000  7.00858164065112921E-002
  348.0000000000  6.99002612831958470E-002
  349.0000000000  6.97157558212070649E-002
  350.0000000000  6.95322904411902198E-002
  351.0000000000  6.93498556887757467E-002
  352.0000000000  6.91684422322318831E-002
  353.0000000000  6.89880408604942597E-002
  354.0000000000  6.88086424810671615E-002
  355.0000000000  6.86302381178562765E-002
  356.0000000000  6.84528189094409656E-002
  357.0000000000  6.82763761071187997E-002
  358.0000000000  6.81009010726845165E-002
  359.0000000000  6.79263852769082382E-002
  360.0000000000  6.77528202977392552E-002
  361.0000000000  6.75801978182571234E-002
  362.0000000000  6.74085096252817761E-002
  363.0000000000  6.72377476072889418E-002
  364.0000000000  6.70679037530664407E-002
  365.0000000000  6.68989701499179135E-002
  366.0000000000  6.67309389900312827E-002
  367.0000000000  6.65638025370959702E-002
  368.0000000000  6.63975531725837925E-002
  369.0000000000  6.62321833623669143E-002
  370.0000000000  6.60676856632380627E-002
  371.0000000000  6.59040527212797073E-002
  372.0000000000  6.57412772705764786E-002
  373.0000000000  6.55793521319591177E-002
  374.0000000000  6.54182702114438491E-002
  375.0000000000  6.52580244988956309E-002
  376.0000000000  6.50986080668955469E-002
  377.0000000000  6.49400140693212752E-002
  378.0000000000  6.47822357401151849E-002
  379.0000000000  6.46252663921579595E-002
  380.0000000000  6.44690994157431502E-002
  381.0000000000  6.43137282777816871E-002
  382.0000000000  6.41591465204076616E-002
  383.0000000000  6.40053477598885312E-002
  384.0000000000  6.38523256854926363E-002
  385.0000000000  6.37000740584863917E-002
  386.0000000000  6.35485867108292191E-002
  387.0000000000  6.33978575444008874E-002
  388.0000000000  6.32478805296876612E-002
  389.0000000000  6.30986497050961131E-002
  390.0000000000  6.29501591755085577E-002
  391.0000000000  6.28024031117745407E-002
  392.0000000000  6.26553757494139885E-002
  393.0000000000  6.25090713875947196E-002
  394.0000000000  6.23634843887616447E-002
  395.0000000000  6.22186091770043845E-002
  396.0000000000  6.20744402376911114E-002
  397.0000000000  6.19309721163961782E-002
  398.0000000000  6.17881994180762423E-002
  399.0000000000  6.16461168059197623E-002
  400.0000000000  6.15047190010976630E-002
  401.0000000000  6.13640007815432348E-002
  402.0000000000  6.12239569812218429E-002
  403.0000000000  6.10845824892371006E-002
  404.0000000000  6.09458722493338781E-002
  405.0000000000  6.08078212589530376E-002
  406.0000000000  6.06704245683703097E-002
  407.0000000000  6.05336772803510906E-002
  408.0000000000  6.03975745488603347E-002
  409.0000000000  6.02621115789855125E-002
  410.0000000000  6.01272836256219884E-002
  411.0000000000  5.99930859933635735E-002
  412.0000000000  5.98595140352195312E-002
  413.0000000000  5.97265631525229213E-002
  414.0000000000  5.95942287939763837E-002
  415.0000000000  5.94625064551426788E-002
  416.0000000000  5.93313916847460973E-002
  417.0000000000  5.92008800553869285E-002
  418.0000000000  5.90709672066634106E-002
  419.0000000000  5.89416488148805165E-002
  420.0000000000  5.88129206002407992E-002
  421.0000000000  5.86847783261346678E-002
  422.0000000000  5.85572177983513034E-002
  423.0000000000  5.84302348649508030E-002
  424.0000000000  5.83038254154058661E-002
  425.0000000000  5.81779853799199026E-002
  426.0000000000  5.80527107295015360E-002
  427.0000000000  5.79279974746614579E-002
  428.0000000000  5.78038416653263373E-002
  429.0000000000  5.76802393906266364E-002
  430.0000000000  5.75571867776156140E-002
  431.0000000000  5.74346799915295553E-002
  432.0000000000  5.73127152347375490E-002
  433.0000000000  5.71912887466752423E-002
  434.0000000000  5.70703968032229211E-002
  435.0000000000  5.69500357160599852E-002
  436.0000000000  5.68302018326761749E-002
  437.0000000000  5.67108915353684295E-002
  438.0000000000  5.65921012412380145E-002
  439.0000000000  5.64738274014426264E-002
  440.0000000000  5.63560665011293149E-002
  441.0000000000  5.62388150586109331E-002
  442.0000000000  5.61220696251723480E-002
  443.0000000000  5.60058267847422381E-002
  444.0000000000  5.58900831533317918E-002
  445.0000000000  5.57748353786694240E-002
  446.0000000000  5.56600801398534559E-002
  447.0000000000  5.55458141470281733E-002
  448.0000000000  5.54320341406837197E-002
  449.0000000000  5.53187368919796571E-002
  450.0000000000  5.52059192014696457E-002
  451.0000000000  5.50935778994925893E-002
  452.0000000000  5.49817098455027409E-002
  453.0000000000  5.48703119276773496E-002
  454.0000000000  5.47593810626325339E-002
  455.0000000000  5.46489141951966156E-002
  456.0000000000  5.45389082979389414E-002
  457.0000000000  5.44293603708941309E-002
  458.0000000000  5.43202674411296799E-002
  459.0000000000  5.42116265626738716E-002
  460.0000000000  5.41034348159621301E-002
  461.0000000000  5.39956893075657085E-002
  462.0000000000  5.38883871701001105E-002
  463.0000000000  5.37815255616404114E-002
  464.0000000000  5.36751016654816102E-002
  465.0000000000  5.35691126900227840E-002
  466.0000000000  5.34635558684069950E-002
  467.0000000000  5.33584284581140253E-002
  468.0000000000  5.32537277406450044E-002
  469.0000000000  5.31494510215630850E-002
  470.0000000000  5.30455956299804576E-002
  471.0000000000  5.29421589183525498E-002
  472.0000000000  5.28391382619196812E-002
  473.0000000000  5.27365310591010050E-002
  474.0000000000  5.26343347307703865E-002
  475.0000000000  5.25325467197552687E-002
  476.0000000000  5.24311644913843800E-002
  477.0000000000  5.23301855324537837E-002
  478.0000000000  5.22296073514415468E-002
  479.0000000000  5.21294274780904135E-002
  480.0000000000  5.20296434634040864E-002
  481.0000000000  5.19302528787144030E-002
  482.0000000000  5.18312533165564693E-002
  483.0000000000  5.17326423895241860E-002
  484.0000000000  5.16344177304588273E-002
  485.0000000000  5.15365769920408112E-002
  486.0000000000  5.14391178532110985E-002
  487.0000000000  5.13420379930168147E-002
  488.0000000000  5.12453351291261225E-002
  489.0000000000  5.11490069919662005E-002
  490.0000000000  5.10530513308547484E-002
  491.0000000000  5.09574659135390087E-002
  492.0000000000  5.08622485265304430E-002
  493.0000000000  5.07673969743803466E-002
  494.0000000000  5.06729090799184281E-002
  495.0000000000  5.05787826836711571E-002
  496.0000000000  5.04850156440316070E-002
  497.0000000000  5.03916058367511605E-002
  498.0000000000  5.02985511550888276E-002
  499.0000000000  5.02058495092388285E-002
  500.0000000000  5.01134988264918466E-002
  501.0000000000  5.00214970509465853E-002
  502.0000000000  4.99298421431344439E-002
  503.0000000000  4.98385320802864559E-002
  504.0000000000  4.97475648556030756E-002
  505.0000000000  4.96569384785745874E-002
  506.0000000000  4.95666509746582398E-002
  507.0000000000  4.94767003848018000E-002
  508.0000000000  4.93870847659094864E-002
  509.0000000000  4.92978021901128993E-002
  510.0000000000  4.92088507447689047E-002
  511.0000000000  4.91202285325095314E-002
  512.0000000000  4.90319336709691966E-002
  513.0000000000  4.89439642922992954E-002
  514.0000000000  4.88563185436738864E-002
  515.0000000000  4.87689945866316074E-002
  516.0000000000  4.86819905971175096E-002
  517.0000000000  4.85953047651845951E-002
  518.0000000000  4.85089352951739022E-002
  519.0000000000  4.84228804051677134E-002
  520.0000000000  4.83371383271128940E-002
  521.0000000000  4.82517073067513999E-002
  522.0000000000  4.81665856031578132E-002
  523.0000000000  4.80817714889903505E-002
  524.0000000000  4.79972632499631180E-002
  525.0000000000  4.79130591850252252E-002
  526.0000000000  4.78291576062033347E-002
  527.0000000000  4.77455568383142598E-002
  528.0000000000  4.76622552188150569E-002
  529.0000000000  4.75792510979811401E-002
  530.0000000000  4.74965428385109092E-002
  531.0000000000  4.74141288154183715E-002
  532.0000000000  4.73320074160726578E-002
  533.0000000000  4.72501770397664861E-002
  534.0000000000  4.71686360981461161E-002
  535.0000000000  4.70873830144764166E-002
  536.0000000000  4.70064162239222788E-002
  537.0000000000  4.69257341732920163E-002
  538.0000000000  4.68453353210478360E-002
  539.0000000000  4.67652181369595243E-002
  540.0000000000  4.66853811022179613E-002
  541.0000000000  4.66058227092205485E-002
  542.0000000000  4.65265414613986530E-002
  543.0000000000  4.64475358735550320E-002
  544.0000000000  4.63688044711191433E-002
  545.0000000000  4.62903457901263846E-002
  546.0000000000  4.62121583778183770E-002
  547.0000000000  4.61342407916438269E-002
  548.0000000000  4.60565915997667441E-002
  549.0000000000  4.59792093807767019E-002
  550.0000000000  4.59020927235137197E-002
  551.0000000000  4.58252402268740644E-002
  552.0000000000  4.57486505002328153E-002
  553.0000000000  4.56723221626836942E-002
  554.0000000000  4.55962538434270051E-002
  555.0000000000  4.55204441815069485E-002
  556.0000000000  4.54448918254670362E-002
  557.0000000000  4.53695954338891594E-002
  558.0000000000  4.52945536746409416E-002
  559.0000000000  4.52197652253299234E-002
  560.0000000000  4.51452287726466367E-002
  561.0000000000  4.50709430129596911E-002
  562.0000000000  4.49969066516439850E-002
  563.0000000000  4.49231184031099462E-002
  564.0000000000  4.48495769911332678E-002
  565.0000000000  4.47762811481502987E-002
  566.0000000000  4.47032296158880668E-002
  567.0000000000  4.46304211445744878E-002
  568.0000000000  4.45578544931464204E-002
  569.0000000000  4.44855284294583125E-002
  570.0000000000  4.44134417297329595E-002
  571.0000000000  4.43415931789127721E-002
  572.0000000000  4.42699815701670871E-002
  573.0000000000  4.41986057049823244E-002
  574.0000000000  4.41274643933740746E-002
  575.0000000000  4.40565564534598081E-002
  576.0000000000  4.39858807113853029E-002
  577.0000000000  4.39154360015524131E-002
  578.0000000000  4.38452211660723609E-002
  579.0000000000  4.37752350552963049E-002
  580.0000000000  4.37054765272302317E-002
  581.0000000000  4.36359444477194824E-002
  582.0000000000  4.35666376903364322E-002
  583.0000000000  4.34975551363305790E-002
  584.0000000000  4.34286956744210986E-002
  585.0000000000  4.33600582010171265E-002
  586.0000000000  4.32916416259496381E-002
  587.0000000000  4.32234448479928354E-002
  588.0000000000  4.31554667919846827E-002
  589.0000000000  4.30877063835605478E-002
  590.0000000000  4.30201625556697193E-002
  591.0000000000  4.29528342483631448E-002
  592.0000000000  4.28857204088924082E-002
  593.0000000000  4.28188199912000744E-002
  594.0000000000  4.27521319566315158E-002
  595.0000000000  4.26856552730439306E-002
  596.0000000000  4.26193889153938937E-002
  597.0000000000  4.25533318652725617E-002
  598.0000000000  4.24874831110230999E-002
  599.0000000000  4.24218416476414978E-002
  600.0000000000  4.23564064767401396E-002
  601.0000000000  4.22911766066840361E-002
  602.0000000000  4.22261510518629271E-002
  603.0000000000  4.21613288336201500E-002
  604.0000000000  4.20967089794597876E-002
  605.0000000000  4.20322905230391258E-002
  606.0000000000  4.19680725046858299E-002
