  2.0000  0.99999999999989309      
  3.0000   1.0000000000000000      
  4.0000   1.0000000000000000      
  5.0000   1.0000000000000000      
  6.0000  0.99999999999999978      
  7.0000  0.99999999999998423      
  8.0000  0.99999999999924982      
  9.0000  0.99999999998492939      
  10.000  0.99999999983384169      
  11.000  0.99999999881589774      
  12.000  0.99999999391708339      
  13.000  0.99999997570634314      
  14.000  0.99999992039084218      
  15.000  0.99999977730768386      
  16.000  0.99999945221861619      
  17.000  0.99999878793698915      
  18.000  0.99999754458063439      
  19.000  0.99999538191134063      
  20.000  0.99999184584950618      
  21.000  0.99998636054017476      
  22.000  0.99997822653741975      
  23.000  0.99996662493187283      
  24.000  0.99995062669071688      
  25.000  0.99992920613639313      
  26.000  0.99990125733942159      
  27.000  0.99986561221996872      
  28.000  0.99982105926367759      
  29.000  0.99976636194186419      
  30.000  0.99970027612915335      
  31.000  0.99962156601357655      
  32.000  0.99952901817908657      
  33.000  0.99942145368918600      
  34.000  0.99929773813378464      
  35.000  0.99915678968522370      
  36.000  0.99899758528099658      
  37.000  0.99881916509187507      
  38.000  0.99862063545875068      
  39.000  0.99840117049146748      
  40.000  0.99816001252233399      
  41.000  0.99789647159896222      
  42.000  0.99760992418791317      
  43.000  0.99729981124725242      
  44.000  0.99696563580224606      
  45.000  0.99660696015241901      
  46.000  0.99622340281038668      
  47.000  0.99581463526365610      
  48.000  0.99538037863399464      
  49.000  0.99492040029624873      
  50.000  0.99443451050696563      
  51.000  0.99392255908308480      
  52.000  0.99338443216224426      
  53.000  0.99282004906882082      
  54.000  0.99222935930351430      
  55.000  0.99161233966902951      
  56.000  0.99096899153974261      
  57.000  0.99029933828178363      
  58.000  0.98960342282079683      
  59.000  0.98888130536266627      
  60.000  0.98813306126048917      
  61.000  0.98735877902570535      
  62.000  0.98655855847828366      
  63.000  0.98573250903036147      
  64.000  0.98488074809723325      
  65.000  0.98400339962924810      
  66.000  0.98310059275800532      
  67.000  0.98217246055020146      
  68.000  0.98121913886252499      
  69.000  0.98024076529113113      
  70.000  0.97923747820941642      
  71.000  0.97820941588803800      
  72.000  0.97715671569109941      
  73.000  0.97607951334468956      
  74.000  0.97497794226836976      
  75.000  0.97385213297017348      
  76.000  0.97270221249642841      
  77.000  0.97152830393366452      
  78.000  0.97033052595828162      
  79.000  0.96910899243019522      
  80.000  0.96786381202693939      
  81.000  0.96659508791494897      
  82.000  0.96530291745498809      
  83.000  0.96398739193890504      
  84.000  0.96264859635511169      
  85.000  0.96128660918036313      
  86.000  0.95990150219562165      
  87.000  0.95849334032392142      
  88.000  0.95706218148803313      
  89.000  0.95560807648797719      
  90.000  0.95413106889227017      
  91.000  0.95263119494727544      
  92.000  0.95110848349891897      
  93.000  0.94956295592717943      
  94.000  0.94799462609186924      
  95.000  0.94640350028859177      
  96.000  0.94478957721382772      
  97.000  0.94315284793818766      
  98.000  0.94149329588693043      
  99.000  0.93981089682688967      
  100.00  0.93810561885903232      
  101.00  0.93637742241590227      
  102.00  0.93462626026289741      
  103.00  0.93285207750478194      
  104.00  0.93105481159178693      
  105.00  0.92923439233127936      
  106.00  0.92739074189961568      
  107.00  0.92552377485554049      
  108.00  0.92363339815432199      
  109.00  0.92171951116214501      
  110.00  0.91978200567028989      
  111.00  0.91782076590866735      
  112.00  0.91583566855827647      
  113.00  0.91382658276181983      
  114.00  0.91179337013416539      
  115.00  0.90973588476716571      
  116.00  0.90765397323512131      
  117.00  0.90554747459562590      
  118.00  0.90341622038735525      
  119.00  0.90126003462413418      
  120.00  0.89907873378493375      
  121.00  0.89687212679945727      
  122.00  0.89464001502897916      
  123.00  0.89238219224169624      
  124.00  0.89009844458459253      
  125.00  0.88778855054578487      
  126.00  0.88545228091443062      
  127.00  0.88308939873242076      
  128.00  0.88069965923963822      
  129.00  0.87828280981209106      
  130.00  0.87583858989256080      
  131.00  0.87336673091299666      
  132.00  0.87086695621069088      
  133.00  0.86833898093198747      
  134.00  0.86578251193075606      
  135.00  0.86319724765564554      
  136.00  0.86058287802787770      
  137.00  0.85793908430878218      
  138.00  0.85526553895618629      
  139.00  0.85256190547169997      
  140.00  0.84982783823228425      
  141.00  0.84706298231349242      
  142.00  0.84426697329805833      
  143.00  0.84143943707149249      
  144.00  0.83857998960371172      
  145.00  0.83568823671550463      
  146.00  0.83276377383225064      
  147.00  0.82980618571665787      
  148.00  0.82681504618942048      
  149.00  0.82378991782992350      
  150.00  0.82073035165832131      
  151.00  0.81763588680061494      
  152.00  0.81450605012845223      
  153.00  0.81134035588193343      
  154.00  0.80813830526746866      
  155.00  0.80489938603151112      
  156.00  0.80162307201169514      
  157.00  0.79830882265605174      
  158.00  0.79495608251892058      
  159.00  0.79156428072399487      
  160.00  0.78813283039876725      
  161.00  0.78466112807031974      
  162.00  0.78114855303024533      
  163.00  0.77759446665874976      
  164.00  0.77399821171168282      
  165.00  0.77035911155928560      
  166.00  0.76667646938427692      
  167.00  0.76294956732798191      
  168.00  0.75917766558808419      
  169.00  0.75536000145439597      
  170.00  0.75149578829021191      
  171.00  0.74758421445014833      
  172.00  0.74362444212385903      
  173.00  0.73961560611119670      
  174.00  0.73555681251887051      
  175.00  0.73144713736607225      
  176.00  0.72728562510354766      
  177.00  0.72307128703460966      
  178.00  0.71880309962188504      
  179.00  0.71448000268854095      
  180.00  0.71010089748479366      
  181.00  0.70566464462428369      
  182.00  0.70117006187455733      
  183.00  0.69661592177894982      
  184.00  0.69200094911578514      
  185.00  0.68732381815515997      
  186.00  0.68258314972043654      
  187.00  0.67777750801038528      
  188.00  0.67290539718470166      
  189.00  0.66796525766850023      
  190.00  0.66295546215848211      
  191.00  0.65787431130600771      
  192.00  0.65272002902609283      
  193.00  0.64749075741671314      
  194.00  0.64218455122596929      
  195.00  0.63679937182724067      
  196.00  0.63133308065507143      
  197.00  0.62578343202376818      
  198.00  0.62014806527142152      
  199.00  0.61442449614377159      
  200.00  0.60861010732800158      
  201.00  0.60270213802617389      
  202.00  0.59669767246048566      
  203.00  0.59059362715269403      
  204.00  0.58438673683507203      
  205.00  0.57807353878701129      
  206.00  0.57165035539805598      
  207.00  0.56511327468922135      
  208.00  0.55845812849772625      
  209.00  0.55168046797789860      
  210.00  0.54477553598508055      
  211.00  0.53773823587195468      
  212.00  0.53056309607458907      
  213.00  0.52324422980708163      
  214.00  0.51577528898009539      
  215.00  0.50814941131707692      
  216.00  0.50035915938878606      
  217.00  0.49239645000250770      
  218.00  0.48425247200838289      
  219.00  0.47591759011569945      
  220.00  0.46738123167472356      
  221.00  0.45863175259568650      
  222.00  0.44965627748772030      
  223.00  0.44044050768873877      
  224.00  0.43096848890015960      
  225.00  0.42122232755497785      
  226.00  0.41118184129797264      
  227.00  0.40082412388707195      
  228.00  0.39012299734506206      
  229.00  0.37904831342270878      
  230.00  0.36756505035465026      
  231.00  0.35563212630864888      
  232.00  0.34320081263794422      
  233.00  0.33021256825784229      
  234.00  0.31659601374070068      
  235.00  0.30226258608381867      
  236.00  0.28710009389919688      
  237.00  0.27096278033274518      
  238.00  0.25365525610146350      
  239.00  0.23490492621926654      
  240.00  0.21431087165497270      
  241.00  0.19123863291610504      
  242.00  0.16456828893785255      
  243.00  0.13192448448957875      
  244.00  8.57760633895587876E-002 
  245.00  1.17899836459683140E-002 
  246.00  1.17711427873613984E-002 
  247.00  1.17523630876640514E-002 
  248.00  1.17336431669879705E-002 
  249.00  1.17149827752636940E-002 
  250.00  1.16963816374397560E-002 
  251.00  1.16778394758480300E-002 
  252.00  1.16593560096950998E-002 
  253.00  1.16409309639622736E-002 
  254.00  1.16225640613958903E-002 
  255.00  1.16042550290182660E-002 
  256.00  1.15860035913685922E-002 
  257.00  1.15678094786313811E-002 
  258.00  1.15496724206335145E-002 
  259.00  1.15315921516151183E-002 
  260.00  1.15135684014681557E-002 
  261.00  1.14956009088272686E-002 
  262.00  1.14776894096040478E-002 
  263.00  1.14598336426561496E-002 
  264.00  1.14420333470370995E-002 
  265.00  1.14242882662453048E-002 
  266.00  1.14065981438650314E-002 
  267.00  1.13889627236134008E-002 
  268.00  1.13713817536247961E-002 
  269.00  1.13538549794378364E-002 
  270.00  1.13363821549809212E-002 
  271.00  1.13189630274981475E-002 
  272.00  1.13015973525484020E-002 
  273.00  1.12842848831139052E-002 
  274.00  1.12670253751489223E-002 
  275.00  1.12498185859531263E-002 
  276.00  1.12326642756791478E-002 
  277.00  1.12155622020076347E-002 
  278.00  1.11985121293082957E-002 
  279.00  1.11815138194504889E-002 
  280.00  1.11645670370886969E-002 
  281.00  1.11476715482681111E-002 
  282.00  1.11308271204416977E-002 
  283.00  1.11140335224842578E-002 
  284.00  1.10972905259646860E-002 
  285.00  1.10805978999848880E-002 
  286.00  1.10639554200351303E-002 
  287.00  1.10473628579885585E-002 
  288.00  1.10308199921512369E-002 
  289.00  1.10143265982285792E-002 
  290.00  1.09978824546696288E-002 
  291.00  1.09814873400153664E-002 
  292.00  1.09651410376960957E-002 
  293.00  1.09488433288493954E-002 
  294.00  1.09325939970409645E-002 
  295.00  1.09163928272761959E-002 
  296.00  1.09002396056248740E-002 
  297.00  1.08841341196310535E-002 
  298.00  1.08680761579470330E-002 
  299.00  1.08520655105045164E-002 
  300.00  1.08361019697166047E-002 
  301.00  1.08201853256137126E-002 
  302.00  1.08043153729690863E-002 
  303.00  1.07884919066212441E-002 
  304.00  1.07727147237874667E-002 
  305.00  1.07569836193906285E-002 
  306.00  1.07412983929743092E-002 
  307.00  1.07256588452331533E-002 
  308.00  1.07100647747293692E-002 
  309.00  1.06945159844062162E-002 
  310.00  1.06790122785028023E-002 
  311.00  1.06635534589620672E-002 
  312.00  1.06481393333022201E-002 
  313.00  1.06327697058572358E-002 
  314.00  1.06174443851682950E-002 
  315.00  1.06021631811338939E-002 
  316.00  1.05869259012270414E-002 
  317.00  1.05717323586345408E-002 
  318.00  1.05565823629927575E-002 
  319.00  1.05414757296090032E-002 
  320.00  1.05264122713759310E-002 
  321.00  1.05113918025470324E-002 
  322.00  1.04964141413262848E-002 
  323.00  1.04814791029094277E-002 
  324.00  1.04665865077441175E-002 
  325.00  1.04517361729434700E-002 
  326.00  1.04369279211090453E-002 
  327.00  1.04221615724138551E-002 
  328.00  1.04074369483341481E-002 
  329.00  1.03927538742465703E-002 
  330.00  1.03781121734557811E-002 
  331.00  1.03635116704356867E-002 
  332.00  1.03489521934797529E-002 
  333.00  1.03344335688565509E-002 
  334.00  1.03199556239749468E-002 
  335.00  1.03055181900144673E-002 
  336.00  1.02911210961375305E-002 
  337.00  1.02767641725884200E-002 
  338.00  1.02624472534622764E-002 
  339.00  1.02481701706806563E-002 
  340.00  1.02339327572943083E-002 
  341.00  1.02197348501943952E-002 
  342.00  1.02055762840775645E-002 
  343.00  1.01914568956929623E-002 
  344.00  1.01773765217322253E-002 
  345.00  1.01633350025871014E-002 
  346.00  1.01493321766528855E-002 
  347.00  1.01353678842131707E-002 
  348.00  1.01214419655738849E-002 
  349.00  1.01075542645423268E-002 
  350.00  1.00937046230863189E-002 
  351.00  1.00798928849378747E-002 
  352.00  1.00661188938521110E-002 
  353.00  1.00523824971324258E-002 
  354.00  1.00386835400597500E-002 
  355.00  1.00250218697900250E-002 
  356.00  1.00113973333798151E-002 
  357.00  9.99780978157409350E-003 
  358.00  9.98425906291406165E-003 
  359.00  9.97074502785183156E-003 
  360.00  9.95726752763933382E-003 
  361.00  9.94382641340428933E-003 
  362.00  9.93042153983763817E-003 
  363.00  9.91705275961374602E-003 
  364.00  9.90371992711176242E-003 
  365.00  9.89042289759403670E-003 
  366.00  9.87716152697601379E-003 
  367.00  9.86393567121408854E-003 
  368.00  9.85074518951000247E-003 
  369.00  9.83758993924918265E-003 
  370.00  9.82446977948065424E-003 
  371.00  9.81138456996747191E-003 
  372.00  9.79833417124095253E-003 
  373.00  9.78531844374834134E-003 
  374.00  9.77233725119476190E-003 
  375.00  9.75939045540834271E-003 
  376.00  9.74647791989461700E-003 
  377.00  9.73359950880224936E-003 
  378.00  9.72075508704245937E-003 
  379.00  9.70794451937953377E-003 
  380.00  9.69516767392348058E-003 
  381.00  9.68242441672380848E-003 
  382.00  9.66971461550896437E-003 
  383.00  9.65703813875350321E-003 
  384.00  9.64439485551710045E-003 
  385.00  9.63178463560787970E-003 
  386.00  9.61920734866100920E-003 
  387.00  9.60666286750012227E-003 
  388.00  9.59415106309304683E-003 
  389.00  9.58167180792071985E-003 
  390.00  9.56922497511553290E-003 
  391.00  9.55681043850981592E-003 
  392.00  9.54442807252969469E-003 
  393.00  9.53207775227822053E-003 
  394.00  9.51975935274572416E-003 
  395.00  9.50747275195895809E-003 
  396.00  9.49521782608356985E-003 
  397.00  9.48299445280505714E-003 
  398.00  9.47080251042290398E-003 
  399.00  9.45864187784390374E-003 
  400.00  9.44651243460913753E-003 
  401.00  9.43441406088258404E-003 
  402.00  9.42234663743608467E-003 
  403.00  9.41031004489365809E-003 
  404.00  9.39830416679379547E-003 
  405.00  9.38632888494834658E-003 
  406.00  9.37438408249978775E-003 
  407.00  9.36246964325155445E-003 
  408.00  9.35058545158735585E-003 
  409.00  9.33873139245655973E-003 
  410.00  9.32690735136244495E-003 
  411.00  9.31511321445257015E-003 
  412.00  9.30334886842873812E-003 
  413.00  9.29161419981421738E-003 
  414.00  9.27990909795505838E-003 
  415.00  9.26823345045438458E-003 
  416.00  9.25658714628127370E-003 
  417.00  9.24497007496167221E-003 
  418.00  9.23338212655651705E-003 
  419.00  9.22182319169511516E-003 
  420.00  9.21029316153326380E-003 
  421.00  9.19879192777843351E-003 
  422.00  9.18731938270216618E-003 
  423.00  9.17587541906055883E-003 
  424.00  9.16445992949825247E-003 
  425.00  9.15307280933773393E-003 
  426.00  9.14171395217358920E-003 
  427.00  9.13038325293041506E-003 
  428.00  9.11908060700540937E-003 
  429.00  9.10780591035593654E-003 
  430.00  9.09655905945754538E-003 
  431.00  9.08533995125175922E-003 
  432.00  9.07414848320628291E-003 
  433.00  9.06298455332478839E-003 
  434.00  9.05184806005984721E-003 
  435.00  9.04073890242229790E-003 
  436.00  9.02965697986216759E-003 
  437.00  9.01860219164501466E-003 
  438.00  9.00757443965703036E-003 
  439.00  8.99657362410022365E-003 
  440.00  8.98559964643368472E-003 
  441.00  8.97465240854130805E-003 
  442.00  8.96373181279933907E-003 
  443.00  8.95283776205180876E-003 
  444.00  8.94197015966452340E-003 
  445.00  8.93112890940338591E-003 
  446.00  8.92031391556151985E-003 
  447.00  8.90952508283502503E-003 
  448.00  8.89876231642495151E-003 
  449.00  8.88802552196719768E-003 
  450.00  8.87731460561260247E-003 
  451.00  8.86662947383361211E-003 
  452.00  8.85597003301430256E-003 
  453.00  8.84533619197363716E-003 
  454.00  8.83472785786662378E-003 
  455.00  8.82414493906492729E-003 
  456.00  8.81358734430516197E-003 
  457.00  8.80305498283306433E-003 
  458.00  8.79254776425165627E-003 
  459.00  8.78206559868740556E-003 
  460.00  8.77160839660306307E-003 
  461.00  8.76117606890800156E-003 
  462.00  8.75076852700001559E-003 
  463.00  8.74038568260991459E-003 
  464.00  8.73002744796183908E-003 
  465.00  8.71969373561905237E-003 
  466.00  8.70938445863449380E-003 
  467.00  8.69909953042854490E-003 
  468.00  8.68883886486700348E-003 
  469.00  8.67860237547872851E-003 
  470.00  8.66838997829028762E-003 
  471.00  8.65820158763698326E-003 
  472.00  8.64803711900687458E-003 
  473.00  8.63789648822453453E-003 
  474.00  8.62777961152535675E-003 
  475.00  8.61768640552730558E-003 
  476.00  8.60761678726140907E-003 
  477.00  8.59757067417853474E-003 
  478.00  8.58754798399572784E-003 
  479.00  8.57754863494332269E-003 
  480.00  8.56757254557600698E-003 
  481.00  8.55761963481243941E-003 
  482.00  8.54768982193970447E-003 
  483.00  8.53778302668523406E-003 
  484.00  8.52789916908976500E-003 
  485.00  8.51803816959178541E-003 
  486.00  8.50819994896280171E-003 
  487.00  8.49838442839772994E-003 
  488.00  8.48859152876032738E-003 
  489.00  8.47882117321005144E-003 
  490.00  8.46907328335426771E-003 
  491.00  8.45934778181714649E-003 
  492.00  8.44964459154383049E-003 
  493.00  8.43996363582604631E-003 
  494.00  8.43030483831480257E-003 
  495.00  8.42066812304602744E-003 
  496.00  8.41105341437918888E-003 
  497.00  8.40146063699548015E-003 
  498.00  8.39188971596221966E-003 
  499.00  8.38234057663973103E-003 
  500.00  8.37281314478167948E-003 
  501.00  8.36330734643754049E-003 
  502.00  8.35382310799221220E-003 
  503.00  8.34436035621683933E-003 
  504.00  8.33491901814807992E-003 
  505.00  8.32549902116364905E-003 
  506.00  8.31610029301650330E-003 
  507.00  8.30672276172302049E-003 
  508.00  8.29736635571940752E-003 
  509.00  8.28803100360984979E-003 
  510.00  8.27871663445619264E-003 
  511.00  8.26942317758955214E-003 
  512.00  8.26015056207548073E-003 
  513.00  8.25089871907551745E-003 
  514.00  8.24166757824263893E-003 
  515.00  8.23245707017929151E-003 
  516.00  8.22326712578209766E-003 
  517.00  8.21409767628380680E-003 
  518.00  8.20494865316443237E-003 
  519.00  8.19581998825110250E-003 
  520.00  8.18671161369410177E-003 
  521.00  8.17762346187066343E-003 
  522.00  8.16855546555363479E-003 
  523.00  8.15950755773035483E-003 
  524.00  8.15047967174632217E-003 
  525.00  8.14147174119948802E-003 
  526.00  8.13248369999149991E-003 
  527.00  8.12351548233807182E-003 
  528.00  8.11456702270704593E-003 
  529.00  8.10563825588451678E-003 
  530.00  8.09672911695853009E-003 
  531.00  8.08783954123805035E-003 
  532.00  8.07896946437367328E-003 
  533.00  8.07011882228509010E-003 
  534.00  8.06128755115024208E-003 
  535.00  8.05247558746174756E-003 
  536.00  8.04368286796644863E-003 
  537.00  8.03490932967953347E-003 
  538.00  8.02615490990614064E-003 
  539.00  8.01741954623361175E-003 
  540.00  8.00870317592889194E-003 
  541.00  8.00000573826553825E-003 
  542.00  7.99132717104535442E-003 
  543.00  7.98266741290261546E-003 
  544.00  7.97402640279435380E-003 
  545.00  7.96540407985310214E-003 
  546.00  7.95680038355451799E-003 
  547.00  7.94821525361887916E-003 
  548.00  7.93964862994944384E-003 
  549.00  7.93110045284724577E-003 
  550.00  7.92257066273208306E-003 
  551.00  7.91405920037973123E-003 
  552.00  7.90556600677111247E-003 
  553.00  7.89709102316195170E-003 
  554.00  7.88863419101173448E-003 
  555.00  7.88019545211858866E-003 
  556.00  7.87177474843385114E-003 
  557.00  7.86337202223053033E-003 
  558.00  7.85498721596637924E-003 
  559.00  7.84662027241682901E-003 
  560.00  7.83827113454374155E-003 
  561.00  7.82993974555635727E-003 
  562.00  7.82162604891958185E-003 
  563.00  7.81332998835099386E-003 
  564.00  7.80505150778690576E-003 
  565.00  7.79679055138739890E-003 
  566.00  7.78854706358403891E-003 
  567.00  7.78032098903273274E-003 
  568.00  7.77211227259552717E-003 
  569.00  7.76392085941094833E-003 
  570.00  7.75574669479253166E-003 
  571.00  7.74758972435043818E-003 
  572.00  7.73944989387145843E-003 
  573.00  7.73132714938281652E-003 
  574.00  7.72322143715073635E-003 
  575.00  7.71513270313288306E-003 
  576.00  7.70706089511983845E-003 
  577.00  7.69900595945446648E-003 
  578.00  7.69096784337578842E-003 
  579.00  7.68294649415367757E-003 
  580.00  7.67494185945868674E-003 
  581.00  7.66695388705642376E-003 
  582.00  7.65898252498177501E-003 
  583.00  7.65102772148307242E-003 
  584.00  7.64308942502555776E-003 
  585.00  7.63516758429020909E-003 
  586.00  7.62726214811260649E-003 
  587.00  7.61937306563126478E-003 
  588.00  7.61150028618188569E-003 
  589.00  7.60364375921231388E-003 
  590.00  7.59580343450599448E-003 
  591.00  7.58797926194036947E-003 
  592.00  7.58017119165620666E-003 
  593.00  7.57237917402379078E-003 
  594.00  7.56460315959260870E-003 
  595.00  7.55684309910225217E-003 
  596.00  7.54909894349576217E-003 
  597.00  7.54137064394684066E-003 
  598.00  7.53365815175826257E-003 
  599.00  7.52596141855301892E-003 
  600.00  7.51828039600085669E-003 
  601.00  7.51061503610727516E-003 
  602.00  7.50296529099022703E-003 
  603.00  7.49533111297995443E-003 
  604.00  7.48771245461800870E-003 
  605.00  7.48010926860884044E-003 
  606.00  7.47252150789153458E-003 
