  2.0000 -0.99999999999992184      
  3.0000  -1.0000000000000000      
  4.0000  -1.0000000000000000      
  5.0000  -1.0000000000000000      
  6.0000 -0.99999999999999911      
  7.0000 -0.99999999999990374      
  8.0000 -0.99999999999636346      
  9.0000 -0.99999999993869404      
  10.000 -0.99999999941256623      
  11.000 -0.99999999626777414      
  12.000 -0.99999998257622313      
  13.000 -0.99999993582485414      
  14.000 -0.99999980379843900      
  15.000 -0.99999948319438059      
  16.000 -0.99999879392285729      
  17.000 -0.99999745243456106      
  18.000 -0.99999504782689319      
  19.000 -0.99999102394614003      
  20.000 -0.99998466957760856      
  21.000 -0.99997511750042434      
  22.000 -0.99996135202222969      
  23.000 -0.99994222374518882      
  24.000 -0.99991646982605409      
  25.000 -0.99988273782665849      
  26.000 -0.99983961132204902      
  27.000 -0.99978563568399159      
  28.000 -0.99971934276382102      
  29.000 -0.99963927354561588      
  30.000 -0.99954399815918094      
  31.000 -0.99943213292046129      
  32.000 -0.99930235429472458      
  33.000 -0.99915340984131018      
  34.000 -0.99898412633132982      
  35.000 -0.99879341529556753      
  36.000 -0.99858027630937229      
  37.000 -0.99834379833505515      
  38.000 -0.99808315943904868      
  39.000 -0.99779762518423565      
  40.000 -0.99748654597263986      
  41.000 -0.99714935358394707      
  42.000 -0.99678555712362404      
  43.000 -0.99639473856507110      
  44.000 -0.99597654803537505      
  45.000 -0.99553069897587798      
  46.000 -0.99505696327583182      
  47.000 -0.99455516646122177      
  48.000 -0.99402518300079412      
  49.000 -0.99346693177596845      
  50.000 -0.99288037174828303      
  51.000 -0.99226549784727669      
  52.000 -0.99162233709295811      
  53.000 -0.99095094496002001      
  54.000 -0.99025140198542805      
  55.000 -0.98952381061673633      
  56.000 -0.98876829229507290      
  57.000 -0.98798498476560448      
  58.000 -0.98717403960292527      
  59.000 -0.98633561994376395      
  60.000 -0.98546989841276511      
  61.000 -0.98457705523030958      
  62.000 -0.98365727649016499      
  63.000 -0.98271075259507756      
  64.000 -0.98173767683873903      
  65.000 -0.98073824412301480      
  66.000 -0.97971264979982120      
  67.000 -0.97866108862760870      
  68.000 -0.97758375383299945      
  69.000 -0.97648083626872340      
  70.000 -0.97535252365960967      
  71.000 -0.97419899992895664      
  72.000 -0.97302044459802894      
  73.000 -0.97181703225308291      
  74.000 -0.97058893207152575      
  75.000 -0.96933630740475485      
  76.000 -0.96805931541029666      
  77.000 -0.96675810672947760      
  78.000 -0.96543282520620921      
  79.000 -0.96408360764297729      
  80.000 -0.96271058359047057      
  81.000 -0.96131387516758904      
  82.000 -0.95989359690885512      
  83.000 -0.95844985563651652      
  84.000 -0.95698275035486713      
  85.000 -0.95549237216451921      
  86.000 -0.95397880419457581      
  87.000 -0.95244212155080776      
  88.000 -0.95088239127795193      
  89.000 -0.94929967233558998      
  90.000 -0.94769401558361233      
  91.000 -0.94606546377930845      
  92.000 -0.94441405158239355      
  93.000 -0.94273980556784254      
  94.000 -0.94104274424534784      
  95.000 -0.93932287808446158      
  96.000 -0.93758020954456034      
  97.000 -0.93581473310882546      
  98.000 -0.93402643532150420      
  99.000 -0.93221529482776511      
  100.00 -0.93038128241550100      
  101.00 -0.92852436105849812      
  102.00 -0.92664448596020388      
  103.00 -0.92474160459877219      
  104.00 -0.92281565676997612      
  105.00 -0.92086657463135480      
  106.00 -0.91889428274434781      
  107.00 -0.91689869811512226      
  108.00 -0.91487973023351743      
  109.00 -0.91283728110975204      
  110.00 -0.91077124530853903      
  111.00 -0.90868150998027919      
  112.00 -0.90656795488901365      
  113.00 -0.90443045243662090      
  114.00 -0.90226886768420178      
  115.00 -0.90008305836733238      
  116.00 -0.89787287490887135      
  117.00 -0.89563816042613809      
  118.00 -0.89337875073334039      
  119.00 -0.89109447433880484      
  120.00 -0.88878515243675249      
  121.00 -0.88645059889336653      
  122.00 -0.88409062022689378      
  123.00 -0.88170501558129055      
  124.00 -0.87929357669457775      
  125.00 -0.87685608785817060      
  126.00 -0.87439232587145133      
  127.00 -0.87190205998800097      
  128.00 -0.86938505185451409      
  129.00 -0.86684105544190826      
  130.00 -0.86426981696833871      
  131.00 -0.86167107481356386      
  132.00 -0.85904455942585700      
  133.00 -0.85638999321748110      
  134.00 -0.85370709045314830      
  135.00 -0.85099555712762887      
  136.00 -0.84825509083350714      
  137.00 -0.84548538061846479      
  138.00 -0.84268610683141065      
  139.00 -0.83985694095863206      
  140.00 -0.83699754544560867      
  141.00 -0.83410757350904829      
  142.00 -0.83118666893495574      
  143.00 -0.82823446586360883      
  144.00 -0.82525058856063571      
  145.00 -0.82223465117321537      
  146.00 -0.81918625747275620      
  147.00 -0.81610500057847479      
  148.00 -0.81299046266740782      
  149.00 -0.80984221466546857      
  150.00 -0.80665981592012059      
  151.00 -0.80344281385544714      
  152.00 -0.80019074360380160      
  153.00 -0.79690312761919013      
  154.00 -0.79357947526672479      
  155.00 -0.79021928238828898      
  156.00 -0.78682203084502667      
  157.00 -0.78338718802990381      
  158.00 -0.77991420635566266      
  159.00 -0.77640252271118348      
  160.00 -0.77285155788859206      
  161.00 -0.76926071597362355      
  162.00 -0.76562938370392797      
  163.00 -0.76195692978779539      
  164.00 -0.75824270418514539      
  165.00 -0.75448603734218733      
  166.00 -0.75068623938418888      
  167.00 -0.74684259925756080      
  168.00 -0.74295438382277634      
  169.00 -0.73902083688744935      
  170.00 -0.73504117818376202      
  171.00 -0.73101460228259307      
  172.00 -0.72694027743539891      
  173.00 -0.72281734434637890      
  174.00 -0.71864491486627469      
  175.00 -0.71442207059702412      
  176.00 -0.71014786140867736      
  177.00 -0.70582130385829811      
  178.00 -0.70144137949678931      
  179.00 -0.69700703306777023      
  180.00 -0.69251717057446616      
  181.00 -0.68797065721521222      
  182.00 -0.68336631517294144      
  183.00 -0.67870292123837561      
  184.00 -0.67397920426782154      
  185.00 -0.66919384244176239      
  186.00 -0.66434546032536856      
  187.00 -0.65943262569279737      
  188.00 -0.65445384611222024      
  189.00 -0.64940756525197840      
  190.00 -0.64429215888825242      
  191.00 -0.63910593058835607      
  192.00 -0.63384710702246339      
  193.00 -0.62851383288324425      
  194.00 -0.62310416535526603      
  195.00 -0.61761606809240122      
  196.00 -0.61204740465454210      
  197.00 -0.60639593132890057      
  198.00 -0.60065928927590029      
  199.00 -0.59483499591518463      
  200.00 -0.58892043546147121      
  201.00 -0.58291284850090674      
  202.00 -0.57680932049771283      
  203.00 -0.57060676907681929      
  204.00 -0.56430192993649086      
  205.00 -0.55789134118835326      
  206.00 -0.55137132592235283      
  207.00 -0.54473797273080238      
  208.00 -0.53798711389587717      
  209.00 -0.53111430089253320      
  210.00 -0.52411477677610518      
  211.00 -0.51698344498013760      
  212.00 -0.50971483390624750      
  213.00 -0.50230305662044827      
  214.00 -0.49474176477496296      
  215.00 -0.48702409572697619      
  216.00 -0.47914261157585081      
  217.00 -0.47108922855502200      
  218.00 -0.46285513484114527      
  219.00 -0.45443069437262390      
  220.00 -0.44580533363452146      
  221.00 -0.43696740758002300      
  222.00 -0.42790403977209479      
  223.00 -0.41860093041552504      
  224.00 -0.40904212399507622      
  225.00 -0.39920972564492518      
  226.00 -0.38908355163254904      
  227.00 -0.37864069426184632      
  228.00 -0.36785497402741862      
  229.00 -0.35669624108049230      
  230.00 -0.34512947198657329      
  231.00 -0.33311358317767770      
  232.00 -0.32059984420673843      
  233.00 -0.30752971212641567      
  234.00 -0.29383180558642852      
  235.00 -0.27941755960371212      
  236.00 -0.26417478075429146      
  237.00 -0.24795771009467210      
  238.00 -0.23057095620106322      
  239.00 -0.21174192189736579      
  240.00 -0.19106968591507992      
  241.00 -0.16791978647922129      
  242.00 -0.14117230019910876      
  243.00 -0.10845186947688286      
  244.00 -6.22273357241184960E-002 
  245.00  1.17899821576658050E-002 
  246.00  1.17711432050812640E-002 
  247.00  1.17523633306547432E-002 
  248.00  1.17336433381434908E-002 
  249.00  1.17149829066682774E-002 
  250.00  1.16963817439404514E-002 
  251.00  1.16778395638511296E-002 
  252.00  1.16593560869875934E-002 
  253.00  1.16409310317638452E-002 
  254.00  1.16225641222794124E-002 
  255.00  1.16042550819116692E-002 
  256.00  1.15860036398548038E-002 
  257.00  1.15678095232293523E-002 
  258.00  1.15496724628201090E-002 
  259.00  1.15315921885106483E-002 
  260.00  1.15135684376515765E-002 
  261.00  1.14956009424034018E-002 
  262.00  1.14776894408575286E-002 
  263.00  1.14598336714270919E-002 
  264.00  1.14420333755423983E-002 
  265.00  1.14242882935234272E-002 
  266.00  1.14065981687306132E-002 
  267.00  1.13889627475297003E-002 
  268.00  1.13713817751070340E-002 
  269.00  1.13538550021964058E-002 
  270.00  1.13363821745981752E-002 
  271.00  1.13189630474142232E-002 
  272.00  1.13015973708612914E-002 
  273.00  1.12842849005204745E-002 
  274.00  1.12670253921790791E-002 
  275.00  1.12498186031307276E-002 
  276.00  1.12326642909225706E-002 
  277.00  1.12155622182351540E-002 
  278.00  1.11985121444095909E-002 
  279.00  1.11815138337735646E-002 
  280.00  1.11645670509492503E-002 
  281.00  1.11476715619331194E-002 
  282.00  1.11308271342287733E-002 
  283.00  1.11140335366500358E-002 
  284.00  1.10972905382221536E-002 
  285.00  1.10805979129604514E-002 
  286.00  1.10639554315518102E-002 
  287.00  1.10473628706607048E-002 
  288.00  1.10308200036177816E-002 
  289.00  1.10143266087915533E-002 
  290.00  1.09978824644496216E-002 
  291.00  1.09814873514313700E-002 
  292.00  1.09651410485557266E-002 
  293.00  1.09488433392282373E-002 
  294.00  1.09325940071362468E-002 
  295.00  1.09163928370898996E-002 
  296.00  1.09002396153660731E-002 
  297.00  1.08841341292987351E-002 
  298.00  1.08680761676662897E-002 
  299.00  1.08520655203846184E-002 
  300.00  1.08361019775386931E-002 
  301.00  1.08201853336554223E-002 
  302.00  1.08043153813279520E-002 
  303.00  1.07884919153971599E-002 
  304.00  1.07727147308244054E-002 
  305.00  1.07569836268955454E-002 
  306.00  1.07412984010110887E-002 
  307.00  1.07256588517859429E-002 
  308.00  1.07100647818487681E-002 
  309.00  1.06945159922199780E-002 
  310.00  1.06790122849265354E-002 
  311.00  1.06635534661230769E-002 
  312.00  1.06481393392127595E-002 
  313.00  1.06327697124992578E-002 
  314.00  1.06174443927268027E-002 
  315.00  1.06021631874713990E-002 
  316.00  1.05869259085259130E-002 
  317.00  1.05717323647469795E-002 
  318.00  1.05565823700928992E-002 
  319.00  1.05414757356207221E-002 
  320.00  1.05264122764620084E-002 
  321.00  1.05113918085734774E-002 
  322.00  1.04964141464388271E-002 
  323.00  1.04814791090761129E-002 
  324.00  1.04665865129849218E-002 
  325.00  1.04517361793237985E-002 
  326.00  1.04369279266103045E-002 
  327.00  1.04221615771471921E-002 
  328.00  1.04074369541451144E-002 
  329.00  1.03927538792834857E-002 
  330.00  1.03781121778147144E-002 
  331.00  1.03635116758861272E-002 
  332.00  1.03489521981919470E-002 
  333.00  1.03344335729725744E-002 
  334.00  1.03199556292107482E-002 
  335.00  1.03055181945786029E-002 
  336.00  1.02911211001185422E-002 
  337.00  1.02767641777835213E-002 
  338.00  1.02624472579789482E-002 
  339.00  1.02481701746389275E-002 
  340.00  1.02339327625110867E-002 
  341.00  1.02197348547777705E-002 
  342.00  1.02055762881477635E-002 
  343.00  1.01914568992654674E-002 
  344.00  1.01773765265182892E-002 
  345.00  1.01633350068372329E-002 
  346.00  1.01493321804419397E-002 
  347.00  1.01353678875806819E-002 
  348.00  1.01214419701175177E-002 
  349.00  1.01075542686095143E-002 
  350.00  1.00937046267278521E-002 
  351.00  1.00798928881933765E-002 
  352.00  1.00661188983599374E-002 
  353.00  1.00523825011434569E-002 
  354.00  1.00386835436489033E-002 
  355.00  1.00250218730298466E-002 
  356.00  1.00113973379798559E-002 
  357.00  9.99780978568671694E-003 
  358.00  9.98425906661832771E-003 
  359.00  9.97074503120230250E-003 
  360.00  9.95726753065205583E-003 
  361.00  9.94382641773102274E-003 
  362.00  9.93042154379215197E-003 
  363.00  9.91705276317671712E-003 
  364.00  9.90371993037867868E-003 
  365.00  9.89042290053332961E-003 
  366.00  9.87716152964784183E-003 
  367.00  9.86393567513203957E-003 
  368.00  9.85074519308377396E-003 
  369.00  9.83758994250150988E-003 
  370.00  9.82446978243573486E-003 
  371.00  9.81138457266610489E-003 
  372.00  9.79833417370591132E-003 
  373.00  9.78531844743415341E-003 
  374.00  9.77233725457243504E-003 
  375.00  9.75939045852354525E-003 
  376.00  9.74647792272781074E-003 
  377.00  9.73359951139819886E-003 
  378.00  9.72075508941630181E-003 
  379.00  9.70794452307032103E-003 
  380.00  9.69516767729098998E-003 
  381.00  9.68242441981001338E-003 
  382.00  9.66971461839971451E-003 
  383.00  9.65703814139537951E-003 
  384.00  9.64439485795752678E-003 
  385.00  9.63178463782973955E-003 
  386.00  9.61920735218178835E-003 
  387.00  9.60666287076491869E-003 
  388.00  9.59415106611974031E-003 
  389.00  9.58167181072928052E-003 
  390.00  9.56922497771692249E-003 
  391.00  9.55681044089648143E-003 
  392.00  9.54442807473934035E-003 
  393.00  9.53207775433069331E-003 
  394.00  9.51975935608546583E-003 
  395.00  9.50747275504893602E-003 
  396.00  9.49521782896295408E-003 
  397.00  9.48299445550288694E-003 
  398.00  9.47080251290934386E-003 
  399.00  9.45864188014464147E-003 
  400.00  9.44651243676533810E-003 
  401.00  9.43441406289846976E-003 
  402.00  9.42234663929827562E-003 
  403.00  9.41031004799485447E-003 
  404.00  9.39830416970987258E-003 
  405.00  9.38632888764857204E-003 
  406.00  9.37438408502591983E-003 
  407.00  9.36246964563273304E-003 
  408.00  9.35058545380359173E-003 
  409.00  9.33873139451850583E-003 
  410.00  9.32690735329363627E-003 
  411.00  9.31511321628590225E-003 
  412.00  9.30334887014292594E-003 
  413.00  9.29161420272530021E-003 
  414.00  9.27990910068631457E-003 
  415.00  9.26823345300001669E-003 
  416.00  9.25658714870557578E-003 
  417.00  9.24497007723554254E-003 
  418.00  9.23338212868723626E-003 
  419.00  9.22182319368909653E-003 
  420.00  9.21029316341651950E-003 
  421.00  9.19879192956237976E-003 
  422.00  9.18731938436536527E-003 
  423.00  9.17587542063823779E-003 
  424.00  9.16445993225995480E-003 
  425.00  9.15307281192706199E-003 
  426.00  9.14171395462237343E-003 
  427.00  9.13038325522076352E-003 
  428.00  9.11908060918611638E-003 
  429.00  9.10780591244155988E-003 
  430.00  9.09655906142145532E-003 
  431.00  9.08533995309072570E-003 
  432.00  9.07414848496089846E-003 
  433.00  9.06298455499391503E-003 
  434.00  9.05184806164665429E-003 
  435.00  9.04073890390098486E-003 
  436.00  9.02965698126128972E-003 
  437.00  9.01860219419496970E-003 
  438.00  9.00757444206824916E-003 
  439.00  8.99657362641732503E-003 
  440.00  8.98559964861542042E-003 
  441.00  8.97465241060688840E-003 
  442.00  8.96373181474829570E-003 
  443.00  8.95283776392738657E-003 
  444.00  8.94197016143034873E-003 
  445.00  8.93112891109294933E-003 
  446.00  8.92031391713883452E-003 
  447.00  8.90952508434712277E-003 
  448.00  8.89876231786605222E-003 
  449.00  8.88802552335457054E-003 
  450.00  8.87731460689923819E-003 
  451.00  8.86662947507201558E-003 
  452.00  8.85597003535154408E-003 
  453.00  8.84533619419040212E-003 
  454.00  8.83472785999109451E-003 
  455.00  8.82414494108623229E-003 
  456.00  8.81358734624286370E-003 
  457.00  8.80305498467598944E-003 
  458.00  8.79254776602329292E-003 
  459.00  8.78206560035685486E-003 
  460.00  8.77160839817200597E-003 
  461.00  8.76117607042847454E-003 
  462.00  8.75076852845538787E-003 
  463.00  8.74038568400643291E-003 
  464.00  8.73002744928393255E-003 
  465.00  8.71969373688998017E-003 
  466.00  8.70938445985708701E-003 
  467.00  8.69909953159071943E-003 
  468.00  8.68883886596172154E-003 
  469.00  8.67860237765785344E-003 
  470.00  8.66838998036320758E-003 
  471.00  8.65820158963635962E-003 
  472.00  8.64803712091024093E-003 
  473.00  8.63789649003376785E-003 
  474.00  8.62777961326103432E-003 
  475.00  8.61768640720705567E-003 
  476.00  8.60761678888214213E-003 
  477.00  8.59757067572360437E-003 
  478.00  8.58754798547580259E-003 
  479.00  8.57754863637270361E-003 
  480.00  8.56757254693898615E-003 
  481.00  8.55761963609324994E-003 
  482.00  8.54768982319577091E-003 
  483.00  8.53778302789243507E-003 
  484.00  8.52789917024536145E-003 
  485.00  8.51803817071350097E-003 
  486.00  8.50819995004239993E-003 
  487.00  8.49838442939522890E-003 
  488.00  8.48859153081001419E-003 
  489.00  8.47882117519049502E-003 
  490.00  8.46907328528966052E-003 
  491.00  8.45934778366352544E-003 
  492.00  8.44964459330009923E-003 
  493.00  8.43996363752655930E-003 
  494.00  8.43030483996900018E-003 
  495.00  8.42066812462545847E-003 
  496.00  8.41105341588275005E-003 
  497.00  8.40146063846443185E-003 
  498.00  8.39188971737595685E-003 
  499.00  8.38234057799440956E-003 
  500.00  8.37281314610417021E-003 
  501.00  8.36330734771464912E-003 
  502.00  8.35382310922879248E-003 
  503.00  8.34436035740486470E-003 
  504.00  8.33491901927580284E-003 
  505.00  8.32549902226214361E-003 
  506.00  8.31610029408261925E-003 
  507.00  8.30672276276573154E-003 
  508.00  8.29736635668597636E-003 
  509.00  8.28803100455581185E-003 
  510.00  8.27871663538694638E-003 
  511.00  8.26942317849350614E-003 
  512.00  8.26015056395181489E-003 
  513.00  8.25089872087849015E-003 
  514.00  8.24166757998412089E-003 
  515.00  8.23245707187495249E-003 
  516.00  8.22326712740849633E-003 
  517.00  8.21409767784846839E-003 
  518.00  8.20494865467907841E-003 
  519.00  8.19581998973225798E-003 
  520.00  8.18671161510609383E-003 
  521.00  8.17762346325652881E-003 
  522.00  8.16855546689238508E-003 
  523.00  8.15950755901781975E-003 
  524.00  8.15047967300033468E-003 
  525.00  8.14147174241039960E-003 
  526.00  8.13248370117823985E-003 
  527.00  8.12351548346803946E-003 
  528.00  8.11456702381332939E-003 
  529.00  8.10563825695031354E-003 
  530.00  8.09672911798491393E-003 
  531.00  8.08783954224781207E-003 
  532.00  8.07896946534761989E-003 
  533.00  8.07011882321408483E-003 
  534.00  8.06128755207747086E-003 
  535.00  8.05247558834069205E-003 
  536.00  8.04368286881375523E-003 
  537.00  8.03490933050202139E-003 
  538.00  8.02615491070939394E-003 
  539.00  8.01741954701870596E-003 
  540.00  8.00870317765140990E-003 
  541.00  8.00000573995247530E-003 
  542.00  7.99132717266195711E-003 
  543.00  7.98266741448904436E-003 
  544.00  7.97402640432351255E-003 
  545.00  7.96540408135370040E-003 
  546.00  7.95680038500162952E-003 
  547.00  7.94821525500936585E-003 
  548.00  7.93964863132789675E-003 
  549.00  7.93110045416643532E-003 
  550.00  7.92257066403282209E-003 
  551.00  7.91405920166450907E-003 
  552.00  7.90556600800805878E-003 
  553.00  7.89709102433709155E-003 
  554.00  7.88863419217708355E-003 
  555.00  7.88019545324162955E-003 
  556.00  7.87177474953117996E-003 
  557.00  7.86337202328963973E-003 
  558.00  7.85498721700433368E-003 
  559.00  7.84662027341586667E-003 
  560.00  7.83827113550814893E-003 
  561.00  7.82993974650922006E-003 
  562.00  7.82162604986919203E-003 
  563.00  7.81332998923163317E-003 
  564.00  7.80505150865593543E-003 
  565.00  7.79679055224336958E-003 
  566.00  7.78854706441900468E-003 
  567.00  7.78032098985348853E-003 
  568.00  7.77211227338917530E-003 
  569.00  7.76392086017542015E-003 
  570.00  7.75574669555323566E-003 
  571.00  7.74758972507904719E-003 
  572.00  7.73944989457384623E-003 
  573.00  7.73132715006311089E-003 
  574.00  7.72322143784215202E-003 
  575.00  7.71513270469694878E-003 
  576.00  7.70706089664366205E-003 
  577.00  7.69900596097279101E-003 
  578.00  7.69096784480786423E-003 
  579.00  7.68294649556563059E-003 
  580.00  7.67494186080649749E-003 
  581.00  7.66695388838070212E-003 
  582.00  7.65898252629400138E-003 
  583.00  7.65102772276380488E-003 
  584.00  7.64308942627350135E-003 
  585.00  7.63516758550113021E-003 
  586.00  7.62726214931179047E-003 
  587.00  7.61937306682897685E-003 
  588.00  7.61150028732926042E-003 
  589.00  7.60364376034329287E-003 
  590.00  7.59580343557729638E-003 
  591.00  7.58797926297862229E-003 
  592.00  7.58017119267789287E-003 
  593.00  7.57237917502801266E-003 
  594.00  7.56460316058275850E-003 
  595.00  7.55684310006633341E-003 
  596.00  7.54909894442887513E-003 
  597.00  7.54137064485363006E-003 
  598.00  7.53365815266534688E-003 
  599.00  7.52596141939782665E-003 
  600.00  7.51828039686421208E-003 
  601.00  7.51061503694247946E-003 
  602.00  7.50296529180232829E-003 
  603.00  7.49533111378306548E-003 
  604.00  7.48771245539316989E-003 
  605.00  7.48010926938991877E-003 
  606.00  7.47252150863650898E-003 
