  10.000   3.4933797045381692     
  11.000   3.4884331163741340     
  12.000   3.4815676321364610     
  13.000   3.4726295895834047     
  14.000   3.4615444487290215     
  15.000   3.4483017104341092     
  16.000   3.4329390382336467     
  17.000   3.4155281129770048     
  18.000   3.3961631579268721     
  19.000   3.3749521968414395     
  20.000   3.3520107030723696     
  21.000   3.3274571642522539     
  22.000   3.3014100917609679     
  23.000   3.2739860688618121     
  24.000   3.2452985142003516     
  25.000   3.2154569176619567     
  26.000   3.1845663749754625     
  27.000   3.1527273022757276     
  28.000   3.1200352551751900     
  29.000   3.0865808065310771     
  30.000   3.0524494590016245     
  31.000   3.0177215821208083     
  32.000   2.9824723719039534     
  33.000   2.9467718351965257     
  34.000   2.9106848023915357     
  35.000   2.8742709717744579     
  36.000   2.8375849873857080     
  37.000   2.8006765504622968     
  38.000   2.7635905629194957     
  39.000   2.7263672991068053     
  40.000   2.6890426019060301     
  41.000   2.6516480974458774     
  42.000   2.6142114229502393     
  43.000   2.5767564620194658     
  44.000   2.5393035822538046     
  45.000   2.5018698698804842     
  46.000   2.4644693579533059     
  47.000   2.4271132441701058     
  48.000   2.3898100960731803     
  49.000   2.3525660410183855     
  50.000   2.3153849402399693     
  51.000   2.2782685458662693     
  52.000   2.2412166400438687     
  53.000   2.2042271569533112     
  54.000   2.1672962868434551     
  55.000   2.1304185630540879     
  56.000   2.0935869321288081     
  57.000   2.0567928067848458     
  58.000   2.0200261028841160     
  59.000   1.9832752592405347     
  60.000   1.9465272412411121     
  61.000   1.9097675268252776     
  62.000   1.8729800744951779     
  63.000   1.8361472724020254     
  64.000   1.7992498662739838     
  65.000   1.7622668642825130     
  66.000   1.7251754163246427     
  67.000   1.6879506632705139     
  68.000   1.6505655520435258     
  69.000   1.6129906102577034     
  70.000   1.5751936727333651     
  71.000   1.5371395503350689     
  72.000   1.4987896279253754     
  73.000   1.4601013758965564     
  74.000   1.4210277537202434     
  75.000   1.3815164773037045     
  76.000   1.3415091133955019     
  77.000   1.3009399506264219     
  78.000   1.2597345786059226     
  79.000   1.2178080800679822     
  80.000   1.1750627010629173     
  81.000   1.1313848057262956     
  82.000   1.0866408301193149     
  83.000   1.0406718040406278     
  84.000  0.99328577168957244     
  85.000  0.94424703816707545     
  86.000  0.89326045288820322     
  87.000  0.83994761367234916     
  88.000  0.78380925989071826     
  89.000  0.72416259712211517     
  90.000  0.66002952711556273     
  91.000  0.58991865134729604     
  92.000  0.51134349474164797     
  93.000  0.41953552539773553     
  94.000  0.30263063038664623     
  95.000  9.03686540960910306E-002
  96.000  1.03372367415137520E-007
  97.000  3.72765208865144328E-008
  98.000 -4.38952116851988115E-012
  99.000 -1.31685635055596434E-012
  100.00 -3.95056905166789384E-013
  101.00  3.90949368622135956E-012
  102.00  1.17284810586640884E-012
  103.00 -8.08279744109490350E-012
  104.00 -8.55674931117069114E-012
  105.00 -7.40105724942005390E-013
  106.00 -2.22031717482601375E-013
  107.00  8.60510412271342087E-013
  108.00  6.59197459949895075E-013
  109.00  1.97759237984969088E-013
  110.00  5.93277713954906456E-014
  111.00  1.89263617217941439E-012
  112.00  5.67790851653824379E-013
  113.00  1.70337255496147445E-013
  114.00 -2.39197509671608173E-012
  115.00 -7.17592529014824923E-013
  116.00 -2.15277758704447568E-013
  117.00 -1.91135477251571976E-011
  118.00 -5.73406431754715961E-012
  119.00 -1.72021929526414796E-012
  120.00 -5.16065788579244449E-013
  121.00  6.37400235087240963E-012
  122.00  1.91220070526172361E-012
  123.00  5.73660211578517084E-013
  124.00  6.32708350664889931E-013
  125.00 -8.73344335588223392E-012
  126.00 -4.48479828659625334E-012
  127.00 -1.34543948597887632E-012
  128.00 -2.07254321287666070E-011
  129.00 -6.21762963862998307E-012
  130.00 -1.86528889158899508E-012
  131.00  6.45490967515174465E-012
  132.00  2.66125261136719773E-011
  133.00 -7.42808110166173256E-012
  134.00 -2.22842433049852033E-012
  135.00 -6.68527299149556383E-013
  136.00 -2.00558189744866925E-013
  137.00 -8.02816802255143733E-013
  138.00 -2.40845040676543281E-013
  139.00 -7.22535122029631258E-014
  140.00 -2.16760536608889983E-014
  141.00 -2.30599145851860562E-012
  142.00 -4.13075479815984856E-012
  143.00  3.13296860560449209E-012
  144.00  9.39890581681345689E-013
  145.00 -8.48399011485627097E-013
  146.00  3.11472578891358622E-012
  147.00  5.96496288587077298E-013
  148.00 -3.14876325031737428E-012
  149.00 -9.44628975095213011E-013
  150.00 -2.83388692528563944E-013
  151.00 -8.50166077585692134E-014
  152.00 -2.55049823275707842E-014
  153.00 -7.65149469827123021E-015
  154.00 -2.29544840948136985E-015
  155.00 -6.88634522844411429E-016
  156.00  3.18809069996934868E-012
  157.00  9.56427209990804967E-013
  158.00  2.86928162997241540E-013
  159.00  8.60784488991724748E-014
  160.00  2.58235346697517487E-014
  161.00  7.74706040092552715E-015
  162.00  2.32411812027765885E-015
  163.00  6.97235436083297814E-016
  164.00 -2.02401099742193506E-012
  165.00 -6.07203299226580033E-013
  166.00 -1.82160989767974010E-013
  167.00 -5.46482969303922736E-014
  168.00 -1.63944890791177124E-014
  169.00 -3.48157387068052291E-014
  170.00 -1.04447216120410841E-014
  171.00  4.30156492870250416E-012
  172.00  1.29046947861075076E-012
  173.00  3.93347832312047052E-012
  174.00  1.18004349693614107E-012
  175.00  1.84449838078437864E-012
  176.00  5.53349514235313431E-013
  177.00  4.47058572656541169E-008
  178.00 -2.35925432989664223E-011
  179.00 -2.40363826167635010E-012
  180.00 -7.21091478502905677E-013
  181.00 -2.16327443550871703E-013
  182.00 -6.48982330652616321E-014
  183.00  4.56305216912753471E-013
  184.00  1.36891565073826324E-013
  185.00 -5.02360299180334759E-012
  186.00 -5.41950172639462961E-012
  187.00 -1.62585051791838953E-012
  188.00 -4.87755155375516980E-013
  189.00 -1.46326546612655049E-013
  190.00 -4.38979639837965398E-014
  191.00 -1.31693891951389683E-014
  192.00 -3.95081675854168921E-015
  193.00 -1.18524502756250716E-015
  194.00  1.59596251307453493E-011
  195.00 -7.72658671282199683E-012
  196.00 -2.31797601384659824E-012
  197.00 -4.69032097706371618E-014
  198.00 -1.40709629311910274E-014
  199.00  1.54363435717424921E-011
  200.00  4.63090307152274894E-012
  201.00  1.38927092145682488E-012
  202.00 -7.09825020153147612E-012
  203.00  4.22306051663777863E-013
  204.00 -2.69116291434456398E-012
  205.00 -8.07348874303368870E-013
  206.00 -2.42204662291011065E-013
  207.00  2.04377924377078793E-012
  208.00  6.13133773131235410E-013
  209.00 -4.48327681746800115E-012
  210.00 -5.56211580275044797E-012
  211.00 -1.66863474082513584E-012
  212.00 -5.00590422247540794E-013
  213.00 -3.68822638854610222E-012
  214.00 -1.10646791656383115E-012
  215.00 -3.31940374969149164E-013
  216.00 -9.95821124907447289E-014
  217.00 -2.98746337472234338E-014
  218.00 -2.76334077977484259E-012
  219.00 -8.29002233932453504E-013
  220.00 -2.48700670179736172E-013
  221.00  1.39489372267016242E-011
  222.00  1.15880022742165889E-012
  223.00  3.47640068226497626E-013
  224.00  1.04292020467949328E-013
  225.00 -4.69431117723220372E-012
  226.00 -1.40829335316966217E-012
  227.00 -4.22488005950898791E-013
  228.00 -1.26746401785269658E-013
  229.00  6.53080107155251176E-013
  230.00  9.44989234766162945E-012
  231.00  2.83496770429848916E-012
  232.00  8.50490311289546909E-013
  233.00  2.55147093386864093E-013
  234.00  7.65441280160592228E-014
  235.00 -3.75593937456044185E-012
  236.00 -1.12678181236813417E-012
  237.00 -3.38034543710440251E-013
  238.00 -1.01410363113132055E-013
  239.00 -3.04231089339396266E-014
  240.00  1.89987051627627776E-012
  241.00  5.69961154882883491E-013
  242.00  6.88370661820422783E-012
  243.00  2.06511198546126859E-012
  244.00  6.19533595638380477E-013
  245.00  1.85860078691514209E-013
  246.00  5.57580236074542588E-014
  247.00  1.67274070822362770E-014
  248.00  5.01822212467088500E-015
  249.00  1.50546663740126597E-015
  250.00  4.51639991220379831E-016
  251.00  1.35491997366114004E-016
  252.00  4.06475992098342134E-017
  253.00  1.21942797629502689E-017
  254.00  3.65828392888508084E-018
  255.00  4.09130792438318042E-012
  256.00  1.22739237731495405E-012
  257.00  3.68217713194486193E-013
  258.00  1.10465313958345929E-013
  259.00  3.31395941875037761E-014
  260.00  6.23358616423234168E-012
  261.00  1.87007584926970380E-012
  262.00  5.61022754780911018E-013
  263.00  1.68306826434273225E-013
  264.00  5.04920479302819674E-014
  265.00  1.51476143790845877E-014
  266.00  2.80565793665024762E-012
  267.00  8.41697380995074326E-013
  268.00  2.52509214298522389E-013
  269.00  4.09017187547374871E-013
  270.00  1.22705156264212542E-013
  271.00  1.01530535491190691E-012
  272.00  1.23821945444596739E-012
  273.00  3.71465836333790297E-013
  274.00 -9.97324193450363025E-012
  275.00 -2.99197258035108924E-012
  276.00  3.18295040783224941E-012
  277.00  4.78128078052562268E-012
  278.00  1.43438423415768668E-012
  279.00  4.30315270247305984E-013
  280.00  4.58322264133043738E-012
  281.00 -1.48032705147302071E-011
  282.00 -1.85356294291674308E-012
  283.00  2.69717184271983496E-012
  284.00  8.09151552815950731E-013
  285.00 -2.86074562337208323E-011
  286.00  1.40794670552981426E-012
  287.00 -4.61777867879122137E-012
  288.00  9.04430647051319206E-012
  289.00 -1.63215203177600471E-012
  290.00  1.26269289350431484E-012
  291.00 -3.99817864530491261E-012
  292.00 -1.19945359359147249E-012
  293.00 -3.59836078077442030E-013
  294.00 -6.55252406649858336E-012
  295.00 -1.96575721994957598E-012
  296.00  9.71325610227854364E-013
  297.00  2.91397683068355663E-013
  298.00  8.74193049205067393E-014
  299.00 -9.57818647362889804E-012
  300.00 -1.15953032407925802E-011
  301.00 -3.47859097223777472E-012
  302.00 -2.73281077101956770E-012
  303.00 -1.53332100132950917E-011
  304.00  8.50598038544158356E-012
  305.00 -2.92381783094128298E-011
  306.00 -8.77145349282385251E-012
  307.00 -2.63143604784715672E-012
  308.00 -7.89430814354147016E-013
  309.00 -2.36829244306244155E-013
  310.00  1.70243723806325485E-011
  311.00  5.10731171418976455E-012
  312.00 -1.50205903819843731E-012
  313.00 -4.50617711459531437E-013
  314.00 -1.09452037748709126E-012
  315.00 -1.57358446310143042E-011
  316.00 -9.95487528462012606E-014
  317.00 -2.03025146182933363E-012
  318.00 -6.09075438548801057E-013
  319.00 -1.82722631564640398E-013
  320.00 -5.48167894693921093E-014
  321.00 -1.64450368408176378E-014
  322.00 -4.93351105224529514E-015
  323.00  9.07923997204986436E-012
  324.00  2.72377199161495955E-012
  325.00  8.17131597484488007E-013
  326.00  2.45139479245346473E-013
  327.00  7.35418437736039418E-014
  328.00 -4.87782481890643737E-012
  329.00 -1.46334744567193109E-012
  330.00 -4.39004233701579327E-013
  331.00 -1.31701270110473818E-013
  332.00 -3.95103810331421556E-014
  333.00 -1.18531143099426457E-014
  334.00 -3.55593429298279451E-015
  335.00  1.29586421494259199E-011
  336.00  3.88759264482777727E-012
  337.00  1.16627779344833322E-012
  338.00 -1.61613741727085883E-013
  339.00  6.50299547510438861E-012
  340.00  1.95089864253131650E-012
  341.00  5.85269592759395031E-013
  342.00 -2.38641469786910036E-012
  343.00  5.10228325142658626E-012
  344.00 -2.18498065235248411E-013
  345.00 -6.55494195705746041E-014
  346.00 -1.96648258711724418E-014
  347.00 -5.89944776135173254E-015
  348.00  1.86801540856443229E-012
  349.00 -1.33642929047204801E-013
  350.00  3.08841746803038542E-013
  351.00  9.26525240409116028E-014
  352.00 -8.98912800315213828E-013
  353.00 -1.69295119586129060E-011
  354.00 -5.07885358758387357E-012
  355.00 -1.52365607627516248E-012
  356.00 -4.57096822882548824E-013
  357.00  4.00581092429532686E-011
  358.00 -3.46998467218548080E-012
  359.00 -1.04099540165564428E-012
  360.00 -9.96137877971285731E-012
  361.00 -2.98841363391385768E-012
  362.00  9.28018585411524605E-012
  363.00  2.78405575623457470E-012
  364.00  8.35216726870372472E-013
  365.00  5.58917720308741631E-012
  366.00  3.53595897369866398E-012
  367.00  2.72636597864719111E-012
  368.00  8.17909793594156605E-013
  369.00  2.45372938078246982E-013
  370.00  1.48977191828752255E-012
  371.00  4.46931575486257089E-013
  372.00  8.83811696700272553E-012
  373.00  2.65143509010081927E-012
  374.00  7.95430527030246024E-013
  375.00  2.38629158109073767E-013
  376.00 -3.77492040690002448E-013
  377.00  9.05935482318301269E-012
  378.00  2.71780644695490429E-012
  379.00 -1.75919047576758743E-011
  380.00 -9.94074845459534125E-013
  381.00  1.31628901156558285E-012
  382.00 -6.58324197114375795E-012
  383.00 -1.97497259134312787E-012
  384.00 -5.92491777402938927E-013
  385.00 -1.77747533220881718E-013
  386.00  1.77377269236215266E-012
  387.00  5.32131807708645878E-013
  388.00  1.59639542312593905E-013
  389.00  4.78918626937781664E-014
  390.00  1.43675588081334499E-014
  391.00 -1.42621864284664092E-011
  392.00 -1.34970735111924201E-012
  393.00 -4.04912205335772966E-013
  394.00  1.59824147628187136E-012
  395.00  2.59165607011902495E-012
  396.00  8.87474294145062176E-012
  397.00  2.66242288243518677E-012
  398.00  7.98726864730556213E-013
  399.00  2.39618059419166854E-013
  400.00  7.18854178257500688E-014
  401.00  2.15656253477250232E-014
  402.00  6.46968760431750758E-015
  403.00  1.94090628129525251E-015
  404.00  5.82271884388575950E-016
  405.00  1.74681565316572815E-016
  406.00  5.24044695949718493E-017
  407.00  1.57213408784915542E-017
  408.00  4.71640226354746718E-018
  409.00 -9.88472230358414575E-012
  410.00 -2.96541669107524526E-012
  411.00 -8.89625007322573921E-013
  412.00  7.78211066616803976E-013
  413.00  3.77285352359722976E-013
  414.00  1.13185605707916731E-013
  415.00  1.98142810385189060E-012
  416.00  5.94428431155566535E-013
  417.00  1.78328529346670001E-013
  418.00  8.33275911346242588E-012
  419.00  8.26659965458273340E-012
  420.00  2.47997989637481921E-012
  421.00  7.05289758052733695E-012
  422.00 -4.08383847212893488E-012
  423.00  3.73532017831055733E-012
  424.00  1.12059605349316760E-012
  425.00 -2.53997793533737251E-012
  426.00 -7.61993380601211913E-013
  427.00  3.50198475200912589E-013
  428.00  1.05059542560273857E-013
  429.00  3.15178627680822784E-014
  430.00  7.10699809617087999E-012
  431.00  1.48523494372645721E-013
  432.00  7.25464056568595943E-013
  433.00  2.17639216970579025E-013
  434.00 -4.51432313238677404E-012
  435.00 -1.35429693971603205E-012
  436.00 -4.06289081914809414E-013
  437.00 -1.04478085757842925E-011
  438.00  1.41818538842737993E-011
  439.00  4.25455616528214061E-012
  440.00  1.27636684958464218E-012
  441.00  3.82910054875392695E-013
  442.00  1.14873016462617829E-013
  443.00 -1.32253751248499709E-011
  444.00 -3.96761253745499191E-012
  445.00 -1.19028376123649757E-012
  446.00 -3.57085128370949322E-013
  447.00 -1.07125538511284812E-013
  448.00  2.00476007064586835E-012
  449.00 -5.54895343867588093E-012
  450.00 -1.66468603160276444E-012
  451.00 -4.99405809480829332E-013
  452.00 -1.49821742844248800E-013
  453.00 -4.49465228532746500E-014
  454.00 -1.34839568559823981E-014
  455.00 -4.04518705679472039E-015
  456.00 -1.21355611703841624E-015
  457.00 -3.64066835111524910E-016
  458.00 -2.00757752695657643E-011
  459.00 -6.02273258086973057E-012
  460.00 -1.80681977426091901E-012
  461.00 -5.42045932278275946E-013
  462.00 -1.62613779683482829E-013
  463.00 -4.87841339050448588E-014
  464.00 -1.46352401715134595E-014
  465.00 -1.56696245498965837E-011
  466.00  8.14753368411640380E-013
  467.00  2.44426010523491629E-013
  468.00  7.33278031570474383E-014
  469.00  2.19983409471142315E-014
  470.00  2.30674619235827797E-012
  471.00 -2.19056958667502203E-012
  472.00 -6.57170876002506770E-013
  473.00 -1.97151262800751991E-013
  474.00 -5.91453788402256376E-014
  475.00 -1.77436136520676925E-014
  476.00 -5.32308409562030713E-015
  477.00 -1.59692522868609119E-015
  478.00 -4.79077568605827121E-016
  479.00 -1.43723270581748136E-016
  480.00 -4.31169811745244754E-017
  481.00  1.24202998584096458E-012
  482.00  3.72608995752289415E-013
  483.00  1.11782698725686764E-013
  484.00 -5.80256680605241971E-012
  485.00  2.40073819853637125E-012
  486.00  4.78418511234835417E-012
  487.00 -6.90880294075029503E-012
  488.00 -2.07264088222508827E-012
  489.00 -4.25202941650432770E-013
  490.00 -8.45982689712686825E-012
  491.00 -2.53794806913806080E-012
  492.00 -7.61384420741418300E-013
  493.00 -2.28415326222425500E-013
  494.00 -6.85245978667276804E-014
  495.00  4.80078342882802994E-012
  496.00  1.44023502864840963E-012
  497.00  4.32070508594522969E-013
  498.00  1.29621152578356871E-013
  499.00  3.88863457735070788E-014
  500.00  1.16659037320521268E-014
  501.00  3.49977111961563804E-015
  502.00 -4.55745874540604480E-012
  503.00 -1.36723762362181388E-012
  504.00 -4.10171287086544236E-013
  505.00 -1.23051386125963296E-013
  506.00 -3.69154158377890128E-014
  507.00 -1.10746247513367083E-014
  508.00 -6.83103838354543954E-012
  509.00 -2.04931151506363219E-012
  510.00  4.85319537247105049E-012
  511.00  1.45595861174131482E-012
  512.00  4.36787583522394609E-013
  513.00 -4.49212411512859500E-012
  514.00 -1.34763723453857882E-012
  515.00 -4.04291170361573768E-013
  516.00  4.69635700617616775E-012
  517.00  1.40890710185285008E-012
  518.00 -3.29007474445443885E-012
  519.00 -9.87022423336331534E-013
  520.00 -2.96106727000899581E-013
  521.00 -8.88320181002699022E-014
  522.00 -3.69521280537714247E-012
  523.00 -1.10856384161314355E-012
  524.00 -3.32569152483942883E-013
  525.00 -9.97707457451829001E-014
  526.00 -2.99312237235548650E-014
  527.00 -4.59111191087698879E-011
  528.00 -1.37733357326309709E-011
  529.00 -4.13200071978929143E-012
  530.00  1.62242937304527934E-012
  531.00  4.86728811913583480E-013
  532.00  1.46018643574075125E-013
  533.00  4.38055930722224970E-014
  534.00  1.31416779216667516E-014
  535.00  3.94250337650002675E-015
  536.00  1.18275101295001118E-015
  537.00  7.48517267515243956E-012
  538.00  2.24555180254573163E-012
  539.00  6.73665540763719609E-013
  540.00 -3.38042449267438552E-012
  541.00 -1.01412734780231554E-012
  542.00 -3.70057011307712318E-012
  543.00 -1.11017103392313704E-012
  544.00 -7.90941940784789150E-012
  545.00 -2.37282582235436753E-012
  546.00  9.06125413383826808E-012
  547.00  2.71837624015148042E-012
  548.00  4.21904797251082686E-012
  549.00  1.26571439175324838E-012
  550.00 -6.92534231705032921E-012
  551.00 -2.07760269511509933E-012
  552.00 -7.41334502207971444E-013
  553.00 -1.61028426622291020E-011
  554.00 -4.83085279866873092E-012
  555.00 -1.44925583960061976E-012
  556.00 -3.23359579636548135E-012
  557.00 -9.70078738909644729E-013
  558.00 -2.91023621672893358E-013
  559.00 -8.73070865018679847E-014
  560.00 -2.61921259505603948E-014
  561.00 -7.85763778516812127E-015
  562.00 -2.35729133555043701E-015
  563.00 -3.38127235897859796E-011
  564.00  2.59969241636158241E-012
  565.00  7.79907724908475025E-013
  566.00  2.33972317472542518E-013
  567.00  7.01916952417627629E-014
  568.00 -2.54660276445150394E-011
  569.00 -7.63980829335451312E-012
  570.00  7.26625722535937261E-013
  571.00 -6.58010828463730374E-012
  572.00 -1.97403248539119112E-012
  573.00 -5.92209745617357215E-013
  574.00 -1.77662923685207190E-013
  575.00 -5.32988771055621771E-014
  576.00 -1.59896631316686576E-014
  577.00 -4.79689893950059790E-015
  578.00 -7.62227805389852989E-012
  579.00 -1.38095859247486676E-012
  580.00 -4.14287577742460027E-013
  581.00  1.70065045584177757E-012
  582.00  5.10195136752533272E-013
  583.00  9.18740313213996172E-012
  584.00 -6.29097339593960438E-012
  585.00 -1.88729201878188147E-012
  586.00  9.01675942370043394E-012
  587.00  2.70502782711013067E-012
  588.00 -1.84024093005159674E-011
  589.00  1.46674375355166250E-011
  590.00  4.40023126065498944E-012
  591.00  1.32006937819649699E-012
  592.00  3.96020813458949138E-013
  593.00  1.18806244037684752E-013
  594.00 -9.06909220688359202E-012
  595.00  9.78370624957892748E-012
  596.00  2.93511187487367873E-012
  597.00  8.80533562462103700E-013
  598.00  2.64160068738631211E-013
  599.00 -2.60634401008492450E-012
  600.00 -7.81903203025477269E-013
  601.00  1.20462094249901141E-012
  602.00  3.61386282749703100E-013
  603.00  1.08415884824910930E-013
  604.00  3.25247654474732487E-014
  605.00  9.75742963424199987E-015
  606.00  2.92722889027260375E-015
  607.00 -2.14748756047044489E-011
  608.00 -6.44246268141133468E-012
  609.00 -1.93273880442340065E-012
