   10.0  0.99852882322882808     
   11.0  0.99742958141078952     
   12.0  0.99590391820764845     
   13.0  0.99391768631358579     
   14.0  0.99145432075320805     
   15.0  0.98851148675397205     
   16.0  0.98509754977067054     
   17.0  0.98122842933318355     
   18.0  0.97692504460067708     
   19.0  0.97221136510503714     
   20.0  0.96711299044230403     
   21.0  0.96165615324240983     
   22.0  0.95586704102971709     
   23.0  0.94977134720891632     
   24.0  0.94339398000959696     
   25.0  0.93675887619849563     
   26.0  0.92988888184154062     
   27.0  0.92280567455567253     
   28.0  0.91552971122750326     
   29.0  0.90808019161185705     
   30.0  0.90047503290511488     
   31.0  0.89273085321295287     
   32.0  0.88486296346657600     
   33.0  0.87688536808415118     
   34.0  0.86881077482562441     
   35.0  0.86065061408227506     
   36.0  0.85241506745450624     
   37.0  0.84411310502318615     
   38.0  0.83575253036623709     
   39.0  0.82734003189796501     
   40.0  0.81888123914811894     
   41.0  0.81038078225844368     
   42.0  0.80184235312538243     
   43.0  0.79326876665457802     
   44.0  0.78466202082408198     
   45.0  0.77602335425284796     
   46.0  0.76735330050150619     
   47.0  0.75865173823251508     
   48.0  0.74991793681383190     
   49.0  0.74115059685324480     
   50.0  0.73234788565049935     
   51.0  0.72350746741676952     
   52.0  0.71462652816094507     
   53.0  0.70570179555558354     
   54.0  0.69672955361431399     
   55.0  0.68770565248185889     
   56.0  0.67862551337081845     
   57.0  0.66948412854594908     
   58.0  0.66027605661723199     
   59.0  0.65099541271250239     
   60.0  0.64163585368283116     
   61.0  0.63219055775844957     
   62.0  0.62265219836251717     
   63.0  0.61301291157510196     
   64.0  0.60326425631332559     
   65.0  0.59339716634256101     
   66.0  0.58340189299740253     
   67.0  0.57326793683051591     
   68.0  0.56298396642350867     
   69.0  0.55253772183139260     
   70.0  0.54191589956529207     
   71.0  0.53110401527133400     
   72.0  0.52008623889682160     
   73.0  0.50884519613477919     
   74.0  0.49736172766192249     
   75.0  0.48561459507846766     
   76.0  0.47358011908363690     
   77.0  0.46123173013710889     
   78.0  0.44853940476144510     
   79.0  0.43546895034087196     
   80.0  0.42198108573863807     
   81.0  0.40803024228766510     
   82.0  0.39356297398067053     
   83.0  0.37851580918662392     
   84.0  0.36281228392425352     
   85.0  0.34635874025637031     
   86.0  0.32903819632483855     
   87.0  0.31070108131978874     
   88.0  0.29115061842021223     
   89.0  0.27011850621876948     
   90.0  0.24722162641870182     
   91.0  0.22187775506982674     
   92.0  0.19311961712846282     
   93.0  0.15909908888502455     
   94.0  0.11523653851383125     
   95.0  3.45514595113349046E-002
   96.0  3.91160108216402966E-008
   97.0  1.49043082521444579E-008
   98.0  2.01529545188214720E-012
   99.0  6.04588635564644120E-013
   100.  1.81376590669393236E-013
   101. -2.15184729638476353E-012
   102. -6.45554188915429020E-013
   103.  9.15721430992529612E-013
   104. -8.24984876173314877E-013
   105.  8.45650401178667007E-013
   106.  2.53695120353600163E-013
   107. -1.81193744240804222E-012
   108. -1.75221673468656741E-012
   109. -5.25665020405970222E-013
   110. -1.57699506121791112E-013
   111. -6.13662069401938901E-013
   112. -1.84098620820581711E-013
   113. -5.52295862461745221E-014
   114.  5.31460433190714539E-013
   115.  1.59438129957214352E-013
   116.  4.78314389871643143E-014
   117. -2.46053227594610430E-012
   118. -7.38159682783831331E-013
   119. -2.21447904835149399E-013
   120. -6.64343714505448198E-014
   121. -7.73536582650673857E-013
   122. -2.32060974795202197E-013
   123. -6.96182924385606592E-014
   124.  2.05129114239481551E-012
   125.  8.81788143982014833E-013
   126. -3.20223067445404117E-012
   127. -9.60669202336212432E-013
   128. -2.94731902550125151E-012
   129. -8.84195707650375634E-013
   130. -2.65258712295112690E-013
   131. -9.99819823191635935E-013
   132.  2.85837674261416967E-012
   133.  8.07128158571427016E-013
   134.  2.42138447571428145E-013
   135.  7.26415342714284663E-014
   136.  2.17924602814285418E-014
   137. -1.57033916748858862E-012
   138. -4.71101750246576646E-013
   139. -1.41330525073973029E-013
   140. -4.23991575221919176E-014
   141. -2.49047180308267174E-012
   142. -3.58573595606115272E-012
   143.  3.48781529645560023E-012
   144.  1.04634458893668003E-012
   145.  1.06364080220790294E-012
   146.  3.35022186234058527E-012
   147.  2.73322163783044338E-012
   148. -1.94258589880595485E-012
   149. -5.82775769641786577E-013
   150. -1.74832730892536008E-013
   151. -5.24498192677608113E-014
   152. -1.57349457803282472E-014
   153. -4.72048373409847463E-015
   154. -1.41614512022954278E-015
   155. -4.24843536068862914E-016
   156. -7.13151533658526913E-013
   157. -2.13945460097558109E-013
   158. -6.41836380292674328E-014
   159. -1.92550914087802317E-014
   160. -5.77652742263407094E-015
   161. -1.73295822679022120E-015
   162. -5.19887468037066380E-016
   163. -1.55966240411119924E-016
   164. -2.71117689244696899E-012
   165. -8.13353067734090858E-013
   166. -2.44005920320227308E-013
   167. -7.32017760960682151E-014
   168. -2.19605328288204689E-014
   169.  2.83662328112917686E-012
   170.  8.50986984338753159E-013
   171.  3.99570811926636191E-012
   172.  1.19871243577990865E-012
   173. -1.22876103149465855E-012
   174. -3.68628309448397637E-013
   175. -2.51112299608094793E-012
   176. -7.53336898824284561E-013
   177.  1.49042374009475538E-008
   178. -3.68244236776914490E-012
   179. -3.33117384757102859E-012
   180. -9.99352154271308659E-013
   181. -2.99805646281392618E-013
   182. -8.99416938844178081E-014
   183.  1.18903526283109483E-012
   184.  3.56710578849328531E-013
   185. -3.07785624229095884E-012
   186.  1.46735085389758224E-012
   187.  4.40205256169274702E-013
   188.  1.32061576850782411E-013
   189.  3.96184730552347308E-014
   190.  1.18855419165704192E-014
   191.  3.56566257497112687E-015
   192.  1.06969877249133834E-015
   193.  3.20909631747401590E-016
   194.  1.10962501363516760E-012
   195. -4.97514648807017730E-012
   196. -1.49254394642105331E-012
   197.  1.12457215968667812E-012
   198.  3.37371647906003537E-013
   199.  7.12120435790738548E-013
   200.  2.13636130737221605E-013
   201.  6.40908392211664840E-014
   202.  1.26665873481170487E-012
   203. -9.24350943286639446E-013
   204. -2.81128871793257642E-012
   205. -8.43386615379772926E-013
   206. -2.53015984613931928E-013
   207.  2.89060713330541023E-012
   208.  8.67182139991623070E-013
   209.  1.90597989033404746E-012
   210. -3.75896808355362004E-012
   211. -1.12769042506608626E-012
   212. -3.38307127519825957E-013
   213.  1.64196475450626442E-012
   214.  4.92589426351879385E-013
   215.  1.47776827905563851E-013
   216.  4.43330483716691641E-014
   217.  1.32999145115007499E-014
   218.  8.83514179267181862E-013
   219.  2.65054253780154559E-013
   220.  7.95162761340463625E-014
   221.  8.57991262076567218E-013
   222. -9.47317599720394247E-013
   223. -2.84195279916118345E-013
   224. -8.52585839748354984E-014
   225.  1.80705244507157820E-012
   226.  5.42115733521473481E-013
   227.  1.62634720056442095E-013
   228.  4.87904160169326284E-014
   229.  3.34090124283366255E-012
   230. -1.17276905703868351E-013
   231. -3.51830717111605143E-014
   232. -1.05549215133481565E-014
   233. -3.16647645400444766E-015
   234. -9.49942936201334455E-016
   235. -3.27746338519035420E-012
   236. -9.83239015557106461E-013
   237. -2.94971704667132019E-013
   238. -8.84915114001396058E-014
   239. -2.65474534200418874E-014
   240. -7.26545294369308548E-013
   241. -2.17963588310792564E-013
   242. -6.63245341920604514E-013
   243. -1.98973602576181410E-013
   244. -5.96920807728544381E-014
   245. -1.79076242318563377E-014
   246. -5.37228726955690242E-015
   247. -1.61168618086707100E-015
   248. -4.83505854260121340E-016
   249. -1.45051756278036451E-016
   250. -4.35155268834109465E-017
   251. -1.30546580650232846E-017
   252. -3.91639741950698583E-018
   253. -1.17491922585209567E-018
   254. -3.52475767755628769E-019
   255.  2.01017731656925231E-012
   256.  6.03053194970775873E-013
   257.  1.80915958491232757E-013
   258.  5.42747875473698397E-014
   259.  1.62824362642109563E-014
   260.  3.15610419610325215E-012
   261.  9.46831258830975807E-013
   262.  2.84049377649292772E-013
   263.  8.52148132947878368E-014
   264.  2.55644439884363517E-014
   265.  7.66933319653090739E-015
   266. -5.41437743121828797E-013
   267. -1.62431322936548664E-013
   268. -4.87293968809646056E-014
   269. -1.04689422515014541E-012
   270. -3.14068267545043673E-013
   271. -1.31136962046917603E-012
   272.  1.31096259450085622E-012
   273.  3.93288778350256957E-013
   274.  1.94409220423284930E-013
   275.  5.83227661269854816E-014
   276.  3.63712003097334199E-012
   277. -2.69571859649162455E-013
   278. -8.08715578947487492E-014
   279. -2.42614673684246241E-014
   280. -6.62950284757873229E-013
   281. -1.14246721010313137E-012
   282.  8.29010865622694571E-013
   283. -9.35475630793851363E-013
   284. -2.80642689238155510E-013
   285. -3.94297661993570292E-012
   286. -9.00128297469868926E-013
   287.  4.84045388710510472E-013
   288.  3.98008401589414585E-012
   289.  7.77362688388785240E-013
   290.  1.39475763039842650E-012
   291. -3.65183760558000223E-012
   292. -1.09555128167400079E-012
   293. -3.28665384502200338E-013
   294.  1.79993166200965753E-012
   295.  5.39979498602897299E-013
   296.  1.96150119714900000E-012
   297.  5.88450359144699960E-013
   298.  1.76535107743410023E-013
   299. -4.86667531155743147E-012
   300. -9.94924649385579110E-013
   301. -2.98477394815673804E-013
   302.  9.94130015635568802E-013
   303. -1.19861683013413031E-012
   304.  5.19514570012397579E-012
   305. -7.08248537734848673E-012
   306. -2.12474561320454675E-012
   307. -6.37423683961364185E-013
   308. -1.91227105188409261E-013
   309. -5.73681315565227908E-014
   310.  1.29323702398721725E-012
   311.  3.87971107196165267E-013
   312. -1.42994126050961905E-012
   313. -4.28982378152885807E-013
   314. -1.47604087886575119E-012
   315. -9.87250516380829675E-013
   316. -1.16521335478635819E-012
   317. -1.95427645932134646E-012
   318. -5.86282937796404079E-013
   319. -1.75884881338921279E-013
   320. -5.27654644016763875E-014
   321. -1.58296393205029200E-014
   322. -4.74889179615087649E-015
   323.  1.96885622838371558E-013
   324.  5.90656868515114698E-014
   325.  1.77197060554534428E-014
   326.  5.31591181663603333E-015
   327.  1.59477354499081039E-015
   328.  3.74736006508686038E-013
   329.  1.12420801952605839E-013
   330.  3.37262405857817543E-014
   331.  1.01178721757345298E-014
   332.  3.03536165272035980E-015
   333.  9.10608495816108254E-016
   334.  2.73182548744832535E-016
   335.  1.69571799535976519E-012
   336.  5.08715398607929697E-013
   337.  1.52614619582378899E-013
   338. -1.14939833035092937E-012
   339.  3.11740963694822452E-013
   340.  9.35222891084467407E-014
   341.  2.80566867325340273E-014
   342.  1.32231605576910747E-012
   343. -9.98427068652553582E-013
   344. -1.53092109254583741E-012
   345. -4.59276327763751323E-013
   346. -1.37782898329125432E-013
   347. -4.13348694987376360E-014
   348. -7.47900289081577549E-013
   349.  1.18391513695880445E-012
   350. -1.07525424607522117E-012
   351. -3.22576273822566453E-013
   352. -1.33944832619700240E-012
   353. -1.42547583472983263E-012
   354. -4.27642750418949820E-013
   355. -1.28292825125684971E-013
   356. -3.84878475377055015E-014
   357.  7.61619726584276634E-012
   358.  3.10069793001915497E-013
   359.  9.30209379005746718E-014
   360. -4.55523316005450754E-012
   361. -1.36656994801635230E-012
   362.  1.66745694034000714E-013
   363.  5.00237082102002232E-014
   364.  1.50071124630600701E-014
   365. -8.68783187557234680E-013
   366. -1.24385039029830720E-012
   367. -2.35157454292839906E-012
   368. -7.05472362878519921E-013
   369. -2.11641708863555976E-013
   370.  1.35700057488626842E-012
   371.  4.07100172465880598E-013
   372.  5.03937485366778562E-012
   373.  1.51181245610033605E-012
   374.  4.53543736830100926E-013
   375.  1.36063121049030283E-013
   376. -1.80633020195694974E-012
   377.  2.13824463566211316E-013
   378.  6.41473390698634049E-014
   379. -1.78472959822928013E-012
   380. -1.73994975848517968E-012
   381.  2.24853000401877816E-012
   382. -4.77775567908668941E-012
   383. -1.43332670372600723E-012
   384. -4.29998011117802249E-013
   385. -1.28999403335340700E-013
   386. -7.12922102642207794E-013
   387. -2.13876630792662389E-013
   388. -6.41629892377987242E-014
   389. -1.92488967713396166E-014
   390. -5.77466903140188530E-015
   391. -1.39366482422532486E-012
   392.  9.71026546788577881E-013
   393.  2.91307964036573395E-013
   394.  1.85111675167803527E-012
   395. -9.54958515148012493E-013
   396.  3.11699216126826886E-013
   397.  9.35097648380480886E-014
   398.  2.80529294514144297E-014
   399.  8.41587883542432829E-015
   400.  2.52476365062729841E-015
   401.  7.57429095188189700E-016
   402.  2.27228728556456949E-016
   403.  6.81686185669371070E-017
   404.  2.04505855700811315E-017
   405.  6.13517567102434083E-018
   406.  1.84055270130730256E-018
   407.  5.52165810392190979E-019
   408.  1.65649743117657337E-019
   409. -3.15412279279910711E-012
   410. -9.46236837839732334E-013
   411. -2.83871051351919811E-013
   412.  1.74276275410977085E-012
   413.  1.71159512801097732E-012
   414.  5.13478538403293258E-013
   415. -1.68770451623790029E-012
   416. -5.06311354871370189E-013
   417. -1.51893406461411107E-013
   418.  2.88487540008632970E-013
   419.  4.51144292733243373E-012
   420.  1.35343287819973016E-012
   421. -8.39101823272860687E-013
   422.  1.03607924708637376E-012
   423. -3.16483865174263448E-013
   424. -9.49451595522790295E-014
   425. -1.66233734073488006E-012
   426. -4.98701202220464039E-013
   427. -1.89042655222889035E-012
   428. -5.67127965668667164E-013
   429. -1.70138389700600195E-013
   430. -8.84636876988866591E-013
   431.  1.34836804611301239E-012
   432.  1.60696031993208394E-012
   433.  4.82088095979625283E-013
   434.  1.29635878810200497E-012
   435.  3.88907636430601583E-013
   436.  1.16672290929180505E-013
   437. -5.16588489798279022E-012
   438.  1.59255234336636738E-012
   439.  4.77765703009910254E-013
   440.  1.43329710902973127E-013
   441.  4.29989132708919380E-014
   442.  1.28996739812675836E-014
   443. -1.43139257912881356E-012
   444. -4.29417773738644158E-013
   445. -1.28825332121593278E-013
   446. -3.86475996364779896E-014
   447. -1.15942798909433991E-014
   448.  1.59178964086406239E-012
   449. -4.53997634269006422E-014
   450. -1.36199290280701936E-014
   451. -4.08597870842105824E-015
   452. -1.22579361252631747E-015
   453. -3.67738083757895251E-016
   454. -1.10321425127368583E-016
   455. -3.30964275382105859E-017
   456. -9.92892826146317824E-018
   457. -2.97867847843895416E-018
   458. -7.01847154059012600E-012
   459. -2.10554146217703845E-012
   460. -6.31662438653111534E-013
   461. -1.89498731595933506E-013
   462. -5.68496194787800719E-014
   463. -1.70548858436340247E-014
   464. -5.11646575309020726E-015
   465. -9.74086732892467549E-013
   466. -9.90279443098572022E-013
   467. -2.97083832929571677E-013
   468. -8.91251498788715285E-014
   469. -2.67375449636614585E-014
   470. -1.86192450716270271E-012
   471.  1.42862699194416539E-012
   472.  4.28588097583249677E-013
   473.  1.28576429274974923E-013
   474.  3.85729287824924783E-014
   475.  1.15718786347477444E-014
   476.  3.47156359042432404E-015
   477.  1.04146907712729745E-015
   478.  3.12440723138189284E-016
   479.  9.37322169414568023E-017
   480.  2.81196650824370432E-017
   481. -1.12342167798120117E-012
   482. -3.37026503394360360E-013
   483. -1.01107951018308131E-013
   484.  5.28689777741964993E-014
   485. -6.39517445766955548E-013
   486. -5.52668162244815646E-013
   487.  8.31808268066262095E-013
   488.  2.49542480419878649E-013
   489. -1.70831680704188075E-012
   490. -3.02614644762144453E-013
   491. -9.07843934286433535E-014
   492. -2.72353180285930048E-014
   493. -8.17059540857790143E-015
   494. -2.45117862257337114E-015
   495. -2.15659539936545361E-012
   496. -6.46978619809636082E-013
   497. -1.94093585942890870E-013
   498. -5.82280757828672736E-014
   499. -1.74684227348601865E-014
   500. -5.24052682045805579E-015
   501. -1.57215804613741717E-015
   502.  1.11741682347018952E-012
   503.  3.35225047041056957E-013
   504.  1.00567514112317107E-013
   505.  3.01702542336951372E-014
   506.  9.05107627010854117E-015
   507.  2.71532288103256290E-015
   508.  1.50067098011426776E-012
   509.  4.50201294034280307E-013
   510. -1.47115767099870810E-012
   511. -4.41347301299612459E-013
   512. -1.32404190389883748E-013
   513.  4.88866709502017798E-013
   514.  1.46660012850605340E-013
   515.  4.39980038551816107E-014
   516. -1.41604828425547556E-012
   517. -4.24814485276642719E-013
   518.  6.49133518854461333E-013
   519.  1.94740055656338440E-013
   520.  5.84220166969015422E-014
   521.  1.75266050090704627E-014
   522.  1.78060109095692119E-012
   523.  5.34180327287076379E-013
   524.  1.60254098186122964E-013
   525.  4.80762294558368993E-014
   526.  1.44228688367510742E-014
   527. -9.04287058146792933E-012
   528. -2.71286117444037969E-012
   529. -8.13858352332113946E-013
   530. -2.70746182260842304E-012
   531. -8.12238546782526973E-013
   532. -2.43671564034758152E-013
   533. -7.31014692104274533E-014
   534. -2.19304407631282379E-014
   535. -6.57913222893847294E-015
   536. -1.97373966868154212E-015
   537. -1.36767689086211933E-012
   538. -4.10303067258635848E-013
   539. -1.23090920177590785E-013
   540.  6.98126241791350236E-013
   541.  2.09437872537405111E-013
   542.  1.75688977092248614E-012
   543.  5.27066931276745884E-013
   544.  7.20308851932337764E-013
   545.  2.16092655579701365E-013
   546. -3.94844005826673663E-013
   547. -1.18453201748002139E-013
   548. -8.02628463215734994E-013
   549. -2.40788538964720518E-013
   550. -4.14534951633653166E-013
   551. -1.24360485490095975E-013
   552. -1.23914832784443408E-012
   553. -1.92354556103736260E-012
   554. -5.77063668311208922E-013
   555. -1.73119100493362732E-013
   556.  6.46373399040026350E-013
   557.  1.93912019712007905E-013
   558.  5.81736059136023891E-014
   559.  1.74520817740807205E-014
   560.  5.23562453222421742E-015
   561.  1.57068735966726554E-015
   562.  4.71206207900179682E-016
   563. -6.65219977458906182E-012
   564. -6.26923474642496321E-013
   565. -1.88077042392748937E-013
   566. -5.64231127178246898E-014
   567. -1.69269338153474057E-014
   568. -7.17390187179671463E-012
   569. -2.15217056153901447E-012
   570.  2.64279328281160912E-012
   571.  1.67528203474001179E-012
   572.  5.02584610422003558E-013
   573.  1.50775383126601113E-013
   574.  4.52326149379803326E-014
   575.  1.35697844813941004E-014
   576.  4.07093534441822996E-015
   577.  1.22128060332546926E-015
   578.  6.41211278983172402E-013
   579. -1.86356245525243734E-012
   580. -5.59068736575731222E-013
   581. -9.96452395979526833E-013
   582. -2.98935718793858030E-013
   583.  3.36338436131875796E-013
   584. -3.88776206815490552E-012
   585. -1.16632862044647186E-012
   586.  4.00441251494955204E-013
   587.  1.20132375448486581E-013
   588. -2.30455972084926693E-012
   589.  2.18682322747129943E-012
   590.  6.56046968241390031E-013
   591.  1.96814090472417045E-013
   592.  5.90442271417251184E-014
   593.  1.77132681425175387E-014
   594.  3.08078509603933073E-013
   595.  3.46770096717562549E-013
   596.  1.04031029015268785E-013
   597.  3.12093087045806393E-014
   598.  9.36279261137419368E-015
   599.  7.40062486843529696E-013
   600.  2.22018746053058944E-013
   601. -2.39295495196381305E-012
   602. -7.17886485589144098E-013
   603. -2.15365945676743285E-013
   604. -6.46097837030229905E-014
   605. -1.93829351109068984E-014
   606. -5.81488053327207063E-015
   607. -8.09996432205925763E-012
   608. -2.42998929661777786E-012
   609. -7.28996788985333336E-013
