  2.000000000000  3.27679998690655339E-008
  3.000000000000  3.27679998690655339E-008
  4.000000000000  3.27679892109244975E-008
  5.000000000000  3.27678364442363090E-008
  6.000000000000  3.27669180677503391E-008
  7.000000000000  3.27638520758455343E-008
  8.000000000000  3.27566169744386571E-008
  9.000000000000  3.27429994229078147E-008
  10.00000000000  3.27209832562402880E-008
  11.00000000000  3.26889608714964197E-008
  12.00000000000  3.26457598731622056E-008
  13.00000000000  3.25905427089878685E-008
  14.00000000000  3.25226334751960167E-008
  15.00000000000  3.24413544916524188E-008
  16.00000000000  3.23458291262568309E-008
  17.00000000000  3.22348858716736686E-008
  18.00000000000  3.21069872910584309E-008
  19.00000000000  3.19602628806592293E-008
  20.00000000000  3.17925739068414259E-008
  21.00000000000  3.16016626200621431E-008
  22.00000000000  3.13853369959815609E-008
  23.00000000000  3.11416332721137223E-008
  24.00000000000  3.08690433215019766E-008
  25.00000000000  3.05666514321956129E-008
  26.00000000000  3.02343350355727125E-008
  27.00000000000  2.98728100034395538E-008
  28.00000000000  2.94837469994035928E-008
  29.00000000000  2.90697697025166235E-008
  30.00000000000  2.86344379318848041E-008
  31.00000000000  2.81821899150713762E-008
  32.00000000000  2.77182561347899536E-008
  33.00000000000  2.72485172203573711E-008
  34.00000000000  2.67794089126027757E-008
  35.00000000000  2.63177364345779097E-008
  36.00000000000  2.58705661337899073E-008
  37.00000000000  2.54450673864425880E-008
  38.00000000000  2.50483918051713772E-008
  39.00000000000  2.46875657694545225E-008
  40.00000000000  2.43693829560243103E-008
  41.00000000000  2.41003519363403029E-008
  42.00000000000  2.38866304513862815E-008
  43.00000000000  2.37340032072097529E-008
  44.00000000000  4.73566608150122192E-009
  45.00000000000  4.74533301542123809E-009
  46.00000000000  4.77230432949227179E-009
  47.00000000000  4.81753303915866127E-009
  48.00000000000  4.88193929726321585E-009
  49.00000000000  4.96639174230040226E-009
  50.00000000000  5.07172082109264011E-009
  51.00000000000  5.19876852678180512E-009
  52.00000000000  5.34835109533560171E-009
  53.00000000000  5.52132650710746020E-009
  54.00000000000  5.71858116416024131E-009
  55.00000000000  5.94104410112095138E-009
  56.00000000000  6.18971807142543184E-009
  57.00000000000  6.46568221185361836E-009
  58.00000000000  6.77011691152529238E-009
  59.00000000000  7.10431979911163580E-009
  60.00000000000  7.46970840737049002E-009
  61.00000000000  7.86783971307158936E-009
  62.00000000000  8.30043767052757175E-009
  63.00000000000  8.76938877070188028E-009
  64.00000000000  9.27678023288081022E-009
  65.00000000000  9.82489289924615150E-009
  66.00000000000  1.04162571901156298E-008
  67.00000000000  1.10536060304866623E-008
  68.00000000000  1.17399778787330433E-008
  69.00000000000  1.24786678767918602E-008
  70.00000000000  1.32732864699391939E-008
  71.00000000000  1.41277824994290313E-008
  72.00000000000  1.50464707360242755E-008
  73.00000000000  3.68082275770120759E-009
  74.00000000000  3.94271637560450472E-009
  75.00000000000  4.22546886369445929E-009
  76.00000000000  4.53081394624632594E-009
  77.00000000000  4.86063278515302954E-009
  78.00000000000  5.21699305977563199E-009
  79.00000000000  5.60215429601385040E-009
  80.00000000000  6.01859362348022842E-009
  81.00000000000  6.46901732181959233E-009
  82.00000000000  6.95639457148899965E-009
  83.00000000000  7.48397432914771343E-009
  84.00000000000  8.05533240111344639E-009
  85.00000000000  8.67435900886448508E-009
  86.00000000000  9.34536004137953569E-009
  87.00000000000  1.00730259688930346E-008
  88.00000000000  1.08625295425213153E-008
  89.00000000000  1.17195524396151995E-008
  90.00000000000  1.26503305608594019E-008
  91.00000000000  1.36617286372597846E-008
  92.00000000000  1.47613006262758972E-008
  93.00000000000  1.59573527724887754E-008
  94.00000000000  4.39518643702285772E-009
  95.00000000000  4.78206185761109737E-009
  96.00000000000  5.20593435027194573E-009
  97.00000000000  5.67061597678275575E-009
  98.00000000000  6.18033713095655912E-009
  99.00000000000  6.73981492838038321E-009
  100.0000000000  7.35425942366418894E-009
  101.0000000000  8.02950506084698645E-009
  102.0000000000  8.77201333793209415E-009
  103.0000000000  9.58899892822273614E-009
  104.0000000000  1.04884874119193228E-008
  105.0000000000  1.14794440619903071E-008
  106.0000000000  1.25718440102673412E-008
  107.0000000000  1.37768516594860557E-008
  108.0000000000  1.51069068365927706E-008
  109.0000000000  1.65759370673868034E-008
  110.0000000000  5.08568476220716548E-009
  111.0000000000  5.62251489810705607E-009
  112.0000000000  6.22039397768503477E-009
  113.0000000000  6.88672940896140062E-009
  114.0000000000  7.62987539815185301E-009
  115.0000000000  8.45925995918150875E-009
  116.0000000000  9.38555100304938605E-009
  117.0000000000  1.04207842355208413E-008
  118.0000000000  1.15785789844835563E-008
  119.0000000000  1.28743495864114266E-008
  120.0000000000  1.43255443063594612E-008
  121.0000000000  1.59519251141659879E-008
  122.0000000000  1.77759043040737197E-008
  123.0000000000  6.03554894951230381E-009
  124.0000000000  6.78285339006379218E-009
  125.0000000000  7.62868257453419574E-009
  126.0000000000  8.58674553683158592E-009
  127.0000000000  9.67271418517157144E-009
  128.0000000000  1.09045581453415252E-008
  129.0000000000  1.23028769394295523E-008
  130.0000000000  1.38913041070054533E-008
  131.0000000000  1.56969637288284503E-008
  132.0000000000  1.77509900112227115E-008
  133.0000000000  2.00891703272532141E-008
  134.0000000000  7.50774198365888878E-009
  135.0000000000  8.57505089157939437E-009
  136.0000000000  9.80201075861941717E-009
  137.0000000000  1.12135154495263123E-008
  138.0000000000  1.28384600728281839E-008
  139.0000000000  1.47104284309307332E-008
  140.0000000000  1.68684426427034850E-008
  141.0000000000  1.93578841845010174E-008
  142.0000000000  7.81375497638236993E-009
  143.0000000000  9.05388652938654559E-009
  144.0000000000  1.04991713101298956E-008
  145.0000000000  1.21846914780121551E-008
  146.0000000000  1.41516798279894829E-008
  147.0000000000  1.64486184672796298E-008
  148.0000000000  1.91325426612820593E-008
  149.0000000000  2.22705542896051156E-008
  150.0000000000  9.74907976569738821E-009
  151.0000000000  1.14623492919463388E-008
  152.0000000000  1.34865771883596608E-008
  153.0000000000  1.58796149563045219E-008
  154.0000000000  1.87102600079924741E-008
  155.0000000000  2.20603566525312544E-008
  156.0000000000  1.03102317794423470E-008
  157.0000000000  1.22814034497764624E-008
  158.0000000000  1.46391321287353549E-008
  159.0000000000  1.74606369363061731E-008
  160.0000000000  2.08387369582396786E-008
  161.0000000000  2.48850109407783293E-008
  162.0000000000  1.24400112433420418E-008
  163.0000000000  1.50102987817035682E-008
  164.0000000000  1.81216934791450512E-008
  165.0000000000  2.18894862236140852E-008
  166.0000000000  2.64536654803748661E-008
  167.0000000000  1.40253835212433842E-008
  168.0000000000  1.71271272719764056E-008
  169.0000000000  2.09239607862343746E-008
  170.0000000000  2.55726986253534960E-008
  171.0000000000  1.42482110554453811E-008
  172.0000000000  1.75956653691855536E-008
  173.0000000000  2.17365747623432526E-008
  174.0000000000  2.68594653185516563E-008
  175.0000000000  1.57337205486385301E-008
  176.0000000000  1.96432194954354600E-008
  177.0000000000  2.45284472732976155E-008
  178.0000000000  3.06323930665541866E-008
  179.0000000000  1.88702267145401947E-008
  180.0000000000  2.38060660073813324E-008
  181.0000000000  3.00326163937825186E-008
  182.0000000000  1.92623530459457015E-008
  183.0000000000  2.45434899071028667E-008
  184.0000000000  3.12670405122617012E-008
  185.0000000000  2.08786463673504841E-008
  186.0000000000  2.68573354667012154E-008
  187.0000000000  3.45349393526817039E-008
  188.0000000000  2.40043496191333361E-008
  189.0000000000  3.11561230148527102E-008
  190.0000000000  2.23160427914592674E-008
  191.0000000000  2.92285418090898474E-008
  192.0000000000  2.15694742067285006E-008
  193.0000000000  2.84980439246851347E-008
  194.0000000000  3.76123003853479076E-008
  195.0000000000  2.88575678908387090E-008
  196.0000000000  3.83928178138148724E-008
  197.0000000000  3.03209897190015454E-008
  198.0000000000  2.44200704102581767E-008
  199.0000000000  3.30180798258083996E-008
  200.0000000000  2.73476321588361770E-008
  201.0000000000  3.72063526654642374E-008
  202.0000000000  3.16635198061021583E-008
  203.0000000000  2.74499214469869912E-008
  204.0000000000  3.78136393308636798E-008
  205.0000000000  3.36162715441901128E-008
  206.0000000000  3.04056957389775562E-008
  207.0000000000  4.22429016211367525E-008
  208.0000000000  3.90517707060666908E-008
  209.0000000000  3.66508521310038304E-008
  210.0000000000  3.48822251083902302E-008
  211.0000000000  3.36191687821951746E-008
  212.0000000000  4.68548755350184365E-008
  213.0000000000  4.55228250650918653E-008
  214.0000000000  4.44385168663075092E-008
  215.0000000000  4.33648748021653319E-008
  216.0000000000  4.19710999288724906E-008
  217.0000000000  3.97628543424843883E-008
  218.0000000000  4.81982440625472464E-008
  219.0000000000  3.89377676768276615E-008
  220.0000000000  4.06337963276826031E-008
  221.0000000000 -1.47425178731452888E-008
  222.0000000000 -5.54170873634518557E-008
  223.0000000000 -5.46865366324311708E-008
  224.0000000000 -4.57484774507577185E-008
  225.0000000000 -4.71284113956471629E-008
  226.0000000000 -4.95875558392810944E-008
  227.0000000000 -5.44976708205524574E-008
  228.0000000000 -5.27373238412565115E-008
  229.0000000000 -5.55047237060790621E-008
  230.0000000000 -5.43265619157295987E-008
  231.0000000000 -5.94897584527132040E-008
  232.0000000000 -5.53035486294817247E-008
  233.0000000000 -6.01885501438914616E-008
  234.0000000000 -6.07015420150958107E-008
  235.0000000000 -6.05098102735013299E-008
  236.0000000000 -6.35284200800612098E-008
  237.0000000000 -6.32305046099901347E-008
  238.0000000000 -6.29281300401629551E-008
  239.0000000000 -6.46734790166192397E-008
  240.0000000000 -6.60792405238197489E-008
  241.0000000000 -6.78558533806494779E-008
  242.0000000000 -6.83301141224390562E-008
  243.0000000000 -6.93542540064484569E-008
  244.0000000000 -7.05760810904010327E-008
  245.0000000000 -7.09821401741413430E-008
  246.0000000000 -6.94350254927046898E-008
  247.0000000000 -6.81800497947964103E-008
  248.0000000000 -6.71429415859129974E-008
  249.0000000000 -6.46141748637103324E-008
  250.0000000000 -6.93155358192160055E-008
  251.0000000000 -6.62897331902436307E-008
  252.0000000000 -5.87151225993872736E-008
  253.0000000000 -6.31584398489512583E-008
  254.0000000000 -5.92111110517734783E-008
  255.0000000000 -6.01432095804832213E-008
  256.0000000000 -6.06004019644418505E-008
  257.0000000000 -5.75470284921527723E-008
  258.0000000000 -6.21623233494892134E-008
  259.0000000000 -5.48364361989892901E-008
  260.0000000000 -4.75750988972754599E-008
  261.0000000000 -3.42430494197251178E-008
  262.0000000000 -5.20500918064225403E-008
  263.0000000000 -2.00207714083306891E-008
  264.0000000000 -5.12376389088749111E-008
  265.0000000000 -6.30504898694965249E-008
  266.0000000000 -6.27838220753922630E-008
  267.0000000000 -6.67663957180108843E-008
  268.0000000000 -1.51757950209807684E-008
  269.0000000000 -3.30751989522871409E-008
  270.0000000000 -6.05620139939090070E-008
  271.0000000000 -3.81081267293189720E-008
  272.0000000000 -5.44602769035006580E-008
  273.0000000000  1.96159291396822865E-008
  274.0000000000 -7.03180943225957851E-008
  275.0000000000  4.74386339037887912E-008
  276.0000000000 -1.70849618562055609E-008
  277.0000000000  3.61276863449624166E-008
  278.0000000000 -6.52998106981465727E-008
  279.0000000000 -1.42692880058720222E-008
  280.0000000000 -5.48089543781414380E-008
  281.0000000000 -5.39598441119612431E-008
  282.0000000000 -5.15208388098997341E-008
  283.0000000000 -2.25743037746573715E-008
  284.0000000000 -7.39564872421163182E-008
  285.0000000000  1.04627559022304552E-007
  286.0000000000 -2.41976323310905987E-008
  287.0000000000  7.96583316641070972E-009
  288.0000000000  4.38069721749748988E-008
  289.0000000000  4.96280779306176299E-008
  290.0000000000  4.14956538687098323E-008
  291.0000000000  5.69095313131633445E-009
  292.0000000000  4.87649221212396459E-009
  293.0000000000 -7.43900288716846521E-008
  294.0000000000  3.92207092737518511E-008
  295.0000000000  9.33203579758346987E-009
  296.0000000000 -8.13481192630373234E-008
  297.0000000000 -8.30625081114245333E-008
  298.0000000000 -1.32865695204630692E-007
  299.0000000000  2.48273878396910134E-008
  300.0000000000  1.61975345640931594E-008
  301.0000000000  4.29509959536444385E-008
  302.0000000000  1.02723335245228873E-007
  303.0000000000 -7.00641877770482012E-008
  304.0000000000  5.11985501086547291E-009
  305.0000000000 -2.70126248783579968E-008
  306.0000000000  7.04966973897832130E-009
  307.0000000000 -5.58215028939242961E-008
  308.0000000000  1.30482671974450355E-009
  309.0000000000 -7.16161391517376663E-008
  310.0000000000 -1.40781469237818505E-007
  311.0000000000 -1.26496053027200429E-007
  312.0000000000 -7.42552926336880185E-008
  313.0000000000 -9.10106547992906324E-008
  314.0000000000 -2.16876524758540408E-008
  315.0000000000  2.76400151959315216E-008
  316.0000000000  5.48458292414901540E-008
  317.0000000000  1.45211278055064201E-007
  318.0000000000 -1.88956208870172777E-007
  319.0000000000 -4.80721380900590903E-008
  320.0000000000 -1.02527399909256325E-008
  321.0000000000  1.47243390357397931E-007
  322.0000000000  1.32142184004043708E-008
  323.0000000000  8.24317742229656546E-008
  324.0000000000 -7.58580422567545297E-008
  325.0000000000  7.89165994979415983E-008
  326.0000000000  1.20658212655263095E-007
  327.0000000000  2.82228140673575564E-009
  328.0000000000 -7.12248278728440383E-008
  329.0000000000  6.72189964530100417E-008
  330.0000000000 -2.10679714361886965E-008
  331.0000000000 -3.14556176244535743E-008
  332.0000000000  7.41385967088123672E-008
  333.0000000000  3.29973285210388903E-008
  334.0000000000 -1.84439384561017891E-007
  335.0000000000  6.95201594366098271E-008
  336.0000000000 -8.08476266554020698E-008
  337.0000000000  2.70953784421647578E-008
  338.0000000000  1.94294888277256698E-008
  339.0000000000 -1.36326485770553136E-007
  340.0000000000 -1.20198751874796331E-009
  341.0000000000  4.68932562274917388E-008
  342.0000000000  1.18280556903020299E-008
  343.0000000000  1.72954158348863482E-007
  344.0000000000 -3.00161634623945361E-008
  345.0000000000  9.70228483244394392E-008
  346.0000000000 -1.22938345447020334E-007
  347.0000000000 -1.04241861186404880E-008
  348.0000000000 -3.94860950289473452E-008
  349.0000000000  4.84595304160695858E-008
  350.0000000000  1.02549864333823637E-007
  351.0000000000  7.10711192774613482E-008
  352.0000000000  1.30188063560820267E-007
  353.0000000000 -1.27312152651664207E-007
  354.0000000000 -9.49392446736030959E-008
  355.0000000000 -1.09168088351559466E-008
  356.0000000000  1.46386964149878272E-007
  357.0000000000  8.66445303124220361E-008
  358.0000000000 -1.07428979559463388E-007
  359.0000000000  6.25951194108381313E-008
  360.0000000000 -9.58553361899846279E-008
  361.0000000000  1.35882408708037881E-007
  362.0000000000  9.25872905114347351E-008
  363.0000000000  1.15163942223225875E-008
  364.0000000000 -1.05963113588372108E-009
  365.0000000000  2.27050227718023412E-007
  366.0000000000  1.82435632936568507E-007
  367.0000000000  2.74096211948676043E-009
  368.0000000000  1.36927454881659414E-007
  369.0000000000  3.58288365341049199E-009
  370.0000000000  3.93789902185979897E-008
  371.0000000000 -6.92145789537024326E-008
  372.0000000000 -1.24459779199073769E-007
  373.0000000000 -6.71885675362441690E-008
  374.0000000000  2.33293885912800454E-008
  375.0000000000  1.54902031642766769E-008
  376.0000000000 -1.95298345944749104E-008
  377.0000000000  2.30260262185606249E-008
  378.0000000000 -2.15912988282344952E-007
  379.0000000000  2.13487166363261678E-007
  380.0000000000  8.22255455486996997E-008
  381.0000000000 -2.59682831254571523E-008
  382.0000000000 -1.04631704842435257E-007
  383.0000000000 -1.23784003212978708E-007
  384.0000000000 -1.05752161877234272E-007
  385.0000000000  7.03647045649924627E-008
  386.0000000000 -7.42977587345732996E-008
  387.0000000000 -7.80129098809394504E-008
  388.0000000000  3.60442405153094064E-008
  389.0000000000 -1.48458217518314401E-007
  390.0000000000 -4.28701651969785995E-008
  391.0000000000 -6.94386992254267783E-008
  392.0000000000 -6.94112530397441787E-008
  393.0000000000 -1.65635310548208459E-007
  394.0000000000  2.56578437823754397E-007
  395.0000000000 -1.15987886397072968E-007
  396.0000000000  1.70666533923244368E-007
  397.0000000000 -4.08668819003154586E-009
  398.0000000000  6.86756257600541666E-008
  399.0000000000 -3.60360972532416361E-008
  400.0000000000 -3.69015717430649609E-008
  401.0000000000 -1.01211606545669947E-007
  402.0000000000  1.77223371004265414E-007
  403.0000000000  1.20712421836762376E-007
  404.0000000000  6.98154519636339427E-008
  405.0000000000  2.46426637647053280E-007
  406.0000000000 -4.24869748776176462E-008
  407.0000000000  1.48687815191948312E-007
  408.0000000000  1.43825592960517663E-007
  409.0000000000 -2.08095895416630045E-007
  410.0000000000  1.24108034714074245E-007
  411.0000000000  2.12171237920591327E-008
  412.0000000000 -6.40618438665218728E-009
  413.0000000000 -2.93901603631130836E-008
  414.0000000000 -2.02509172776170375E-007
  415.0000000000 -9.75113316895195756E-008
  416.0000000000  7.62017159308258485E-008
  417.0000000000  1.41983069306639923E-007
  418.0000000000 -1.48379877641957919E-007
  419.0000000000  1.30656960121105003E-007
  420.0000000000 -2.22215750004327997E-007
  421.0000000000 -8.07417870525878859E-008
  422.0000000000  1.85215926485904743E-007
  423.0000000000  1.56873998646599751E-007
  424.0000000000  1.16052408663450504E-007
  425.0000000000  1.29540340450184826E-007
  426.0000000000  3.12151082368498143E-008
  427.0000000000 -1.81239638088525833E-007
  428.0000000000  8.19505817990805121E-008
  429.0000000000  1.62144278424239577E-007
  430.0000000000  2.11115356654822500E-007
  431.0000000000 -1.94422313089597943E-007
  432.0000000000  1.49055204280131060E-007
  433.0000000000 -5.20683072287580445E-009
  434.0000000000 -1.99216290349681242E-007
  435.0000000000 -1.35704216868831629E-007
  436.0000000000  1.53999753629197811E-007
  437.0000000000 -7.21350013992499399E-008
  438.0000000000  1.55391562626722264E-007
  439.0000000000 -1.54612090261217831E-007
  440.0000000000 -8.35131349579578388E-008
  441.0000000000  1.78987646735011067E-007
  442.0000000000  2.09106044142754401E-007
  443.0000000000 -6.68743536739879316E-008
  444.0000000000  6.70092875305092123E-008
  445.0000000000  7.14219831591435483E-008
  446.0000000000 -3.03061760510220520E-008
  447.0000000000 -2.78763212419075448E-008
  448.0000000000 -2.00486680732515745E-008
  449.0000000000 -1.54355527452270344E-007
  450.0000000000 -1.22020869841295443E-007
  451.0000000000  1.48445512811663903E-007
  452.0000000000 -5.56978043465727193E-009
  453.0000000000 -8.80365452399005889E-008
  454.0000000000 -1.45336464334930129E-007
  455.0000000000 -2.01594513327461832E-007
  456.0000000000  2.09693423150412613E-007
  457.0000000000  2.63091951726812230E-007
  458.0000000000 -3.45373040848044997E-008
  459.0000000000 -6.74431706553360092E-008
  460.0000000000 -1.01483821097206742E-007
  461.0000000000 -5.47046213507011746E-008
  462.0000000000  1.14945000797163526E-007
  463.0000000000 -2.71021581675348864E-007
  464.0000000000  2.25212597930221152E-007
  465.0000000000 -2.62208778236960145E-007
  466.0000000000  3.83377621889868603E-009
  467.0000000000 -1.48440881136052487E-007
  468.0000000000 -2.89618596586504311E-007
  469.0000000000  1.23700034634810265E-007
  470.0000000000 -2.38857736493418346E-007
  471.0000000000  8.42031445703411606E-008
  472.0000000000  1.44520940147534473E-007
  473.0000000000  1.52963350413132502E-007
  474.0000000000  3.14117141324184882E-007
  475.0000000000  2.95637597814475949E-008
  476.0000000000 -1.53832641812536068E-007
  477.0000000000 -2.98423642592763263E-007
  478.0000000000 -2.96331962879054476E-007
  479.0000000000 -2.77234182981119194E-007
  480.0000000000  3.26347564372387777E-007
  481.0000000000 -1.46838902140856124E-007
  482.0000000000  5.69350417835435759E-008
  483.0000000000 -3.19525082571671381E-007
  484.0000000000 -3.32163378217824160E-007
  485.0000000000  3.55897910770812151E-008
  486.0000000000 -2.47936452565793844E-007
  487.0000000000 -4.61955414536521537E-008
  488.0000000000  1.94608801820178044E-007
  489.0000000000  2.66155677146418417E-007
  490.0000000000 -3.00276390102287242E-007
  491.0000000000 -2.62579850833386133E-008
  492.0000000000  2.78827936466591480E-007
  493.0000000000 -3.65497361706445482E-007
  494.0000000000  4.01325766507486345E-007
  495.0000000000  1.80619373216926131E-007
  496.0000000000  2.13240145592652402E-007
  497.0000000000  3.01105438533525879E-007
  498.0000000000  1.76770765348335612E-007
  499.0000000000  9.80514759052391305E-008
  500.0000000000 -1.44889253300519758E-007
  501.0000000000  1.46854762927305635E-007
  502.0000000000  2.76833149954461937E-007
  503.0000000000  4.11548984728262381E-007
  504.0000000000  2.60544259597089744E-007
  505.0000000000 -2.88819277358974402E-007
  506.0000000000 -3.19942553459776566E-007
  507.0000000000 -2.20465507803524831E-007
  508.0000000000 -3.60248013191022452E-007
  509.0000000000 -3.34577892173231207E-007
  510.0000000000 -3.63404717935141364E-007
  511.0000000000 -3.68672072930818300E-007
  512.0000000000  1.56358698745143348E-007
  513.0000000000 -6.69034959929815011E-009
  514.0000000000 -1.74594417376410813E-007
  515.0000000000 -2.70364887869903882E-007
  516.0000000000  2.13180059230738190E-007
  517.0000000000  3.58533671318234458E-007
  518.0000000000  4.12966778252934980E-008
  519.0000000000  1.48205813372847843E-007
  520.0000000000 -3.94199555833779208E-007
  521.0000000000 -3.56762340769859873E-007
  522.0000000000 -2.15346871068508142E-007
  523.0000000000  2.62229555086969492E-007
  524.0000000000  8.56776842722244777E-008
  525.0000000000  8.80097125594876612E-008
  526.0000000000  3.89580738244397701E-008
  527.0000000000  1.06743739419229242E-007
  528.0000000000 -3.98612932764109311E-007
  529.0000000000  1.25938799276855166E-008
  530.0000000000 -1.48971986246462971E-007
  531.0000000000  1.87241829272288182E-007
  532.0000000000  2.79648242454358394E-007
  533.0000000000 -1.45999312971039632E-007
  534.0000000000  2.93608521122676551E-007
  535.0000000000 -2.03949360198586111E-007
  536.0000000000  2.97097311326603536E-007
  537.0000000000  3.17387451629009343E-007
  538.0000000000  3.31877654117748582E-007
  539.0000000000 -3.99970823514422083E-007
  540.0000000000  7.10195666877168072E-008
  541.0000000000  3.32050286168552083E-007
  542.0000000000 -3.93563046916021951E-007
  543.0000000000  9.22080799337852904E-008
  544.0000000000  2.87244548001239001E-007
  545.0000000000 -1.24979827595400693E-007
  546.0000000000  5.37588080332097434E-009
  547.0000000000  2.05843239431656691E-008
  548.0000000000  3.14253108818140438E-007
  549.0000000000  2.47354930963760537E-007
  550.0000000000  3.10139927403253801E-007
  551.0000000000  3.00736021175738793E-007
  552.0000000000 -4.28919973069505684E-007
  553.0000000000  2.06328539880225723E-007
  554.0000000000 -3.64281782299101504E-007
  555.0000000000 -3.15856993856667969E-007
  556.0000000000 -1.53085594771526135E-007
  557.0000000000 -2.18524933900123611E-009
  558.0000000000 -1.91255708073342043E-007
  559.0000000000  1.37898995783416106E-007
  560.0000000000  3.41988524605636022E-007
  561.0000000000 -1.02421519130839966E-007
  562.0000000000  3.61643045666609777E-007
  563.0000000000  1.42805649257990975E-007
  564.0000000000 -1.94626125872428890E-008
  565.0000000000  1.98358289343864961E-007
  566.0000000000 -3.35103637666765266E-007
  567.0000000000 -3.66330920563663396E-007
  568.0000000000  2.06338314592148007E-007
  569.0000000000  1.27712737478674332E-007
  570.0000000000  4.68371652372336931E-009
  571.0000000000  3.53121078905542669E-007
  572.0000000000 -4.80228833519210399E-007
  573.0000000000  3.01457411282718137E-007
  574.0000000000 -3.35769875996692517E-007
  575.0000000000 -3.50186385742501356E-007
  576.0000000000 -1.61152747229785873E-007
  577.0000000000 -3.00885019221609892E-007
  578.0000000000  2.43800410581846735E-007
  579.0000000000  9.69954498577939088E-008
  580.0000000000  2.78509543635415378E-007
  581.0000000000 -3.52186768353618899E-007
  582.0000000000  2.62151291503236117E-007
  583.0000000000 -2.12953013126535455E-007
  584.0000000000  3.18461513549061834E-007
  585.0000000000 -2.14211411606714765E-007
  586.0000000000  3.24110954274710283E-007
  587.0000000000  1.96916926676558685E-007
  588.0000000000 -2.18665210709992493E-007
  589.0000000000 -1.18268088136022333E-010
  590.0000000000  9.48579202549433141E-008
  591.0000000000  1.89578619636806358E-007
  592.0000000000 -3.69636092870806705E-007
  593.0000000000 -2.97125167760402023E-007
  594.0000000000  1.54692188423865306E-007
  595.0000000000 -3.52649412177451823E-007
  596.0000000000  2.37664327694368968E-007
  597.0000000000 -1.74393182302536098E-007
  598.0000000000  3.05367376294478731E-007
  599.0000000000 -2.49833166446194197E-007
  600.0000000000 -3.88899886782102636E-007
  601.0000000000 -2.87355797330347244E-007
  602.0000000000 -2.99232882669677627E-007
  603.0000000000  3.68482986872732093E-007
