  2.0000000 -0.13689180959455516     
  3.0000000 -0.13689180962596076     
  4.0000000 -0.13689180962625835     
  5.0000000 -0.13689180966377110     
  6.0000000 -0.13689181056379163     
  7.0000000 -0.13689181084111746     
  8.0000000 -0.13689181742823925     
  9.0000000 -0.13689184322901704     
  10.000000 -0.13689191890118313     
  11.000000 -0.13689209901971777     
  12.000000 -0.13689246616262901     
  13.000000 -0.13689313125671115     
  14.000000 -0.13689423305305698     
  15.000000 -0.13689592626266361     
  16.000000 -0.13689838396690884     
  17.000000 -0.13690178727848559     
  18.000000 -0.13690632132745365     
  19.000000 -0.13691217128061101     
  20.000000 -0.13691951943569422     
  21.000000 -0.13692854329282769     
  22.000000 -0.13693941443261232     
  23.000000 -0.13695229800973366     
  24.000000 -0.13696735268214313     
  25.000000 -0.13698473082291723     
  26.000000 -0.13700457889430268     
  27.000000 -0.13702703789496051     
  28.000000 -0.13705224381884173     
  29.000000 -0.13708032808629683     
  30.000000 -0.13711141792492332     
  31.000000 -0.13714563668986379     
  32.000000 -0.13718310412162552     
  33.000000 -0.13722393654482670     
  34.000000 -0.13726824701437670     
  35.000000 -0.13731614541708742     
  36.000000 -0.13736773962093080     
  37.000000 -0.13742313141135110     
  38.000000 -0.13748242234156938     
  39.000000 -0.13754571003845303     
  40.000000 -0.13761308907706757     
  41.000000 -0.13768465097057189     
  42.000000 -0.13776048415957209     
  43.000000 -0.13784067400369518     
  44.000000 -0.13792530277742202     
  45.000000 -0.13801444967160698     
  46.000000 -0.13810819080160702     
  47.000000 -0.13820659922252601     
  48.000000 -0.13830974495175605     
  49.000000 -0.13841769499874018     
  50.000000 -0.13853051340169117     
  51.000000 -0.13864826127085877     
  52.000000 -0.13877099683784286     
  53.000000 -0.13889877551038871     
  54.000000 -0.13903164993206454     
  55.000000 -0.13916967004621192     
  56.000000 -0.13931288316356225     
  57.000000 -0.13946133540929184     
  58.000000 -0.13961506649271041     
  59.000000 -0.13977411745635585     
  60.000000 -0.13993852581139549     
  61.000000 -0.14010832680993934     
  62.000000 -0.14028355352340469     
  63.000000 -0.14046423692113860     
  64.000000 -0.14065040594896416     
  65.000000 -0.14084208760735417     
  66.000000 -0.14103930702897069     
  67.000000 -0.14124208755534337     
  68.000000 -0.14145045081248811     
  69.000000 -0.14166441678529881     
  70.000000 -0.14188400389056738     
  71.000000 -0.14210922904851414     
  72.000000 -0.14234010775272898     
  73.000000 -0.14257665413844520     
  74.000000 -0.14281888104908178     
  75.000000 -0.14306680010100861     
  76.000000 -0.14332042174649898     
  77.000000 -0.14357975533484649     
  78.000000 -0.14384480917163489     
  79.000000 -0.14411559057615472     
  80.000000 -0.14439210593697227     
  81.000000 -0.14467436076565859     
  82.000000 -0.14496235974869476     
  83.000000 -0.14525610679757206     
  84.000000 -0.14555560509711107     
  85.000000 -0.14586085715202496     
  86.000000 -0.14617186621389028     
  87.000000 -0.14648863096108139     
  88.000000 -0.14681115335172731     
  89.000000 -0.14713943360232620     
  90.000000 -0.14747347145674730     
  91.000000 -0.14781326622289540     
  92.000000 -0.14815881680784146     
  93.000000 -0.14851012175145750     
  94.000000 -0.14886717925858720     
  95.000000 -0.14922998722978636     
  96.000000 -0.14959854329066827     
  97.000000 -0.14997284481988568     
  98.000000 -0.15035288897578264     
  99.000000 -0.15073867272174757     
  100.00000 -0.15113019285030041     
  101.00000 -0.15152744600594367     
  102.00000 -0.15193042870680865     
  103.00000 -0.15233913736512580     
  104.00000 -0.15275356830654963     
  105.00000 -0.15317371778836539     
  106.00000 -0.15359958201660726     
  107.00000 -0.15403115716211452     
  108.00000 -0.15446844032861487     
  109.00000 -0.15491142586262169     
  110.00000 -0.15536011076704576     
  111.00000 -0.15581449121159327     
  112.00000 -0.15627456339578147     
  113.00000 -0.15674032355912018     
  114.00000 -0.15721176799040171     
  115.00000 -0.15768889303612219     
  116.00000 -0.15817169510805509     
  117.00000 -0.15866017068999952     
  118.00000 -0.15915431634372146     
  119.00000 -0.15965412871411011     
  120.00000 -0.16015960453356592     
  121.00000 -0.16067074062563994     
  122.00000 -0.16118753390794033     
  123.00000 -0.16170998139432360     
  124.00000 -0.16223808019638483     
  125.00000 -0.16277182752426139     
  126.00000 -0.16331122068676368     
  127.00000 -0.16385625709084342     
  128.00000 -0.16440693424041222     
  129.00000 -0.16496324973451745     
  130.00000 -0.16552520126488401     
  131.00000 -0.16609278661282825     
  132.00000 -0.16666600364554784     
  133.00000 -0.16724485052044066     
  134.00000 -0.16782932463535816     
  135.00000 -0.16841942443657071     
  136.00000 -0.16901514807131571     
  137.00000 -0.16961649374275212     
  138.00000 -0.17022345970227065     
  139.00000 -0.17083604424113832     
  140.00000 -0.17145424527536540     
  141.00000 -0.17207806174668455     
  142.00000 -0.17270749175659175     
  143.00000 -0.17334253364606744     
  144.00000 -0.17398318574167143     
  145.00000 -0.17462944634257493     
  146.00000 -0.17528131311277417     
  147.00000 -0.17593878523257561     
  148.00000 -0.17660186039297016     
  149.00000 -0.17727053662481632     
  150.00000 -0.17794481185132918     
  151.00000 -0.17862468326096850     
  152.00000 -0.17931014952657232     
  153.00000 -0.18000120766517783     
  154.00000 -0.18069785495743348     
  155.00000 -0.18140008794405985     
  156.00000 -0.18210790433110136     
  157.00000 -0.18282130026797302     
  158.00000 -0.18354027199972689     
  159.00000 -0.18426481493620314     
  160.00000 -0.18499492548335839     
  161.00000 -0.18573059840369555     
  162.00000 -0.18647182840672799     
  163.00000 -0.18721860919048131     
  164.00000 -0.18797093538445134     
  165.00000 -0.18872879972898268     
  166.00000 -0.18949219429144906     
  167.00000 -0.19026111176320887     
  168.00000 -0.19103554295251565     
  169.00000 -0.19181547781565342     
  170.00000 -0.19260090670597740     
  171.00000 -0.19339181798067703     
  172.00000 -0.19418819894643216     
  173.00000 -0.19499003713048757     
  174.00000 -0.19579731749495768     
  175.00000 -0.19661002520385418     
  176.00000 -0.19742814330083500     
  177.00000 -0.19825165343308096     
  178.00000 -0.19908053699084824     
  179.00000 -0.19991477260112664     
  180.00000 -0.20075433866982309     
  181.00000 -0.20159921088138127     
  182.00000 -0.20244936443881234     
  183.00000 -0.20330477212102216     
  184.00000 -0.20416540491283799     
  185.00000 -0.20503123304902229     
  186.00000 -0.20590222382216208     
  187.00000 -0.20677834394262717     
  188.00000 -0.20765955730697694     
  189.00000 -0.20854582717022732     
  190.00000 -0.20943711416843985     
  191.00000 -0.21033337832473620     
  192.00000 -0.21123457754426420     
  193.00000 -0.21214066835170722     
  194.00000 -0.21305160682490287     
  195.00000 -0.21396734710121162     
  196.00000 -0.21488784333736108     
  197.00000 -0.21581304845255175     
  198.00000 -0.21674291492864070     
  199.00000 -0.21767739564375069     
  200.00000 -0.21861644292185362     
  201.00000 -0.21956000951470159     
  202.00000 -0.22050804842751895     
  203.00000 -0.22146051392351387     
  204.00000 -0.22241736054217656     
  205.00000 -0.22337854403364071     
  206.00000 -0.22434402132331818     
  207.00000 -0.22531375040633475     
  208.00000 -0.22628769135414634     
  209.00000 -0.22726580508439245     
  210.00000 -0.22824805401303258     
  211.00000 -0.22923440284787835     
  212.00000 -0.23022481721979665     
  213.00000 -0.23121926421039612     
  214.00000 -0.23221771308230391     
  215.00000 -0.23322013462628891     
  216.00000 -0.23422650010852189     
  217.00000 -0.23523678315020444     
  218.00000 -0.23625095791120385     
  219.00000 -0.23726900052794259     
  220.00000 -0.23829088772833915     
  221.00000 -0.23931659713814465     
  222.00000 -0.24034610678790330     
  223.00000 -0.24137939578221179     
  224.00000 -0.24241644284704988     
  225.00000 -0.24345722683451262     
  226.00000 -0.24450172606532850     
  227.00000 -0.24554991693205933     
  228.00000 -0.24660177395061680     
  229.00000 -0.24765726719073589     
  230.00000 -0.24871636045130760     
  231.00000 -0.24977900587959556     
  232.00000 -0.25084513629687599     
  233.00000 -0.25191464732636670     
  234.00000 -0.25298736086936463     
  235.00000 -0.25406294411570673     
  236.00000 -0.25514078324639478     
  237.00000 -0.25622001820795082     
  238.00000 -0.25729993489526021     
  239.00000 -0.25838016569987893     
  240.00000 -0.25946055369394883     
  241.00000 -0.26054102924981892     
  242.00000 -0.26162155823037286     
  243.00000 -0.26270212222698464     
  244.00000 -0.26378271051101132     
  245.00000 -0.26486331642273603     
  246.00000 -0.26594393561495305     
  247.00000 -0.26702456512919354     
  248.00000 -0.26810520287711220     
  249.00000 -0.26918584734617712     
  250.00000 -0.27026649740986802     
  251.00000 -0.27134715220779937     
  252.00000 -0.27242781107782382     
  253.00000 -0.27350847349137264     
  254.00000 -0.27458913903191490     
  255.00000 -0.27566980735338470     
  256.00000 -0.27675047817442111     
  257.00000 -0.27783115126088354     
  258.00000 -0.27891182641586437     
  259.00000 -0.27999250347879362     
  260.00000 -0.28107318229437439     
  261.00000 -0.28215386275247151     
  262.00000 -0.28323454473934706     
  263.00000 -0.28431522816122584     
  264.00000 -0.28539591293548938     
  265.00000 -0.28647659898889882     
  266.00000 -0.28755728625616134     
  267.00000 -0.28863797467875546     
  268.00000 -0.28971866421335379     
  269.00000 -0.29079935479460284     
  270.00000 -0.29188004638763293     
  271.00000 -0.29296073896321784     
  272.00000 -0.29404143246607994     
  273.00000 -0.29512212688232525     
  274.00000 -0.29620282216219512     
  275.00000 -0.29728351829701727     
  276.00000 -0.29836421524074935     
  277.00000 -0.29944491298956505     
  278.00000 -0.30052561149959012     
  279.00000 -0.30160631077181371     
  280.00000 -0.30268701077475829     
  281.00000 -0.30376771147948484     
  282.00000 -0.30484841289052828     
  283.00000 -0.30592911496770153     
  284.00000 -0.30700981772098052     
  285.00000 -0.30809052112225610     
  286.00000 -0.30917122515762330     
  287.00000 -0.31025192980197253     
  288.00000 -0.31133263506776726     
  289.00000 -0.31241334092995310     
  290.00000 -0.31349404737714803     
  291.00000 -0.31457475438600874     
  292.00000 -0.31565546197225164     
  293.00000 -0.31673617011231892     
  294.00000 -0.31781687879669407     
  295.00000 -0.31889758800234475     
  296.00000 -0.31997829774948722     
  297.00000 -0.32105900801464760     
  298.00000 -0.32213971878972580     
  299.00000 -0.32322043006695500     
  300.00000 -0.32430114183885139     
  301.00000 -0.32538185408400372     
  302.00000 -0.32646256682483293     
  303.00000 -0.32754328003937183     
  304.00000 -0.32862399372109041     
  305.00000 -0.32970470786370304     
  306.00000 -0.33078542246112530     
  307.00000 -0.33186613750746319     
  308.00000 -0.33294685298217891     
  309.00000 -0.33402756891031554     
  310.00000 -0.33510828527070718     
  311.00000 -0.33618900205810592     
  312.00000 -0.33726971926744503     
  313.00000 -0.33835043689379879     
  314.00000 -0.33943115493237735     
  315.00000 -0.34051187337851940     
  316.00000 -0.34159259222768790     
  317.00000 -0.34267331146016111     
  318.00000 -0.34375403110308300     
  319.00000 -0.34483475113608641     
  320.00000 -0.34591547155505009     
  321.00000 -0.34699619235598234     
  322.00000 -0.34807691353498743     
  323.00000 -0.34915763508826148     
  324.00000 -0.35023835701208822     
  325.00000 -0.35131907930283657     
  326.00000 -0.35239980195695680     
  327.00000 -0.35348052497097787     
  328.00000 -0.35456124832519342     
  329.00000 -0.35564197204968229     
  330.00000 -0.35672269612409019     
  331.00000 -0.35780342054520409     
  332.00000 -0.35888414530990620     
  333.00000 -0.35996487041514275     
  334.00000 -0.36104559585792007     
  335.00000 -0.36212632163530389     
  336.00000 -0.36320704774441637     
  337.00000 -0.36428777418243513     
  338.00000 -0.36536850094659040     
  339.00000 -0.36644922803416474     
  340.00000 -0.36752995544248990     
  341.00000 -0.36861068316894635     
  342.00000 -0.36969141121096111     
  343.00000 -0.37077213956600708     
  344.00000 -0.37185286821516306     
  345.00000 -0.37293359718953034     
  346.00000 -0.37401432646960225     
  347.00000 -0.37509505605299437     
  348.00000 -0.37617578593738837     
  349.00000 -0.37725651612050376     
  350.00000 -0.37833724660009671     
  351.00000 -0.37941797737395977     
  352.00000 -0.38049870843991962     
  353.00000 -0.38157943979583758     
  354.00000 -0.38266017143960723     
  355.00000 -0.38374090336915490     
  356.00000 -0.38482163558243782     
  357.00000 -0.38590236807744355     
  358.00000 -0.38698310085218990     
  359.00000 -0.38806383390472293     
  360.00000 -0.38914456723311708     
  361.00000 -0.39022530083547452     
  362.00000 -0.39130603470992376     
  363.00000 -0.39238676885461976     
  364.00000 -0.39346750326774294     
  365.00000 -0.39454823794749833     
  366.00000 -0.39562897287534682     
  367.00000 -0.39670970808364092     
  368.00000 -0.39779044355332788     
  369.00000 -0.39887117928268490     
  370.00000 -0.39995191527003388     
  371.00000 -0.40103265151371842     
  372.00000 -0.40211338801210278     
  373.00000 -0.40319412476357236     
  374.00000 -0.40427486176653243     
  375.00000 -0.40535559901940799     
  376.00000 -0.40643633652064343     
  377.00000 -0.40751707426870204     
  378.00000 -0.40859781226206549     
  379.00000 -0.40967855049923357     
  380.00000 -0.41075928897872410     
  381.00000 -0.41184002769907185     
  382.00000 -0.41292076665882854     
  383.00000 -0.41400150585656303     
  384.00000 -0.41508224529086041     
  385.00000 -0.41616298496032111     
  386.00000 -0.41724372486356193     
  387.00000 -0.41832446499921500     
  388.00000 -0.41940520536592718     
  389.00000 -0.42048594596236033     
  390.00000 -0.42156668678719117     
  391.00000 -0.42264742783910980     
  392.00000 -0.42372816911682099     
  393.00000 -0.42480891061904313     
  394.00000 -0.42588965234450782     
  395.00000 -0.42697039429195999     
  396.00000 -0.42805113646015769     
  397.00000 -0.42913187884787152     
  398.00000 -0.43021262145388467     
  399.00000 -0.43129336427699255     
  400.00000 -0.43237410729965164     
  401.00000 -0.43345485055382049     
  402.00000 -0.43453559402154546     
  403.00000 -0.43561633770165331     
  404.00000 -0.43669708159299814     
  405.00000 -0.43777782569444512     
  406.00000 -0.43885857000487077     
  407.00000 -0.43993931452316187     
  408.00000 -0.44102005924821569     
  409.00000 -0.44210080417894027     
  410.00000 -0.44318154931425341     
  411.00000 -0.44426229465308342     
  412.00000 -0.44534304019436793     
  413.00000 -0.44642378593705456     
  414.00000 -0.44750453188010081     
  415.00000 -0.44858527802247294     
  416.00000 -0.44966602436314707     
  417.00000 -0.45074677090110798     
  418.00000 -0.45182751763535001     
  419.00000 -0.45290826456487571     
  420.00000 -0.45398901168869688     
  421.00000 -0.45506975900583374     
  422.00000 -0.45615050651531497     
  423.00000 -0.45723125421617744     
  424.00000 -0.45831200210746653     
  425.00000 -0.45939275018823544     
  426.00000 -0.46047349845754570     
  427.00000 -0.46155424691446656     
  428.00000 -0.46263499555807475     
  429.00000 -0.46371574438745516     
  430.00000 -0.46479649340170004     
  431.00000 -0.46587724259990887     
  432.00000 -0.46695799198118881     
  433.00000 -0.46803874154465408     
  434.00000 -0.46911949128942593     
  435.00000 -0.47020024121463311     
  436.00000 -0.47128099131941087     
  437.00000 -0.47236174160290145     
  438.00000 -0.47344249206425409     
  439.00000 -0.47452324270262441     
  440.00000 -0.47560399351717481     
  441.00000 -0.47668474450707427     
  442.00000 -0.47776549567149806     
  443.00000 -0.47884624700962769     
  444.00000 -0.47992699852065129     
  445.00000 -0.48100775020376291     
  446.00000 -0.48208850205816273     
  447.00000 -0.48316925408305716     
  448.00000 -0.48425000627765852     
  449.00000 -0.48533075864118497     
  450.00000 -0.48641151117286019     
  451.00000 -0.48749226387191419     
  452.00000 -0.48857301673758224     
  453.00000 -0.48965376976910541     
  454.00000 -0.49073452296573028     
  455.00000 -0.49181527632670902     
  456.00000 -0.49289602985129882     
  457.00000 -0.49397678353876279     
  458.00000 -0.49505753738836883     
  459.00000 -0.49613829138509874     
  460.00000 -0.49721904555710150     
  461.00000 -0.49829979988908379     
  462.00000 -0.49938055438032619     
  463.00000 -0.50046130903012265     
  464.00000 -0.50154206383777156     
  465.00000 -0.50262281880257698     
  466.00000 -0.50370357392384701     
  467.00000 -0.50478432920089533     
  468.00000 -0.50586508463303970     
  469.00000 -0.50694584021960298     
  470.00000 -0.50802659595991206     
  471.00000 -0.50910735185329936     
  472.00000 -0.51018810789910085     
  473.00000 -0.51126886409665762     
  474.00000 -0.51234962044531474     
  475.00000 -0.51343037694442228     
  476.00000 -0.51451113359333411     
  477.00000 -0.51559189039140851     
  478.00000 -0.51667264733800766     
  479.00000 -0.51775340443249906     
  480.00000 -0.51883416167425311     
  481.00000 -0.51991491906264509     
  482.00000 -0.52099567659705404     
  483.00000 -0.52207643427686312     
  484.00000 -0.52315719210145950     
  485.00000 -0.52423795007023433     
  486.00000 -0.52531870818258253     
  487.00000 -0.52639946643790314     
  488.00000 -0.52748022483559864     
  489.00000 -0.52856098337507607     
  490.00000 -0.52964174205574532     
  491.00000 -0.53072250087702055     
  492.00000 -0.53180325983831944     
  493.00000 -0.53288401893906334     
  494.00000 -0.53396477817867760     
  495.00000 -0.53504553755659057     
  496.00000 -0.53612629707223414     
  497.00000 -0.53720705672504432     
  498.00000 -0.53828781651446023     
  499.00000 -0.53936857643992442     
  500.00000 -0.54044933650088289     
  501.00000 -0.54153009669678509     
  502.00000 -0.54261085702708389     
  503.00000 -0.54369161749123507     
  504.00000 -0.54477237808869838     
  505.00000 -0.54585313881893649     
  506.00000 -0.54693389968141526     
  507.00000 -0.54801466067560356     
  508.00000 -0.54909542180097393     
  509.00000 -0.55017618305700189     
  510.00000 -0.55125694444316586     
  511.00000 -0.55233770595894760     
  512.00000 -0.55341846760383173     
  513.00000 -0.55449922937730611     
  514.00000 -0.55557999127886160     
  515.00000 -0.55666075330799214     
  516.00000 -0.55774151546419404     
  517.00000 -0.55882227774696713     
  518.00000 -0.55990304015581416     
  519.00000 -0.56098380269024084     
  520.00000 -0.56206456534975491     
  521.00000 -0.56314532813386797     
  522.00000 -0.56422609104209398     
  523.00000 -0.56530685407394965     
  524.00000 -0.56638761722895448     
  525.00000 -0.56746838050663106     
  526.00000 -0.56854914390650391     
  527.00000 -0.56962990742810138     
  528.00000 -0.57071067107095319     
  529.00000 -0.57179143483459305     
  530.00000 -0.57287219871855599     
  531.00000 -0.57395296272238094     
  532.00000 -0.57503372684560827     
  533.00000 -0.57611449108778146     
  534.00000 -0.57719525544844685     
  535.00000 -0.57827601992715294     
  536.00000 -0.57935678452345030     
  537.00000 -0.58043754923689284     
  538.00000 -0.58151831406703636     
  539.00000 -0.58259907901343932     
  540.00000 -0.58367984407566265     
  541.00000 -0.58476060925326956     
  542.00000 -0.58584137454582552     
  543.00000 -0.58692213995289888     
  544.00000 -0.58800290547405987     
  545.00000 -0.58908367110888094     
  546.00000 -0.59016443685693754     
  547.00000 -0.59124520271780678     
  548.00000 -0.59232596869106802     
  549.00000 -0.59340673477630346     
  550.00000 -0.59448750097309699     
  551.00000 -0.59556826728103518     
  552.00000 -0.59664903369970634     
  553.00000 -0.59772980022870126     
  554.00000 -0.59881056686761269     
  555.00000 -0.59989133361603619     
  556.00000 -0.60097210047356853     
  557.00000 -0.60205286743980913     
  558.00000 -0.60313363451435931     
  559.00000 -0.60421440169682306     
  560.00000 -0.60529516898680558     
  561.00000 -0.60637593638391485     
  562.00000 -0.60745670388776041     
  563.00000 -0.60853747149795412     
  564.00000 -0.60961823921410974     
  565.00000 -0.61069900703584334     
  566.00000 -0.61177977496277225     
  567.00000 -0.61286054299451687     
  568.00000 -0.61394131113069805     
  569.00000 -0.61502207937094033     
  570.00000 -0.61610284771486901     
  571.00000 -0.61718361616211159     
  572.00000 -0.61826438471229750     
  573.00000 -0.61934515336505802     
  574.00000 -0.62042592212002645     
  575.00000 -0.62150669097683808     
  576.00000 -0.62258745993512965     
  577.00000 -0.62366822899453978     
  578.00000 -0.62474899815470930     
  579.00000 -0.62582976741528051     
  580.00000 -0.62691053677589781     
  581.00000 -0.62799130622662791     
  582.00000 -0.62907207578640467     
  583.00000 -0.63015284544517070     
  584.00000 -0.63123361520257548     
  585.00000 -0.63231438505827187     
  586.00000 -0.63339515501191479     
  587.00000 -0.63447592506316042     
  588.00000 -0.63555669521166758     
  589.00000 -0.63663746545709587     
  590.00000 -0.63771823579910669     
  591.00000 -0.63879900623736341     
  592.00000 -0.63987977677153118     
  593.00000 -0.64096054740127606     
  594.00000 -0.64204131812626697     
  595.00000 -0.64312208894617284     
  596.00000 -0.64420285986066561     
  597.00000 -0.64528363086941842     
  598.00000 -0.64636440197210543     
  599.00000 -0.64744517316840322     
  600.00000 -0.64852594445798972     
  601.00000 -0.64960671584054352     
  602.00000 -0.65068748731574599     
  603.00000 -0.65176825888327972     
  604.00000 -0.65284903054282850     
  605.00000 -0.65392980229407760     
  606.00000 -0.65501057413671415     
  607.00000 -0.65609134607042652     
  608.00000 -0.65717211809490494     
  609.00000 -0.65825289020984068     
  610.00000 -0.65933366241492641     
  611.00000 -0.66041443470985683     
  612.00000 -0.66149520709432785     
  613.00000 -0.66257597956803627     
  614.00000 -0.66365675213068109     
  615.00000 -0.66473752478196246     
  616.00000 -0.66581829752158228     
  617.00000 -0.66689907034924256     
  618.00000 -0.66797984326464832     
  619.00000 -0.66906061626750502     
  620.00000 -0.67014138935752010     
  621.00000 -0.67122216253440159     
