  2.0000000 -0.13417127017680192     
  3.0000000 -0.13417127017680230     
  4.0000000 -0.13417127017732092     
  5.0000000 -0.13417127022011674     
  6.0000000 -0.13417127103240586     
  7.0000000 -0.13417127755780897     
  8.0000000 -0.13417130800165764     
  9.0000000 -0.13417140688078558     
  10.000000 -0.13417165656111479     
  11.000000 -0.13417218255889676     
  12.000000 -0.13417315147456635     
  13.000000 -0.13417476332384698     
  14.000000 -0.13417724106200332     
  15.000000 -0.13418081977931290     
  16.000000 -0.13418573719697438     
  17.000000 -0.13419222624754584     
  18.000000 -0.13420050990142793     
  19.000000 -0.13421079802917854     
  20.000000 -0.13422328591725222     
  21.000000 -0.13423815401416470     
  22.000000 -0.13425556851734399     
  23.000000 -0.13427568247741195     
  24.000000 -0.13429863717135471     
  25.000000 -0.13432456356553021     
  26.000000 -0.13435358374781467     
  27.000000 -0.13438581225391141     
  28.000000 -0.13442135724676466     
  29.000000 -0.13446032153195267     
  30.000000 -0.13450280340795948     
  31.000000 -0.13454889736027126     
  32.000000 -0.13459869461397547     
  33.000000 -0.13465228356225520     
  34.000000 -0.13470975008888628     
  35.000000 -0.13477117780228431     
  36.000000 -0.13483664819734315     
  37.000000 -0.13490624075961602     
  38.000000 -0.13498003302455314     
  39.000000 -0.13505810060268209     
  40.000000 -0.13514051717988926     
  41.000000 -0.13522735450037951     
  42.000000 -0.13531868233849392     
  43.000000 -0.13541456846433142     
  44.000000 -0.13551507860707285     
  45.000000 -0.13562027641900931     
  46.000000 -0.13573022344252894     
  47.000000 -0.13584497908169729     
  48.000000 -0.13596460057955703     
  49.000000 -0.13608914300186326     
  50.000000 -0.13621865922764270     
  51.000000 -0.13635319994670475     
  52.000000 -0.13649281366403487     
  53.000000 -0.13663754671084904     
  54.000000 -0.13678744326197592     
  55.000000 -0.13694254535915826     
  56.000000 -0.13710289293980948     
  57.000000 -0.13726852387073629     
  58.000000 -0.13743947398631937     
  59.000000 -0.13761577713064846     
  60.000000 -0.13779746520311620     
  61.000000 -0.13798456820699018     
  62.000000 -0.13817711430050986     
  63.000000 -0.13837512985007588     
  64.000000 -0.13857863948513360     
  65.000000 -0.13878766615437682     
  66.000000 -0.13900223118293226     
  67.000000 -0.13922235433021332     
  68.000000 -0.13944805384816072     
  69.000000 -0.13967934653961769     
  70.000000 -0.13991624781661036     
  71.000000 -0.14015877175833455     
  72.000000 -0.14040693116866759     
  73.000000 -0.14066073763305170     
  74.000000 -0.14092020157461016     
  75.000000 -0.14118533230937971     
  76.000000 -0.14145613810055840     
  77.000000 -0.14173262621168164     
  78.000000 -0.14201480295865559     
  79.000000 -0.14230267376058817     
  80.000000 -0.14259624318936784     
  81.000000 -0.14289551501795206     
  82.000000 -0.14320049226733492     
  83.000000 -0.14351117725217136     
  84.000000 -0.14382757162504187     
  85.000000 -0.14414967641934753     
  86.000000 -0.14447749209083113     
  87.000000 -0.14481101855772302     
  88.000000 -0.14515025523951480     
  89.000000 -0.14549520109436878     
  90.000000 -0.14584585465517069     
  91.000000 -0.14620221406423789     
  92.000000 -0.14656427710669792     
  93.000000 -0.14693204124255022     
  94.000000 -0.14730550363743009     
  95.000000 -0.14768466119209037     
  96.000000 -0.14806951057062184     
  97.000000 -0.14846004822742920     
  98.000000 -0.14885627043298519     
  99.000000 -0.14925817329838068     
  100.00000 -0.14966575279869379     
  101.00000 -0.15007900479519767     
  102.00000 -0.15049792505642845     
  103.00000 -0.15092250927813469     
  104.00000 -0.15135275310213034     
  105.00000 -0.15178865213407144     
  106.00000 -0.15223020196017789     
  107.00000 -0.15267739816292358     
  108.00000 -0.15313023633571232     
  109.00000 -0.15358871209656449     
  110.00000 -0.15405282110083157     
  111.00000 -0.15452255905296147     
  112.00000 -0.15499792171733309     
  113.00000 -0.15547890492818175     
  114.00000 -0.15596550459863293     
  115.00000 -0.15645771672886435     
  116.00000 -0.15695553741341503     
  117.00000 -0.15745896284765881     
  118.00000 -0.15796798933345993     
  119.00000 -0.15848261328402657     
  120.00000 -0.15900283122797962     
  121.00000 -0.15952863981265075     
  122.00000 -0.16006003580662348     
  123.00000 -0.16059701610153138     
  124.00000 -0.16113957771312543     
  125.00000 -0.16168771778162017     
  126.00000 -0.16224143357132884     
  127.00000 -0.16280072246959679     
  128.00000 -0.16336558198503681     
  129.00000 -0.16393600974507408     
  130.00000 -0.16451200349280268     
  131.00000 -0.16509356108315382     
  132.00000 -0.16568068047837606     
  133.00000 -0.16627335974282423     
  134.00000 -0.16687159703704954     
  135.00000 -0.16747539061118477     
  136.00000 -0.16808473879761132     
  137.00000 -0.16869964000289481     
  138.00000 -0.16932009269897075     
  139.00000 -0.16994609541356001     
  140.00000 -0.17057764671978812     
  141.00000 -0.17121474522497904     
  142.00000 -0.17185738955859087     
  143.00000 -0.17250557835925401     
  144.00000 -0.17315931026086873     
  145.00000 -0.17381858387771348     
  146.00000 -0.17448339778850888     
  147.00000 -0.17515375051937643     
  148.00000 -0.17582964052562489     
  149.00000 -0.17651106617228968     
  150.00000 -0.17719802571334273     
  151.00000 -0.17789051726948407     
  152.00000 -0.17858853880441694     
  153.00000 -0.17929208809949909     
  154.00000 -0.18000116272665806     
  155.00000 -0.18071576001944259     
  156.00000 -0.18143587704208058     
  157.00000 -0.18216151055640095     
  158.00000 -0.18289265698646945     
  159.00000 -0.18362931238078103     
  160.00000 -0.18437147237184609     
  161.00000 -0.18511913213299966     
  162.00000 -0.18587228633226549     
  163.00000 -0.18663092908310153     
  164.00000 -0.18739505389186423     
  165.00000 -0.18816465360183243     
  166.00000 -0.18893972033365586     
  167.00000 -0.18972024542211177     
  168.00000 -0.19050621934909495     
  169.00000 -0.19129763167281078     
  170.00000 -0.19209447095320986     
  171.00000 -0.19289672467378297     
  172.00000 -0.19370437915994251     
  173.00000 -0.19451741949434681     
  174.00000 -0.19533582942968267     
  175.00000 -0.19615959129961236     
  176.00000 -0.19698868592881580     
  177.00000 -0.19782309254331626     
  178.00000 -0.19866278868256876     
  179.00000 -0.19950775011510971     
  180.00000 -0.20035795075990678     
  181.00000 -0.20121336261589193     
  182.00000 -0.20207395570249684     
  183.00000 -0.20293969801430836     
  184.00000 -0.20381055549318694     
  185.00000 -0.20468649202131789     
  186.00000 -0.20556746943864015     
  187.00000 -0.20645344758788844     
  188.00000 -0.20734438439005173     
  189.00000 -0.20824023595237731     
  190.00000 -0.20914095671011587     
  191.00000 -0.21004649960204558     
  192.00000 -0.21095681627846669     
  193.00000 -0.21187185733889918     
  194.00000 -0.21279157259526318     
  195.00000 -0.21371591135497167     
  196.00000 -0.21464482271726210     
  197.00000 -0.21557825587532831     
  198.00000 -0.21651616041647997     
  199.00000 -0.21745848661268177     
  200.00000 -0.21840518569440034     
  201.00000 -0.21935621010165979     
  202.00000 -0.22031151370747301     
  203.00000 -0.22127105201026881     
  204.00000 -0.22223478229344190     
  205.00000 -0.22320266375160216     
  206.00000 -0.22417465758440416     
  207.00000 -0.22515072705992523     
  208.00000 -0.22613083755041019     
  209.00000 -0.22711495654379965     
  210.00000 -0.22810305363483455     
  211.00000 -0.22909510049971982     
  212.00000 -0.23009107085837543     
  213.00000 -0.23109094042827485     
  214.00000 -0.23209468687380683     
  215.00000 -0.23310228975508424     
  216.00000 -0.23411373048021225     
  217.00000 -0.23512899226532338     
  218.00000 -0.23614806010729691     
  219.00000 -0.23717092077519900     
  220.00000 -0.23819756282838478     
  221.00000 -0.23922797667241236     
  222.00000 -0.24026215466930673     
  223.00000 -0.24130009132795535     
  224.00000 -0.24234178361679032     
  225.00000 -0.24338723147119326     
  226.00000 -0.24443643862734432     
  227.00000 -0.24548941403890706     
  228.00000 -0.24654617442043936     
  229.00000 -0.24760674921127626     
  230.00000 -0.24867119158232615     
  231.00000 -0.24973960864388745     
  232.00000 -0.25081229378247405     
  233.00000 -0.25191464673088659     
  234.00000 -0.25298736038322267     
  235.00000 -0.25406294375384625     
  236.00000 -0.25514078299608861     
  237.00000 -0.25622001804958583     
  238.00000 -0.25729993479465479     
  239.00000 -0.25838016563648258     
  240.00000 -0.25946055365189014     
  241.00000 -0.26054102922439504     
  242.00000 -0.26162155821660005     
  243.00000 -0.26270212222246436     
  244.00000 -0.26378271051315660     
  245.00000 -0.26486331643039518     
  246.00000 -0.26594393562697405     
  247.00000 -0.26702456514374323     
  248.00000 -0.26810520289506540     
  249.00000 -0.26918584736697948     
  250.00000 -0.27026649743233405     
  251.00000 -0.27134715223330691     
  252.00000 -0.27242781110433056     
  253.00000 -0.27350847352010349     
  254.00000 -0.27458913905965548     
  255.00000 -0.27566980738096741     
  256.00000 -0.27675047820269549     
  257.00000 -0.27783115129078217     
  258.00000 -0.27891182644849227     
  259.00000 -0.27999250350889099     
  260.00000 -0.28107318232909345     
  261.00000 -0.28215386278581367     
  262.00000 -0.28323454477188359     
  263.00000 -0.28431522819350086     
  264.00000 -0.28539591296803507     
  265.00000 -0.28647659902226108     
  266.00000 -0.28755728629092703     
  267.00000 -0.28863797471558272     
  268.00000 -0.28971866424361620     
  269.00000 -0.29079935482745467     
  270.00000 -0.29188004642389820     
  271.00000 -0.29296073899356051     
  272.00000 -0.29404143250039794     
  273.00000 -0.29512212691130835     
  274.00000 -0.29620282219579125     
  275.00000 -0.29728351832565497     
  276.00000 -0.29836421527476492     
  277.00000 -0.29944491301882725     
  278.00000 -0.30052561153519936     
  279.00000 -0.30160631080272599     
  280.00000 -0.30268701080159538     
  281.00000 -0.30376771151321280     
  282.00000 -0.30484841292009007     
  283.00000 -0.30592911500574621     
  284.00000 -0.30700981775462172     
  285.00000 -0.30809052115199959     
  286.00000 -0.30917122518393736     
  287.00000 -0.31025192983720473     
  288.00000 -0.31133263509922832     
  289.00000 -0.31241334095804124     
  290.00000 -0.31349404740223924     
  291.00000 -0.31457475442093863     
  292.00000 -0.31565546200374089     
  293.00000 -0.31673617014069805     
  294.00000 -0.31781687882228327     
  295.00000 -0.31889758803936230     
  296.00000 -0.31997829778316872     
  297.00000 -0.32105900804528020     
  298.00000 -0.32213971881759806     
  299.00000 -0.32322043009232693     
  300.00000 -0.32430114186195713     
  301.00000 -0.32538185411924819     
  302.00000 -0.32646256685721342     
  303.00000 -0.32754328006910560     
  304.00000 -0.32862399374840434     
  305.00000 -0.32970470788880335     
  306.00000 -0.33078542248419979     
  307.00000 -0.33186613752868305     
  308.00000 -0.33294685301652582     
  309.00000 -0.33402756894217417     
  310.00000 -0.33510828530023956     
  311.00000 -0.33618900208549063     
  312.00000 -0.33726971929284605     
  313.00000 -0.33835043691736705     
  314.00000 -0.33943115495425158     
  315.00000 -0.34051187339882738     
  316.00000 -0.34159259224654687     
  317.00000 -0.34267331149298147     
  318.00000 -0.34375403113381647     
  319.00000 -0.34483475116484608     
  320.00000 -0.34591547158196922     
  321.00000 -0.34699619238118512     
  322.00000 -0.34807691355858905     
  323.00000 -0.34915763511036868     
  324.00000 -0.35023835703280060     
  325.00000 -0.35131907932224660     
  326.00000 -0.35239980197515047     
  327.00000 -0.35348052498803506     
  328.00000 -0.35456124835749914     
  329.00000 -0.35564197208021509     
  330.00000 -0.35672269615292540     
  331.00000 -0.35780342057244119     
  332.00000 -0.35888414533563878     
  333.00000 -0.35996487043945830     
  334.00000 -0.36104559588090096     
  335.00000 -0.36212632165702718     
  336.00000 -0.36320704776495466     
  337.00000 -0.36428777420185637     
  338.00000 -0.36536850096495854     
  339.00000 -0.36644922805153984     
  340.00000 -0.36752995545892814     
  341.00000 -0.36861068318450096     
  342.00000 -0.36969141122568200     
  343.00000 -0.37077213957994098     
  344.00000 -0.37185286824479175     
  345.00000 -0.37293359721779135     
  346.00000 -0.37401432649653793     
  347.00000 -0.37509505607867050     
  348.00000 -0.37617578596186713     
  349.00000 -0.37725651614384409     
  350.00000 -0.37833724662235457     
  351.00000 -0.37941797739518796     
  352.00000 -0.38049870846016848     
  353.00000 -0.38157943981515469     
  354.00000 -0.38266017145803788     
  355.00000 -0.38374090338674188     
  356.00000 -0.38482163559922172     
  357.00000 -0.38590236809346312     
  358.00000 -0.38698310086748156     
  359.00000 -0.38806383391932148     
  360.00000 -0.38914456724705559     
  361.00000 -0.39022530084878426     
  362.00000 -0.39130603472263459     
  363.00000 -0.39238676886675999     
  364.00000 -0.39346750327933921     
  365.00000 -0.39454823795857646     
  366.00000 -0.39562897290269966     
  367.00000 -0.39670970810996115     
  368.00000 -0.39779044357863597     
  369.00000 -0.39887117930702221     
  370.00000 -0.39995191529343954     
  371.00000 -0.40103265153623036     
  372.00000 -0.40211338803375696     
  373.00000 -0.40319412478440342     
  374.00000 -0.40427486178657340     
  375.00000 -0.40535559903869045     
  376.00000 -0.40643633653919792     
  377.00000 -0.40751707428655731     
  378.00000 -0.40859781227924952     
  379.00000 -0.40967855051577307     
  380.00000 -0.41075928899464437     
  381.00000 -0.41184002771439743     
  382.00000 -0.41292076667358285     
  383.00000 -0.41400150587076867     
  384.00000 -0.41508224530453830     
  385.00000 -0.41616298497349236     
  386.00000 -0.41724372487624622     
  387.00000 -0.41832446501143133     
  388.00000 -0.41940520537769377     
  389.00000 -0.42048594597369443     
  390.00000 -0.42156668679810949     
  391.00000 -0.42264742784962844     
  392.00000 -0.42372816912695543     
  393.00000 -0.42480891062880782     
  394.00000 -0.42588965235391718     
  395.00000 -0.42697039430102751     
  396.00000 -0.42805113646889653     
  397.00000 -0.42913187885629395     
  398.00000 -0.43021262146200301     
  399.00000 -0.43129336428481807     
  400.00000 -0.43237410732354675     
  401.00000 -0.43345485057700794     
  402.00000 -0.43453559404403219     
  403.00000 -0.43561633772346181     
  404.00000 -0.43669708161415005     
  405.00000 -0.43777782571496165     
  406.00000 -0.43885857002477213     
  407.00000 -0.43993931454246760     
  408.00000 -0.44102005926694482     
  409.00000 -0.44210080419711095     
  410.00000 -0.44318154933188347     
  411.00000 -0.44426229467018963     
  412.00000 -0.44534304021096688     
  413.00000 -0.44642378595316240     
  414.00000 -0.44750453189573275     
  415.00000 -0.44858527803764398     
  416.00000 -0.44966602437787156     
  417.00000 -0.45074677091540011     
  418.00000 -0.45182751764922297     
  419.00000 -0.45290826457834271     
  420.00000 -0.45398901170177047     
  421.00000 -0.45506975901852592     
  422.00000 -0.45615050652763750     
  423.00000 -0.45723125422814193     
  424.00000 -0.45831200211908385     
  425.00000 -0.45939275019951636     
  426.00000 -0.46047349846850050     
  427.00000 -0.46155424692510510     
  428.00000 -0.46263499556840687     
  429.00000 -0.46371574439749014     
  430.00000 -0.46479649341144680     
  431.00000 -0.46587724260937624     
  432.00000 -0.46695799199038529     
  433.00000 -0.46803874155358777     
  434.00000 -0.46911949129810493     
  435.00000 -0.47020024122306497     
  436.00000 -0.47128099132760298     
  437.00000 -0.47236174161086120     
  438.00000 -0.47344249207198835     
  439.00000 -0.47452324271013990     
  440.00000 -0.47560399352447819     
  441.00000 -0.47668474451417170     
  442.00000 -0.47776549567839560     
  443.00000 -0.47884624701633149     
  444.00000 -0.47992699852716697     
  445.00000 -0.48100775021009617     
  446.00000 -0.48208850206431886     
  447.00000 -0.48316925408904149     
  448.00000 -0.48425000628347592     
  449.00000 -0.48533075864684050     
  450.00000 -0.48641151117835846     
  451.00000 -0.48749226387725997     
  452.00000 -0.48857301674277992     
  453.00000 -0.48965376977415942     
  454.00000 -0.49073452297064474     
  455.00000 -0.49181527633148786     
  456.00000 -0.49289602985594616     
  457.00000 -0.49397678354328239     
  458.00000 -0.49505753739276459     
  459.00000 -0.49613829140366578     
  460.00000 -0.49721904557526431     
  461.00000 -0.49829979990684409     
  462.00000 -0.49938055439769352     
  463.00000 -0.50046130904710628     
  464.00000 -0.50154206385438072     
  465.00000 -0.50262281881882043     
  466.00000 -0.50370357393973353     
  467.00000 -0.50478432921643346     
  468.00000 -0.50586508464823743     
  469.00000 -0.50694584023446831     
  470.00000 -0.50802659597445310     
  471.00000 -0.50910735186752354     
  472.00000 -0.51018810791301550     
  473.00000 -0.51126886411027039     
  474.00000 -0.51234962045863253     
  475.00000 -0.51343037695745186     
  476.00000 -0.51451113360608214     
  477.00000 -0.51559189040388143     
  478.00000 -0.51667264735021223     
  479.00000 -0.51775340444444118     
  480.00000 -0.51883416168593899     
  481.00000 -0.51991491907408072     
  482.00000 -0.52099567660824508     
  483.00000 -0.52207643428781525     
  484.00000 -0.52315719211217826     
  485.00000 -0.52423795008072482     
  486.00000 -0.52531870819285031     
  487.00000 -0.52639946644795310     
  488.00000 -0.52748022484543600     
  489.00000 -0.52856098338470547     
  490.00000 -0.52964174206517145     
  491.00000 -0.53072250088624817     
  492.00000 -0.53180325984735310     
  493.00000 -0.53288401894790738     
  494.00000 -0.53396477818733623     
  495.00000 -0.53504553756506767     
  496.00000 -0.53612629708053450     
  497.00000 -0.53720705673317148     
  498.00000 -0.53828781652241831     
  499.00000 -0.53936857644771685     
  500.00000 -0.54044933650851368     
  501.00000 -0.54153009670425756     
  502.00000 -0.54261085703440182     
  503.00000 -0.54369161749840200     
  504.00000 -0.54477237809571766     
  505.00000 -0.54585313882581121     
  506.00000 -0.54693389968814876     
  507.00000 -0.54801466068219884     
  508.00000 -0.54909542180743409     
  509.00000 -0.55017618306332994     
  510.00000 -0.55125694444936491     
  511.00000 -0.55233770596502019     
  512.00000 -0.55341846760978064     
  513.00000 -0.55449922938313423     
  514.00000 -0.55557999128457158     
  515.00000 -0.55666075331358633     
  516.00000 -0.55774151546967510     
  517.00000 -0.55882227775233762     
  518.00000 -0.55990304016107639     
  519.00000 -0.56098380269539727     
  520.00000 -0.56206456535480775     
  521.00000 -0.56314532813881957     
  522.00000 -0.56422609104694632     
  523.00000 -0.56530685407870518     
  524.00000 -0.56638761723361497     
  525.00000 -0.56746838051119874     
  526.00000 -0.56854914391098088     
  527.00000 -0.56962990743248931     
  528.00000 -0.57071067107525419     
  529.00000 -0.57179143483880879     
  530.00000 -0.57287219872268857     
  531.00000 -0.57395296272643193     
  532.00000 -0.57503372684957954     
  533.00000 -0.57611449109167467     
  534.00000 -0.57719525545226358     
  535.00000 -0.57827601993089461     
  536.00000 -0.57935678452711892     
  537.00000 -0.58043754924048974     
  538.00000 -0.58151831407056309     
  539.00000 -0.58259907901689745     
  540.00000 -0.58367984407905349     
  541.00000 -0.58476060925659445     
  542.00000 -0.58584137454908602     
  543.00000 -0.58692213995609643     
  544.00000 -0.58800290547719547     
  545.00000 -0.58908367111195625     
  546.00000 -0.59016443685995357     
  547.00000 -0.59124520272076486     
  548.00000 -0.59232596869396925     
  549.00000 -0.59340673477914896     
  550.00000 -0.59448750097588809     
  551.00000 -0.59556826728377299     
  552.00000 -0.59664903370239186     
  553.00000 -0.59772980023133571     
  554.00000 -0.59881056687019707     
  555.00000 -0.59989133361857150     
  556.00000 -0.60097210047605576     
  557.00000 -0.60205286744224917     
  558.00000 -0.60313363451675339     
  559.00000 -0.60421440169917184     
  560.00000 -0.60529516898911029     
  561.00000 -0.60637593638617615     
  562.00000 -0.60745670388997930     
  563.00000 -0.60853747150013149     
  564.00000 -0.60961823921624647     
  565.00000 -0.61069900703793989     
  566.00000 -0.61177977496482971     
  567.00000 -0.61286054299653592     
  568.00000 -0.61394131113267980     
  569.00000 -0.61502207937288522     
  570.00000 -0.61610284771677792     
  571.00000 -0.61718361616398509     
  572.00000 -0.61826438471413625     
  573.00000 -0.61934515336686313     
  574.00000 -0.62042592212179837     
  575.00000 -0.62150669097857736     
  576.00000 -0.62258745993683684     
  577.00000 -0.62366822899621577     
  578.00000 -0.62474899815635454     
  579.00000 -0.62582976741689589     
  580.00000 -0.62691053677748343     
  581.00000 -0.62799130623776378     
  582.00000 -0.62907207579738433     
  583.00000 -0.63015284545599470     
  584.00000 -0.63123361521324628     
  585.00000 -0.63231438506879190     
  586.00000 -0.63339515502228660     
  587.00000 -0.63447592507338635     
  588.00000 -0.63555669522174973     
  589.00000 -0.63663746546703670     
  590.00000 -0.63771823580890852     
  591.00000 -0.63879900624702834     
  592.00000 -0.63987977678106123     
  593.00000 -0.64096054741067365     
  594.00000 -0.64204131813553356     
  595.00000 -0.64312208895531120     
  596.00000 -0.64420285986967762     
  597.00000 -0.64528363087830576     
  598.00000 -0.64636440198087020     
  599.00000 -0.64744517317704753     
  600.00000 -0.64852594446651513     
  601.00000 -0.64960671584895202     
  602.00000 -0.65068748732403980     
  603.00000 -0.65176825889146006     
  604.00000 -0.65284903055089716     
  605.00000 -0.65392980230203646     
  606.00000 -0.65501057414456487     
