  2.000000000000   5.0000000000000000     
  3.000000000000   4.9999999999999591     
  4.000000000000   4.9999999998718998     
  5.000000000000   4.9999999839139502     
  6.000000000000   4.9999995966168038     
  7.000000000000   4.9999959710225639     
  8.000000000000   4.9999773638955087     
  9.000000000000   4.9999133382058227     
  10.00000000000   4.9997463426654276     
  11.00000000000   4.9993892470799866     
  12.00000000000   4.9987297504471959     
  13.00000000000   4.9976394986476231     
  14.00000000000   4.9959848122254700     
  15.00000000000   4.9936365336004167     
  16.00000000000   4.9904776176659817     
  17.00000000000   4.9864080633872980     
  18.00000000000   4.9813474026248379     
  19.00000000000   4.9752352514839631     
  20.00000000000   4.9680304938236013     
  21.00000000000   4.9597096085980654     
  22.00000000000   4.9502645456167755     
  23.00000000000   4.9397004411384913     
  24.00000000000   4.9280333662547777     
  25.00000000000   4.9152882242825040     
  26.00000000000   4.9014968581049017     
  27.00000000000   4.8866963911549588     
  28.00000000000   4.8709278022834726     
  29.00000000000   4.8542347211622978     
  30.00000000000   4.8366624239425722     
  31.00000000000   4.8182570062184258     
  32.00000000000   4.7990647102423107     
  33.00000000000   4.7791313846563437     
  34.00000000000   4.7585020570115901     
  35.00000000000   4.7372206015952409     
  36.00000000000   4.7153294917534252     
  37.00000000000   4.6928695987662774     
  38.00000000000   4.6698800839155146     
  39.00000000000   4.6463983015289614     
  40.00000000000   4.6224597560930709     
  41.00000000000   4.5980980870213619     
  42.00000000000   4.5733450782112257     
  43.00000000000   4.5482306873554270     
  44.00000000000   4.5227830907504289     
  45.00000000000   4.4970287400090196     
  46.00000000000   4.4709924276566833     
  47.00000000000   4.4446973590825420     
  48.00000000000   4.4181652287385429     
  49.00000000000   4.3914162988439829     
  50.00000000000   4.3644694791648222     
  51.00000000000   4.3373424067049582     
  52.00000000000   4.3100515243758188     
  53.00000000000   4.2826121579060210     
  54.00000000000   4.2550385904188275     
  55.00000000000   4.2273441342455831     
  56.00000000000   4.1995411996614358     
  57.00000000000   4.1716413543732651     
  58.00000000000   4.1436554083183790     
  59.00000000000   4.1155934394607314     
  60.00000000000   4.0874648697469649     
  61.00000000000   4.0592785116321926     
  62.00000000000   4.0310426162332611     
  63.00000000000   4.0027649181764060     
  64.00000000000   3.9744526772554902     
  65.00000000000   3.9461127170317756     
  66.00000000000   3.9177514605168664     
  67.00000000000   3.8893749630869419     
  68.00000000000   3.8609889427799482     
  69.00000000000   3.8325988081283278     
  70.00000000000   3.8042096836787813     
  71.00000000000   3.7758264333477607     
  72.00000000000   3.7474536817574515     
  73.00000000000   3.7190958336920623     
  74.00000000000   3.6907570918085533     
  75.00000000000   3.6624414727297792     
  76.00000000000   3.6341528216418739     
  77.00000000000   3.6058948255105978     
  78.00000000000   3.5776710250253565     
  79.00000000000   3.5494848253724998     
  80.00000000000   3.5213395059334429     
  81.00000000000   3.4932382289966428     
  82.00000000000   3.4651840475665452     
  83.00000000000   3.4371799123468003     
  84.00000000000   3.4092286779695273     
  85.00000000000   3.3813331085372340     
  86.00000000000   3.3534958501543430     
  87.00000000000   3.3257195612421766     
  88.00000000000   3.2980067325513787     
  89.00000000000   3.2703598098151927     
  90.00000000000   3.2427811676454938     
  91.00000000000   3.2152731120946640     
  92.00000000000   3.1878378828747236     
  93.00000000000   3.1604776552687017     
  94.00000000000   3.1331945417666924     
  95.00000000000   3.1059905934562639     
  96.00000000000   3.0788678011946145     
  97.00000000000   3.0518280965876006     
  98.00000000000   3.0248733527987559     
  99.00000000000   2.9980053852095461     
  100.0000000000   2.9712259519502924     
  101.0000000000   2.9445367543197003     
  102.0000000000   2.9179394371092950     
  103.0000000000   2.8914355888478580     
  104.0000000000   2.8650267419794933     
  105.0000000000   2.8387143729879503     
  106.0000000000   2.8124999024785806     
  107.0000000000   2.7863846952284055     
  108.0000000000   2.7603700241731879     
  109.0000000000   2.7344572117825434     
  110.0000000000   2.7086474223285979     
  111.0000000000   2.6829417975432062     
  112.0000000000   2.6573414234259394     
  113.0000000000   2.6318473302772096     
  114.0000000000   2.6064604927502231     
  115.0000000000   2.5811818299264662     
  116.0000000000   2.5560122054189902     
  117.0000000000   2.5309524275073061     
  118.0000000000   2.5060032493073265     
  119.0000000000   2.4811653689794628     
  120.0000000000   2.4564394299778085     
  121.0000000000   2.4318260213430003     
  122.0000000000   2.4073256780412162     
  123.0000000000   2.3829388813516923     
  124.0000000000   2.3586660593051150     
  125.0000000000   2.3345075871750200     
  126.0000000000   2.3104637880247001     
  127.0000000000   2.2865349333119340     
  128.0000000000   2.2627212435542416     
  129.0000000000   2.2390228890574786     
  130.0000000000   2.2154399907109497     
  131.0000000000   2.1919726208525461     
  132.0000000000   2.1686208042080146     
  133.0000000000   2.1453845700737606     
  134.0000000000   2.1222637714271393     
  135.0000000000   2.0992583304632966     
  136.0000000000   2.0763680934371314     
  137.0000000000   2.0535928651012831     
  138.0000000000   2.0309324102201618     
  139.0000000000   2.0083864552067610     
  140.0000000000   1.9859547424037780     
  141.0000000000   1.9636368399476511     
  142.0000000000   1.9414324092152597     
  143.0000000000   1.9193410432364155     
  144.0000000000   1.8973623072642303     
  145.0000000000   1.8754957414484945     
  146.0000000000   1.8537409146344919     
  147.0000000000   1.8320972393767621     
  148.0000000000   1.8105642381784373     
  149.0000000000   1.7891413833345853     
  150.0000000000   1.7678281396167188     
  151.0000000000   1.7466240137169367     
  152.0000000000   1.7255283925844727     
  153.0000000000   1.7045407825225438     
  154.0000000000   1.6836606689096589     
  155.0000000000   1.6628875927262476     
  156.0000000000   1.6422210262673773     
  157.0000000000   1.6216605657058425     
  158.0000000000   1.6012058241920148     
  159.0000000000   1.5808565002254675     
  160.0000000000   1.5606122713468658     
  161.0000000000   1.5404729700252680     
  162.0000000000   1.5204384933323594     
  163.0000000000   1.5005088716966384     
  164.0000000000   1.4806841705252678     
  165.0000000000   1.4609646668510727     
  166.0000000000   1.4413507915993153     
  167.0000000000   1.4218430803190771     
  168.0000000000   1.4024423250226974     
  169.0000000000   1.3831495360258645     
  170.0000000000   1.3639659060058724     
  171.0000000000   1.3448929486401351     
  172.0000000000   1.3259324737320179     
  173.0000000000   1.3070865617878789     
  174.0000000000   1.2883577079450221     
  175.0000000000   1.2697487368689750     
  176.0000000000   1.2512629220502487     
  177.0000000000   1.2329039814066616     
  178.0000000000   1.2146760707212900     
  179.0000000000   1.1965838857974505     
  180.0000000000   1.1786326093550854     
  181.0000000000   1.1608279951791314     
  182.0000000000   1.1431763250109492     
  183.0000000000   1.1256844560814891     
  184.0000000000   1.1083597975705026     
  185.0000000000   1.0912102825566170     
  186.0000000000   1.0742443655341840     
  187.0000000000   1.0574709515804472     
  188.0000000000   1.0408993531773829     
  189.0000000000   1.0245391987075765     
  190.0000000000   1.0084003416763472     
  191.0000000000  0.99249274379051622     
  192.0000000000  0.97682634252387279     
  193.0000000000  0.96141090426803100     
  194.0000000000  0.94625587368032971     
  195.0000000000  0.93137019934532139     
  196.0000000000  0.91676217954149841     
  197.0000000000  0.90243928935652384     
  198.0000000000  0.88840803220256293     
  199.0000000000  0.87467380335109501     
  200.0000000000  0.86124076439192310     
  201.0000000000  0.84811175146307960     
  202.0000000000  0.83528820650671376     
  203.0000000000  0.82277012827031637     
  204.0000000000  0.81055606617201681     
  205.0000000000  0.79864312673848703     
  206.0000000000  0.78702700893067323     
  207.0000000000  0.77570206802553665     
  208.0000000000  0.76466134631012794     
  209.0000000000  0.75389670270996056     
  210.0000000000  0.74339888089607031     
  211.0000000000  0.73315753272974016     
  212.0000000000  0.72316138384070383     
  213.0000000000  0.71339827615736828     
  214.0000000000  0.70385514247809544     
  215.0000000000  0.69451807876126281     
  216.0000000000  0.68537246888986303     
  217.0000000000  0.67640274484205376     
  218.0000000000  0.66759252077191356     
  219.0000000000  0.65892429395824292     
  220.0000000000  0.65037944200920461     
  221.0000000000  0.64193793651195463     
  222.0000000000  0.63357807016354051     
  223.0000000000  0.62527588299134740     
  224.0000000000  0.61700473961427416     
  225.0000000000  0.60873437408540365     
  226.0000000000  0.60042977670473485     
  227.0000000000  0.59204971504296577     
  228.0000000000  0.58354431835495135     
  229.0000000000  0.57485203421735576     
  230.0000000000  0.56589503324153578     
  231.0000000000  0.55657338364354603     
  232.0000000000  0.54675904017211563     
  233.0000000000  0.53629927153800772     
  234.0000000000  0.52507478490118942     
  235.0000000000  0.51328745735277348     
  236.0000000000  0.50217610967791870     
  237.0000000000  0.49362230483902092     
  238.0000000000  0.48781489952732571     
  239.0000000000  0.48377525035493640     
  240.0000000000  0.48074422923270355     
  241.0000000000  0.47830737445668348     
  242.0000000000  0.47624306505115399     
  243.0000000000  0.47442662265460456     
  244.0000000000  0.47278366940046723     
  245.0000000000  0.47126738291543901     
  246.0000000000  0.46984691844038196     
  247.0000000000  0.46850115318516572     
  248.0000000000  0.46721510839530467     
  249.0000000000  0.46597790012704365     
  250.0000000000  0.46478140076059660     
  251.0000000000  0.46361938945047143     
  252.0000000000  0.46248707171512748     
  253.0000000000  0.46138061403873110     
  254.0000000000  0.46029699299630522     
  255.0000000000  0.45923369316135165     
  256.0000000000  0.45818866812544101     
  257.0000000000  0.45716021365578285     
  258.0000000000  0.45614689557767818     
  259.0000000000  0.45514754424623050     
  260.0000000000  0.45416102633469180     
  261.0000000000  0.45318653940709552     
  262.0000000000  0.45222325293906351     
  263.0000000000  0.45127048230639843     
  264.0000000000  0.45032762412056115     
  265.0000000000  0.44939414332164418     
  266.0000000000  0.44846956275605976     
  267.0000000000  0.44755345463574514     
  268.0000000000  0.44664550261099834     
  269.0000000000  0.44574522788499493     
  270.0000000000  0.44485237576243009     
  271.0000000000  0.44396673283465304     
  272.0000000000  0.44308789379313041     
  273.0000000000  0.44221575769448407     
  274.0000000000  0.44134995955548817     
  275.0000000000  0.44049043658130671     
  276.0000000000  0.43963685092432314     
  277.0000000000  0.43878917524130756     
  278.0000000000  0.43794708748364997     
  279.0000000000  0.43711059557711707     
  280.0000000000  0.43627946854904565     
  281.0000000000  0.43545349406134193     
  282.0000000000  0.43463270595177406     
  283.0000000000  0.43381680906191988     
  284.0000000000  0.43300587716839090     
  285.0000000000  0.43219970388706841     
  286.0000000000  0.43139818728247903     
  287.0000000000  0.43060114298812735     
  288.0000000000  0.42980866295463827     
  289.0000000000  0.42902056317785764     
  290.0000000000  0.42823676019130730     
  291.0000000000  0.42745708254811277     
  292.0000000000  0.42668164603966829     
  293.0000000000  0.42591027761050171     
  294.0000000000  0.42514290745730321     
  295.0000000000  0.42437936637337970     
  296.0000000000  0.42361980318316839     
  297.0000000000  0.42286404541137301     
  298.0000000000  0.42211203363043737     
  299.0000000000  0.42136371085675250     
  300.0000000000  0.42061902217858105     
  301.0000000000  0.41987781026710636     
  302.0000000000  0.41914024009873430     
  303.0000000000  0.41840615024245409     
  304.0000000000  0.41767549277736293     
  305.0000000000  0.41694822157388955     
  306.0000000000  0.41622429197749611     
  307.0000000000  0.41550366073252576     
  308.0000000000  0.41478617689795882     
  309.0000000000  0.41407202469226689     
  310.0000000000  0.41336104854837075     
  311.0000000000  0.41265320994623877     
  312.0000000000  0.41194847169135684     
  313.0000000000  0.41124679762722494     
  314.0000000000  0.41054815258943833     
  315.0000000000  0.40985250236060367     
  316.0000000000  0.40915981362891429     
  317.0000000000  0.40846994143961979     
  318.0000000000  0.40778308541785435     
  319.0000000000  0.40709909585697091     
  320.0000000000  0.40641794249477670     
  321.0000000000  0.40573959602522081     
  322.0000000000  0.40506402784314943     
  323.0000000000  0.40439121001636380     
  324.0000000000  0.40372111525885046     
  325.0000000000  0.40305371690651626     
  326.0000000000  0.40238898889331409     
  327.0000000000  0.40172690572907399     
  328.0000000000  0.40106732255731359     
  329.0000000000  0.40041046055609542     
  330.0000000000  0.39975617010378883     
  331.0000000000  0.39910442759993003     
  332.0000000000  0.39845521015108076     
  333.0000000000  0.39780849532665030     
  334.0000000000  0.39716426114289050     
  335.0000000000  0.39652248604749474     
  336.0000000000  0.39588314890515619     
  337.0000000000  0.39524622898495565     
  338.0000000000  0.39461170594604411     
  339.0000000000  0.39397955982600763     
  340.0000000000  0.39334977102845059     
  341.0000000000  0.39272232031178689     
  342.0000000000  0.39209718877817323     
  343.0000000000  0.39147435786325957     
  344.0000000000  0.39085368847414870     
  345.0000000000  0.39023540928763367     
  346.0000000000  0.38961937690263682     
  347.0000000000  0.38900557380458167     
  348.0000000000  0.38839398296275363     
  349.0000000000  0.38778458762475765     
  350.0000000000  0.38717737130902208     
  351.0000000000  0.38657231779666290     
  352.0000000000  0.38596941112505334     
  353.0000000000  0.38536863557997236     
  354.0000000000  0.38476997569009797     
  355.0000000000  0.38417341621908463     
  356.0000000000  0.38357894216005661     
  357.0000000000  0.38298653873045652     
  358.0000000000  0.38239619136433589     
  359.0000000000  0.38180788570894464     
  360.0000000000  0.38122160761773216     
  361.0000000000  0.38063734314597752     
  362.0000000000  0.38005507854574461     
  363.0000000000  0.37947480026051750     
  364.0000000000  0.37889649492118593     
  365.0000000000  0.37832014934132019     
  366.0000000000  0.37774562723207339     
  367.0000000000  0.37717316645029086     
  368.0000000000  0.37660262693332669     
  369.0000000000  0.37603399602229359     
  370.0000000000  0.37546726138714348     
  371.0000000000  0.37490241085638587     
  372.0000000000  0.37433943241321543     
  373.0000000000  0.37377831419277641     
  374.0000000000  0.37321904447772170     
  375.0000000000  0.37266161169597467     
  376.0000000000  0.37210600441692776     
  377.0000000000  0.37155221134892003     
  378.0000000000  0.37100022133571997     
  379.0000000000  0.37045002335439392     
  380.0000000000  0.36990160651235726     
  381.0000000000  0.36935496004353752     
  382.0000000000  0.36881007330794802     
  383.0000000000  0.36826693578710490     
  384.0000000000  0.36772553708271261     
  385.0000000000  0.36718586691399935     
  386.0000000000  0.36664791511554995     
  387.0000000000  0.36611167163435709     
  388.0000000000  0.36557712652893315     
  389.0000000000  0.36504426996565087     
  390.0000000000  0.36451309221799733     
  391.0000000000  0.36398358366405148     
  392.0000000000  0.36345573478396176     
  393.0000000000  0.36292953615951973     
  394.0000000000  0.36240497847025210     
  395.0000000000  0.36188205249334970     
  396.0000000000  0.36136074910150029     
  397.0000000000  0.36084105926057930     
  398.0000000000  0.36032297402840641     
  399.0000000000  0.35980648455343101     
  400.0000000000  0.35929146186330030     
  401.0000000000  0.35877814091158200     
  402.0000000000  0.35826638971187208     
  403.0000000000  0.35775619964176997     
  404.0000000000  0.35724756228027843     
  405.0000000000  0.35674046928917846     
  406.0000000000  0.35623491240929894     
  407.0000000000  0.35573088346062320     
  408.0000000000  0.35522837434019294     
  409.0000000000  0.35472737702153978     
  410.0000000000  0.35422788355308654     
  411.0000000000  0.35372988605615774     
  412.0000000000  0.35323337672583222     
  413.0000000000  0.35273834782781677     
  414.0000000000  0.35224479169851719     
  415.0000000000  0.35175270074280007     
  416.0000000000  0.35126206743470334     
  417.0000000000  0.35077288431462961     
  418.0000000000  0.35028514398923960     
  419.0000000000  0.34979883913042187     
  420.0000000000  0.34931396247401381     
  421.0000000000  0.34883050681905559     
  422.0000000000  0.34834846502690198     
  423.0000000000  0.34786783002022759     
  424.0000000000  0.34738859478220974     
  425.0000000000  0.34691075235546265     
  426.0000000000  0.34643429584111374     
  427.0000000000  0.34595921839851940     
  428.0000000000  0.34548551324409260     
  429.0000000000  0.34501317365094764     
  430.0000000000  0.34454219294673294     
  431.0000000000  0.34407256451402191     
  432.0000000000  0.34360428179041946     
  433.0000000000  0.34313733826554227     
  434.0000000000  0.34267172748215557     
  435.0000000000  0.34220744303482320     
  436.0000000000  0.34174447856905488     
  437.0000000000  0.34128282778102204     
  438.0000000000  0.34082248441670515     
  439.0000000000  0.34036344227065030     
  440.0000000000  0.33990569518703495     
  441.0000000000  0.33944923705721664     
  442.0000000000  0.33899406181948422     
  443.0000000000  0.33854016345966187     
  444.0000000000  0.33808753600908403     
  445.0000000000  0.33763617354495068     
  446.0000000000  0.33718607018879965     
  447.0000000000  0.33673722010721718     
  448.0000000000  0.33628961751052344     
  449.0000000000  0.33584325665223957     
  450.0000000000  0.33539813182834166     
  451.0000000000  0.33495423737729624     
  452.0000000000  0.33451156767966950     
  453.0000000000  0.33407011715688384     
  454.0000000000  0.33362988027139551     
  455.0000000000  0.33319085152530903     
  456.0000000000  0.33275302546165619     
  457.0000000000  0.33231639666190915     
  458.0000000000  0.33188095974697518     
  459.0000000000  0.33144660430888706     
  460.0000000000  0.33101353728909544     
  461.0000000000  0.33058164625870745     
  462.0000000000  0.33015092592886930     
  463.0000000000  0.32972137110963473     
  464.0000000000  0.32929297664693991     
  465.0000000000  0.32886573742224812     
  466.0000000000  0.32843964835308270     
  467.0000000000  0.32801470439203229     
  468.0000000000  0.32759090052632445     
  469.0000000000  0.32716823177739940     
  470.0000000000  0.32674669320062577     
  471.0000000000  0.32632627988547824     
  472.0000000000  0.32590698695408093     
  473.0000000000  0.32548880956159820     
  474.0000000000  0.32507174289602148     
  475.0000000000  0.32465578217738766     
  476.0000000000  0.32424092265774362     
  477.0000000000  0.32382715962025799     
  478.0000000000  0.32341448837971853     
  479.0000000000  0.32300290428196377     
  480.0000000000  0.32259240270288814     
  481.0000000000  0.32218297904901050     
  482.0000000000  0.32177462875640828     
  483.0000000000  0.32136734729164118     
  484.0000000000  0.32096113014951300     
  485.0000000000  0.32055597285509663     
  486.0000000000  0.32015187096121167     
  487.0000000000  0.31974882004973892     
  488.0000000000  0.31934681573066115     
  489.0000000000  0.31894585364188544     
  490.0000000000  0.31854592944874582     
  491.0000000000  0.31814703884435858     
  492.0000000000  0.31774917754898269     
  493.0000000000  0.31735234130930934     
  494.0000000000  0.31695652589917245     
  495.0000000000  0.31656172711819863     
  496.0000000000  0.31616794079269539     
  497.0000000000  0.31577516277426554     
  498.0000000000  0.31538338894090856     
  499.0000000000  0.31499261519513766     
  500.0000000000  0.31460283746532980     
  501.0000000000  0.31421405170423355     
  502.0000000000  0.31382625388978624     
  503.0000000000  0.31343944002401258     
  504.0000000000  0.31305360613306021     
  505.0000000000  0.31266874826766156     
  506.0000000000  0.31228486250210352     
  507.0000000000  0.31190194493365908     
  508.0000000000  0.31151999168383071     
  509.0000000000  0.31113899889682273     
  510.0000000000  0.31075896273989656     
  511.0000000000  0.31037987940312206     
  512.0000000000  0.31000174509916434     
  513.0000000000  0.30962455606275086     
  514.0000000000  0.30924830855131091     
  515.0000000000  0.30887299884351904     
  516.0000000000  0.30849862324025423     
  517.0000000000  0.30812517806420914     
  518.0000000000  0.30775265965871768     
  519.0000000000  0.30738106438967350     
  520.0000000000  0.30701038864233254     
  521.0000000000  0.30664062882411969     
  522.0000000000  0.30627178136235500     
  523.0000000000  0.30590384270499982     
  524.0000000000  0.30553680932094096     
  525.0000000000  0.30517067769856965     
  526.0000000000  0.30480544434649204     
  527.0000000000  0.30444110579349370     
  528.0000000000  0.30407765858672775     
  529.0000000000  0.30371509929512541     
  530.0000000000  0.30335342450477754     
  531.0000000000  0.30299263082198991     
  532.0000000000  0.30263271487189769     
  533.0000000000  0.30227367329867860     
  534.0000000000  0.30191550276470025     
  535.0000000000  0.30155819995165700     
  536.0000000000  0.30120176155929101     
  537.0000000000  0.30084618430560539     
  538.0000000000  0.30049146492618917     
  539.0000000000  0.30013760017610025     
  540.0000000000  0.29978458682645481     
  541.0000000000  0.29943242166730499     
  542.0000000000  0.29908110150589806     
  543.0000000000  0.29873062316639221     
  544.0000000000  0.29838098349152631     
  545.0000000000  0.29803217933956461     
  546.0000000000  0.29768420758703229     
  547.0000000000  0.29733706512658387     
  548.0000000000  0.29699074886831767     
  549.0000000000  0.29664525573842582     
  550.0000000000  0.29630058267940740     
  551.0000000000  0.29595672665092110     
  552.0000000000  0.29561368462811544     
  553.0000000000  0.29527145360280116     
  554.0000000000  0.29493003058231437     
  555.0000000000  0.29458941259026261     
  556.0000000000  0.29424959666595640     
  557.0000000000  0.29391057986416058     
  558.0000000000  0.29357235925498770     
  559.0000000000  0.29323493192478622     
  560.0000000000  0.29289829497404440     
  561.0000000000  0.29256244551952193     
  562.0000000000  0.29222738069233145     
  563.0000000000  0.29189309763911098     
  564.0000000000  0.29155959352038963     
  565.0000000000  0.29122686551264820     
  566.0000000000  0.29089491080593888     
  567.0000000000  0.29056372660566154     
  568.0000000000  0.29023331013132037     
  569.0000000000  0.28990365861627510     
  570.0000000000  0.28957476930919768     
  571.0000000000  0.28924663947147877     
  572.0000000000  0.28891926637996335     
  573.0000000000  0.28859264732421508     
  574.0000000000  0.28826677960822167     
  575.0000000000  0.28794166054957770     
  576.0000000000  0.28761728747962678     
  577.0000000000  0.28729365774246673     
  578.0000000000  0.28697076869711680     
  579.0000000000  0.28664861771421357     
  580.0000000000  0.28632720217910190     
  581.0000000000  0.28600644906926931     
  582.0000000000  0.28568649757708897     
  583.0000000000  0.28536727376376803     
  584.0000000000  0.28504877505302062     
  585.0000000000  0.28473099889456677     
  586.0000000000  0.28441394275084519     
  587.0000000000  0.28409760409711993     
  588.0000000000  0.28378198042080527     
  589.0000000000  0.28346706922189213     
  590.0000000000  0.28315286801213091     
  591.0000000000  0.28283937431723416     
  592.0000000000  0.28252658567318178     
  593.0000000000  0.28221449962909873     
  594.0000000000  0.28190311374586940     
  595.0000000000  0.28159242559624431     
  596.0000000000  0.28128243276519527     
  597.0000000000  0.28097313284884962     
  598.0000000000  0.28066452345569814     
  599.0000000000  0.28035660220520953     
  600.0000000000  0.28004936672861191     
  601.0000000000  0.27974281466910611     
  602.0000000000  0.27943694368051553     
  603.0000000000  0.27913175142860069     
  604.0000000000  0.27882723559006450     
  605.0000000000  0.27852339385212588     
  606.0000000000  0.27822022391479351     
  607.0000000000  0.27791772348773947     
  608.0000000000  0.27761589029136502     
  609.0000000000  0.27731472205797303     
  610.0000000000  0.27701421653020475     
  611.0000000000  0.27671437146135958     
  612.0000000000  0.27641518461535952     
  613.0000000000  0.27611665376689132     
  614.0000000000  0.27581877670144195     
  615.0000000000  0.27552155121423283     
  616.0000000000  0.27522497511153432     
  617.0000000000  0.27492904620935121     
  618.0000000000  0.27463376233477277     
  619.0000000000  0.27433912132412530     
  620.0000000000  0.27404512102464196     
  621.0000000000  0.27375175929350348     
