  2.000000000000  -5.0000000000000000     
  3.000000000000  -4.9999999999972609     
  4.000000000000  -4.9999999969895015     
  5.000000000000  -4.9999997989413938     
  6.000000000000  -4.9999966903782340     
  7.000000000000  -4.9999755277949474     
  8.000000000000  -4.9998902666114251     
  9.000000000000  -4.9996474816597951     
  10.00000000000  -4.9991032964399382     
  11.00000000000  -4.9980751562789170     
  12.00000000000  -4.9963619577058225     
  13.00000000000  -4.9937648593234618     
  14.00000000000  -4.9901037895594591     
  15.00000000000  -4.9852278499553186     
  16.00000000000  -4.9790199760165272     
  17.00000000000  -4.9713972139073572     
  18.00000000000  -4.9623081611613440     
  19.00000000000  -4.9517288978525702     
  20.00000000000  -4.9396583757877774     
  21.00000000000  -4.9261138855906168     
  22.00000000000  -4.9111269455087436     
  23.00000000000  -4.8947397625306506     
  24.00000000000  -4.8770022947591540     
  25.00000000000  -4.8579698759309018     
  26.00000000000  -4.8377013311604564     
  27.00000000000  -4.8162575035899255     
  28.00000000000  -4.7937001147469571     
  29.00000000000  -4.7700908905458741     
  30.00000000000  -4.7454908960433251     
  31.00000000000  -4.7199600330755409     
  32.00000000000  -4.6935566646869500     
  33.00000000000  -4.6663373384174047     
  34.00000000000  -4.6383565870357302     
  35.00000000000  -4.6096667903622865     
  36.00000000000  -4.5803180856562324     
  37.00000000000  -4.5503583169046058     
  38.00000000000  -4.5198330154658315     
  39.00000000000  -4.4887854060789767     
  40.00000000000  -4.4572564334026632     
  41.00000000000  -4.4252848051088183     
  42.00000000000  -4.3929070482118462     
  43.00000000000  -4.3601575758252462     
  44.00000000000  -4.3270687619480181     
  45.00000000000  -4.2936710222226662     
  46.00000000000  -4.2599928988949314     
  47.00000000000  -4.2260611484559094     
  48.00000000000  -4.1919008306682191     
  49.00000000000  -4.1575353978751126     
  50.00000000000  -4.1229867836676100     
  51.00000000000  -4.0882754901432365     
  52.00000000000  -4.0534206731309483     
  53.00000000000  -4.0184402248825997     
  54.00000000000  -3.9833508538423619     
  55.00000000000  -3.9481681612025410     
  56.00000000000  -3.9129067140392069     
  57.00000000000  -3.8775801148932878     
  58.00000000000  -3.8422010677250418     
  59.00000000000  -3.8067814402217550     
  60.00000000000  -3.7713323224817010     
  61.00000000000  -3.7358640821327302     
  62.00000000000  -3.7003864159722228     
  63.00000000000  -3.6649083982370270     
  64.00000000000  -3.6294385256292454     
  65.00000000000  -3.5939847592356617     
  66.00000000000  -3.5585545634870055     
  67.00000000000  -3.5231549423084152     
  68.00000000000  -3.4877924726146707     
  69.00000000000  -3.4524733353038437     
  70.00000000000  -3.4172033439011509     
  71.00000000000  -3.3819879710017950     
  72.00000000000  -3.3468323726568503     
  73.00000000000  -3.3117414108413463     
  74.00000000000  -3.2767196741376097     
  75.00000000000  -3.2417714967607942     
  76.00000000000  -3.2069009760469003     
  77.00000000000  -3.1721119885168783     
  78.00000000000  -3.1374082046239646     
  79.00000000000  -3.1027931022843296     
  80.00000000000  -3.0682699792852830     
  81.00000000000  -3.0338419646584169     
  82.00000000000  -2.9995120290995301     
  83.00000000000  -2.9652829945111190     
  84.00000000000  -2.9311575427379433     
  85.00000000000  -2.8971382235609653     
  86.00000000000  -2.8632274620101930     
  87.00000000000  -2.8294275650522307     
  88.00000000000  -2.7957407277043629     
  89.00000000000  -2.7621690386228597     
  90.00000000000  -2.7287144852096406     
  91.00000000000  -2.6953789582779031     
  92.00000000000  -2.6621642563143606     
  93.00000000000  -2.6290720893727197     
  94.00000000000  -2.5961040826303146     
  95.00000000000  -2.5632617796373927     
  96.00000000000  -2.5305466452863712     
  97.00000000000  -2.4979600685260461     
  98.00000000000  -2.4655033648439426     
  99.00000000000  -2.4331777785383544     
  100.0000000000  -2.4009844847995740     
  101.0000000000  -2.3689245916187547     
  102.0000000000  -2.3369991415410940     
  103.0000000000  -2.3052091132789680     
  104.0000000000  -2.2735554231992801     
  105.0000000000  -2.2420389266983101     
  106.0000000000  -2.2106604194763060     
  107.0000000000  -2.1794206387230481     
  108.0000000000  -2.1483202642248411     
  109.0000000000  -2.1173599194025723     
  110.0000000000  -2.0865401722897197     
  111.0000000000  -2.0558615364585053     
  112.0000000000  -2.0253244719019010     
  113.0000000000  -1.9949293858784536     
  114.0000000000  -1.9646766337265955     
  115.0000000000  -1.9345665196545205     
  116.0000000000  -1.9045992975113935     
  117.0000000000  -1.8747751715453580     
  118.0000000000  -1.8450942971534037     
  119.0000000000  -1.8155567816281257     
  120.0000000000  -1.7861626849060430     
  121.0000000000  -1.7569120203221793     
  122.0000000000  -1.7278047553755904     
  123.0000000000  -1.6988408125102907     
  124.0000000000  -1.6700200699164904     
  125.0000000000  -1.6413423623568457     
  126.0000000000  -1.6128074820229186     
  127.0000000000  -1.5844151794271744     
  128.0000000000  -1.5561651643362859     
  129.0000000000  -1.5280571067520397     
  130.0000000000  -1.5000906379465837     
  131.0000000000  -1.4722653515595798     
  132.0000000000  -1.4445808047654793     
  133.0000000000  -1.4170365195201713     
  134.0000000000  -1.3896319838972122     
  135.0000000000  -1.3623666535251093     
  136.0000000000  -1.3352399531384833     
  137.0000000000  -1.3082512782575062     
  138.0000000000  -1.2813999970117660     
  139.0000000000  -1.2546854521266617     
  140.0000000000  -1.2281069630927597     
  141.0000000000  -1.2016638285409726     
  142.0000000000  -1.1753553288492906     
  143.0000000000  -1.1491807290099878     
  144.0000000000  -1.1231392817896175     
  145.0000000000  -1.0972302312183189     
  146.0000000000  -1.0714528164490069     
  147.0000000000  -1.0458062760322377     
  148.0000000000  -1.0202898526576742     
  149.0000000000 -0.99490279841917406     
  150.0000000000 -0.96964438066710468     
  151.0000000000 -0.94451388851853579     
  152.0000000000 -0.91951064010397499     
  153.0000000000 -0.89463399063763127     
  154.0000000000 -0.86988334140745494     
  155.0000000000 -0.84525814979065306     
  156.0000000000 -0.82075794041087313     
  157.0000000000 -0.79638231756345679     
  158.0000000000 -0.77213097904599159     
  159.0000000000 -0.74800373154184818     
  160.0000000000 -0.72400050771394309     
  161.0000000000 -0.70012138517501477     
  162.0000000000 -0.67636660750672650     
  163.0000000000 -0.65273660750379570     
  164.0000000000 -0.62923203281817930     
  165.0000000000 -0.60585377417136144     
  166.0000000000 -0.58260299628747791     
  167.0000000000 -0.55948117167371070     
  168.0000000000 -0.53649011733413410     
  169.0000000000 -0.51363203444508709     
  170.0000000000 -0.49090955093957156     
  171.0000000000 -0.46832576684083804     
  172.0000000000 -0.44588430204515461     
  173.0000000000 -0.42358934607577847     
  174.0000000000 -0.40144570910909128     
  175.0000000000 -0.37945887330564698     
  176.0000000000 -0.35763504316102068     
  177.0000000000 -0.33598119322572728     
  178.0000000000 -0.31450511113511226     
  179.0000000000 -0.29321543345332568     
  180.0000000000 -0.27212167139077614     
  181.0000000000 -0.25123422303642862     
  182.0000000000 -0.23056436839898886     
  183.0000000000 -0.21012424333308211     
  184.0000000000 -0.18992678840720956     
  185.0000000000 -0.16998566902270262     
  186.0000000000 -0.15031516369162956     
  187.0000000000 -0.13093001838302509     
  188.0000000000 -0.11184526628067992     
  189.0000000000 -9.30760141437776412E-002
  190.0000000000 -7.46371986466027870E-002
  191.0000000000 -5.65433184489072538E-002
  192.0000000000 -3.88081501013535224E-002
  193.0000000000 -2.14444579612029784E-002
  194.0000000000 -4.46370980418464569E-003
  195.0000000000  1.21241894796932925E-002
  196.0000000000  2.83111339998418643E-002
  197.0000000000  4.40910120043849219E-002
  198.0000000000  5.94598515457818166E-002
  199.0000000000  7.44159112065894135E-002
  200.0000000000  8.89597138837077139E-002
  201.0000000000  0.10309402515665900     
  202.0000000000  0.11682378099841983     
  203.0000000000  0.13015597222783715     
  204.0000000000  0.14309949497495200     
  205.0000000000  0.15566497744061270     
  206.0000000000  0.16786459346209082     
  207.0000000000  0.17971187294263391     
  208.0000000000  0.19122151828365963     
  209.0000000000  0.20240923476003658     
  210.0000000000  0.21329158152980110     
  211.0000000000  0.22388584882913909     
  212.0000000000  0.23420996604305966     
  213.0000000000  0.24428244488515682     
  214.0000000000  0.25412236199552396     
  215.0000000000  0.26374938602020137     
  216.0000000000  0.27318385585953830     
  217.0000000000  0.28244691960300750     
  218.0000000000  0.29156074819332312     
  219.0000000000  0.30054884503871371     
  220.0000000000  0.30943648410621383     
  221.0000000000  0.31825132741543860     
  222.0000000000  0.32702430351838174     
  223.0000000000  0.33579088180443861     
  224.0000000000  0.34459297437738101     
  225.0000000000  0.35348188372959055     
  226.0000000000  0.36252309844349151     
  227.0000000000  0.37180459955862832     
  228.0000000000  0.38145248840206092     
  229.0000000000  0.39166395017761202     
  230.0000000000  0.40278966310185460     
  231.0000000000  0.41560866551063613     
  232.0000000000  0.43317156404676815     
  233.0000000000  0.53629905468028483     
  234.0000000000  0.52507435284357529     
  235.0000000000  0.51328673442380790     
  236.0000000000  0.50217515972192039     
  237.0000000000  0.49362145372264798     
  238.0000000000  0.48781427657857535     
  239.0000000000  0.48377483527836773     
  240.0000000000  0.48074394799184184     
  241.0000000000  0.47830720418774675     
  242.0000000000  0.47624297488352951     
  243.0000000000  0.47442659680786647     
  244.0000000000  0.47278369090166805     
  245.0000000000  0.47126744368489071     
  246.0000000000  0.46984701034261889     
  247.0000000000  0.46850126282485860     
  248.0000000000  0.46721524268241055     
  249.0000000000  0.46597805504307033     
  250.0000000000  0.46478156758858802     
  251.0000000000  0.46361957849143209     
  252.0000000000  0.46248726788126859     
  253.0000000000  0.46138082643940592     
  254.0000000000  0.46029719790670498     
  255.0000000000  0.45923389677298587     
  256.0000000000  0.45818887673453546     
  257.0000000000  0.45716043415527707     
  258.0000000000  0.45614713612120994     
  259.0000000000  0.45514776606736973     
  260.0000000000  0.45416128215412854     
  261.0000000000  0.45318678502885845     
  262.0000000000  0.45222349258137839     
  263.0000000000  0.45127071998511070     
  264.0000000000  0.45032786375823974     
  265.0000000000  0.44939438894202155     
  266.0000000000  0.44846981868062130     
  267.0000000000  0.44755372571003704     
  268.0000000000  0.44664572534340863     
  269.0000000000  0.44574546965669981     
  270.0000000000  0.44485264263661506     
  271.0000000000  0.44396695611208514     
  272.0000000000  0.44308814630937832     
  273.0000000000  0.44221597094514564     
  274.0000000000  0.44135020673655490     
  275.0000000000  0.44049064727065712     
  276.0000000000  0.43963710117056465     
  277.0000000000  0.43878939050959076     
  278.0000000000  0.43794734943521263     
  279.0000000000  0.43711082296924886     
  280.0000000000  0.43627966595831680     
  281.0000000000  0.43545374215186783     
  282.0000000000  0.43463292339104953     
  283.0000000000  0.43381708889080883     
  284.0000000000  0.43300612460233978     
  285.0000000000  0.43219992264848628     
  286.0000000000  0.43139838081701853     
  287.0000000000  0.43060140210945619     
  288.0000000000  0.42980889433607672     
  289.0000000000  0.42902076974989711     
  290.0000000000  0.42823694471925577     
  291.0000000000  0.42745733942947339     
  292.0000000000  0.42668187761400134     
  293.0000000000  0.42591048631095418     
  294.0000000000  0.42514309563866703     
  295.0000000000  0.42437963859427441     
  296.0000000000  0.42362005086781451     
  297.0000000000  0.42286427067319110     
  298.0000000000  0.42211223859158764     
  299.0000000000  0.42136389742918112     
  300.0000000000  0.42061919208608245     
  301.0000000000  0.41987806943332373     
  302.0000000000  0.41914047820284850     
  303.0000000000  0.41840636888288429     
  304.0000000000  0.41767569362177071     
  305.0000000000  0.41694840614002970     
  306.0000000000  0.41622446164684135     
  307.0000000000  0.41550381676351833     
  308.0000000000  0.41478642945198985     
  309.0000000000  0.41407225894776190     
  310.0000000000  0.41336126569792242     
  311.0000000000  0.41265341130275246     
  312.0000000000  0.41194865846133411     
  313.0000000000  0.41124697092023155     
  314.0000000000  0.41054831342584919     
  315.0000000000  0.40985265167918783     
  316.0000000000  0.40915995229429569     
  317.0000000000  0.40847018275721680     
  318.0000000000  0.40778331139007307     
  319.0000000000  0.40709930731473776     
  320.0000000000  0.40641814041997293     
  321.0000000000  0.40573978132973920     
  322.0000000000  0.40506420137397470     
  323.0000000000  0.40439137256004898     
  324.0000000000  0.40372126754668614     
  325.0000000000  0.40305385961810103     
  326.0000000000  0.40238912266083560     
  327.0000000000  0.40172703114068398     
  328.0000000000  0.40106756008142952     
  329.0000000000  0.40041068504475419     
  330.0000000000  0.39975638210973941     
  331.0000000000  0.39910462785584855     
  332.0000000000  0.39845539934432850     
  333.0000000000  0.39780867410172505     
  334.0000000000  0.39716443010458846     
  335.0000000000  0.39652264576307772     
  336.0000000000  0.39588329990763782     
  337.0000000000  0.39524637177432709     
  338.0000000000  0.39461184099218727     
  339.0000000000  0.39397968757047153     
  340.0000000000  0.39334989188583691     
  341.0000000000  0.39272243467198820     
  342.0000000000  0.39209729700781182     
  343.0000000000  0.39147446030726840     
  344.0000000000  0.39085390630852146     
  345.0000000000  0.39023561706512666     
  346.0000000000  0.38961957493583554     
  347.0000000000  0.38900576257688613     
  348.0000000000  0.38839416293143358     
  349.0000000000  0.38778475922363498     
  350.0000000000  0.38717753494889706     
  351.0000000000  0.38657247386705507     
  352.0000000000  0.38596955999512517     
  353.0000000000  0.38536877760016353     
  354.0000000000  0.38477011119216087     
  355.0000000000  0.38417354551796734     
  356.0000000000  0.38357906555496868     
  357.0000000000  0.38298665650479791     
  358.0000000000  0.38239630378761547     
  359.0000000000  0.38180799303653146     
  360.0000000000  0.38122171009245420     
  361.0000000000  0.38063744099833485     
  362.0000000000  0.38005517199461991     
  363.0000000000  0.37947488951374453     
  364.0000000000  0.37889658017657979     
  365.0000000000  0.37832023078671284     
  366.0000000000  0.37774582832664549     
  367.0000000000  0.37717335995349544     
  368.0000000000  0.37660281299519482     
  369.0000000000  0.37603417494562308     
  370.0000000000  0.37546743346187128     
  371.0000000000  0.37490257635980129     
  372.0000000000  0.37433959161095487     
  373.0000000000  0.37377846733878783     
  374.0000000000  0.37321919181515284     
  375.0000000000  0.37266175345752828     
  376.0000000000  0.37210614082553661     
  377.0000000000  0.37155234261788905     
  378.0000000000  0.37100034766964995     
  379.0000000000  0.37045014494889728     
  380.0000000000  0.36990172355476858     
  381.0000000000  0.36935507271387280     
  382.0000000000  0.36881018177801650     
  383.0000000000  0.36826704022221435     
  384.0000000000  0.36772563764078114     
  385.0000000000  0.36718596374658574     
  386.0000000000  0.36664800836785361     
  387.0000000000  0.36611176144603519     
  388.0000000000  0.36557721303310586     
  389.0000000000  0.36504435329071327     
  390.0000000000  0.36451317248694437     
  391.0000000000  0.36398366099444246     
  392.0000000000  0.36345580928916377     
  393.0000000000  0.36292960794746421     
  394.0000000000  0.36240504764528225     
  395.0000000000  0.36188211915554547     
  396.0000000000  0.36136081334628756     
  397.0000000000  0.36084112118011546     
  398.0000000000  0.36032303371129615     
  399.0000000000  0.35980654208429996     
  400.0000000000  0.35929163753287696     
  401.0000000000  0.35877831137824501     
  402.0000000000  0.35826655502706473     
  403.0000000000  0.35775635997051580     
  404.0000000000  0.35724771778284037     
  405.0000000000  0.35674062011953112     
  406.0000000000  0.35623505871694050     
  407.0000000000  0.35573102538933199     
  408.0000000000  0.35522851202934191     
  409.0000000000  0.35472751060542151     
  410.0000000000  0.35422801316141062     
  411.0000000000  0.35373001181490338     
  412.0000000000  0.35323349875600485     
  413.0000000000  0.35273846624676253     
  414.0000000000  0.35224490661960317     
  415.0000000000  0.35175281227544986     
  416.0000000000  0.35126217568478779     
  417.0000000000  0.35077298938471557     
  418.0000000000  0.35028524597830568     
  419.0000000000  0.34979893813407159     
  420.0000000000  0.34931405858497300     
  421.0000000000  0.34883060012674605     
  422.0000000000  0.34834855561800993     
  423.0000000000  0.34786791797845495     
  424.0000000000  0.34738868018855840     
  425.0000000000  0.34691083528816336     
  426.0000000000  0.34643437637576824     
  427.0000000000  0.34595929660913072     
  428.0000000000  0.34548558920146633     
  429.0000000000  0.34501324742336692     
  430.0000000000  0.34454226460074011     
  431.0000000000  0.34407263411448952     
  432.0000000000  0.34360434939898710     
  433.0000000000  0.34313740394285475     
  434.0000000000  0.34267179128640635     
  435.0000000000  0.34220750502232278     
  436.0000000000  0.34174453879465716     
  437.0000000000  0.34128288629755588     
  438.0000000000  0.34082254127540068     
  439.0000000000  0.34036349752142314     
  440.0000000000  0.33990574887752700     
  441.0000000000  0.33944928923379081     
  442.0000000000  0.33899411252782841     
  443.0000000000  0.33854021274301260     
  444.0000000000  0.33808758390989624     
  445.0000000000  0.33763622010390293     
  446.0000000000  0.33718611544596655     
  447.0000000000  0.33673726410082594     
  448.0000000000  0.33628966027794860     
  449.0000000000  0.33584329822907932     
  450.0000000000  0.33539817224962576     
  451.0000000000  0.33495427667741495     
  452.0000000000  0.33451160589127227     
  453.0000000000  0.33407015431155429     
  454.0000000000  0.33362991640007778     
  455.0000000000  0.33319088665788144     
  456.0000000000  0.33275305962721546     
  457.0000000000  0.33231642988837962     
  458.0000000000  0.33188099206135746     
  459.0000000000  0.33144674080439529     
  460.0000000000  0.33101367081378896     
  461.0000000000  0.33058177682356416     
  462.0000000000  0.33015105360469477     
  463.0000000000  0.32972149596503186     
  464.0000000000  0.32929309874894841     
  465.0000000000  0.32886585683634451     
  466.0000000000  0.32843976514318030     
  467.0000000000  0.32801481861998383     
  468.0000000000  0.32759101225252607     
  469.0000000000  0.32716834106111037     
  470.0000000000  0.32674680009925794     
  471.0000000000  0.32632638445491580     
  472.0000000000  0.32590708924889356     
  473.0000000000  0.32548890963539634     
  474.0000000000  0.32507184080049711     
  475.0000000000  0.32465587796338014     
  476.0000000000  0.32424101637417380     
  477.0000000000  0.32382725131579804     
  478.0000000000  0.32341457810112217     
  479.0000000000  0.32300299207495442     
  480.0000000000  0.32259248861176815     
  481.0000000000  0.32218306311772693     
  482.0000000000  0.32177471102748711     
  483.0000000000  0.32136742780590311     
  484.0000000000  0.32096120894792080     
  485.0000000000  0.32055604997694331     
  486.0000000000  0.32015194644475997     
  487.0000000000  0.31974889393261208     
  488.0000000000  0.31934688804923894     
  489.0000000000  0.31894592443183711     
  490.0000000000  0.31854599874517220     
  491.0000000000  0.31814710668101043     
  492.0000000000  0.31774924395886472     
  493.0000000000  0.31735240632489337     
  494.0000000000  0.31695658955193551     
  495.0000000000  0.31656178943901381     
  496.0000000000  0.31616800181133442     
  497.0000000000  0.31577522252053569     
  498.0000000000  0.31538344744280522     
  499.0000000000  0.31499267248111806     
  500.0000000000  0.31460289356239457     
  501.0000000000  0.31421410663899252     
  502.0000000000  0.31382630768810316     
  503.0000000000  0.31343949271146698     
  504.0000000000  0.31305365773423688     
  505.0000000000  0.31266879880671894     
  506.0000000000  0.31228491200227637     
  507.0000000000  0.31190199341857294     
  508.0000000000  0.31152003917551241     
  509.0000000000  0.31113904541729909     
  510.0000000000  0.31075900831069703     
  511.0000000000  0.31037992404524317     
  512.0000000000  0.31000178883285656     
  513.0000000000  0.30962459890812255     
  514.0000000000  0.30924835052736910     
  515.0000000000  0.30887303996962601     
  516.0000000000  0.30849866353499067     
  517.0000000000  0.30812521754583599     
  518.0000000000  0.30775269834485641     
  519.0000000000  0.30738110229741267     
  520.0000000000  0.30701042578868964     
  521.0000000000  0.30664066522533062     
  522.0000000000  0.30627181703472672     
  523.0000000000  0.30590387766448401     
  524.0000000000  0.30553684358295641     
  525.0000000000  0.30517071127789563     
  526.0000000000  0.30480547725804996     
  527.0000000000  0.30444113805131678     
  528.0000000000  0.30407769020531106     
  529.0000000000  0.30371513028786268     
  530.0000000000  0.30335345488481380     
  531.0000000000  0.30299266060271890     
  532.0000000000  0.30263274406603813     
  533.0000000000  0.30227370191859393     
  534.0000000000  0.30191553082293154     
  535.0000000000  0.30155822746003480     
  536.0000000000  0.30120178852882873     
  537.0000000000  0.30084621074802698     
  538.0000000000  0.30049149085321858     
  539.0000000000  0.30013762559800483     
  540.0000000000  0.29978461175389270     
  541.0000000000  0.29943244611072117     
  542.0000000000  0.29908112547555987     
  543.0000000000  0.29873064667246041     
  544.0000000000  0.29838100654309585     
  545.0000000000  0.29803220194658309     
  546.0000000000  0.29768422975863018     
  547.0000000000  0.29733708687206928     
  548.0000000000  0.29699077019614606     
  549.0000000000  0.29664527665744345     
  550.0000000000  0.29630060319806972     
  551.0000000000  0.29595674677779016     
  552.0000000000  0.29561370437100720     
  553.0000000000  0.29527147296949607     
  554.0000000000  0.29493004958105473     
  555.0000000000  0.29458943122843806     
  556.0000000000  0.29424961495081448     
  557.0000000000  0.29391059780287776     
  558.0000000000  0.29357237685495363     
  559.0000000000  0.29323494919268001     
  560.0000000000  0.29289831191682936     
  561.0000000000  0.29256246214387716     
  562.0000000000  0.29222739700465183     
  563.0000000000  0.29189311364536508     
  564.0000000000  0.29155960922729207     
  565.0000000000  0.29122688092609650     
  566.0000000000  0.29089492593200816     
  567.0000000000  0.29056374144985853     
  568.0000000000  0.29023332469950702     
  569.0000000000  0.28990367291402919     
  570.0000000000  0.28957478334188380     
  571.0000000000  0.28924665324474574     
  572.0000000000  0.28891927989860733     
  573.0000000000  0.28859266059342303     
  574.0000000000  0.28826679263310950     
  575.0000000000  0.28794167333483500     
  576.0000000000  0.28761730003026287     
  577.0000000000  0.28729367006352646     
  578.0000000000  0.28697078079225946     
  579.0000000000  0.28664862958855508     
  580.0000000000  0.28632721383665682     
  581.0000000000  0.28600653093441508     
  582.0000000000  0.28568657829271871     
  583.0000000000  0.28536735333524632     
  584.0000000000  0.28504885349839526     
  585.0000000000  0.28473107623241845     
  586.0000000000  0.28441401899840457     
  587.0000000000  0.28409767927147556     
  588.0000000000  0.28378205453918781     
  589.0000000000  0.28346714230067960     
  590.0000000000  0.28315294006848291     
  591.0000000000  0.28283944536706684     
  592.0000000000  0.28252665573226921     
  593.0000000000  0.28221456871307282     
  594.0000000000  0.28190318187039765     
  595.0000000000  0.28159249277642573     
  596.0000000000  0.28128249901531177     
  597.0000000000  0.28097319818378708     
  598.0000000000  0.28066458788973847     
  599.0000000000  0.28035666575259910     
  600.0000000000  0.28004942940267341     
  601.0000000000  0.27974287648422802     
  602.0000000000  0.27943700464948762     
  603.0000000000  0.27913181156460354     
  604.0000000000  0.27882729490617209     
  605.0000000000  0.27852345236112797     
  606.0000000000  0.27822028162891144     
