  2.0000  -1.0000000000000000      
  3.0000 -0.99999999999972611      
  4.0000 -0.99999999969895015      
  5.0000 -0.99999997989413958      
  6.0000 -0.99999966903783188      
  7.0000 -0.99999755278024893      
  8.0000 -0.99998902668304768      
  9.0000 -0.99996474846595296      
  10.000 -0.99991033206939162      
  11.000 -0.99980752898911907      
  12.000 -0.99963625094935582      
  13.000 -0.99937666845417206      
  14.000 -0.99901088598397436      
  15.000 -0.99852400964537513      
  16.000 -0.99790463745677704      
  17.000 -0.99714490226747121      
  18.000 -0.99624021824935327      
  19.000 -0.99518886244085591      
  20.000 -0.99399148945349602      
  21.000 -0.99265064443929807      
  22.000 -0.99117031264848787      
  23.000 -0.98955552461634577      
  24.000 -0.98781202333256712      
  25.000 -0.98594599212248490      
  26.000 -0.98396383788477326      
  27.000 -0.98187202254533423      
  28.000 -0.97967693519336707      
  29.000 -0.97738479774379738      
  30.000 -0.97500159772275874      
  31.000 -0.97253304265902329      
  32.000 -0.96998453144853192      
  33.000 -0.96736113887206376      
  34.000 -0.96466761015861091      
  35.000 -0.96190836309277183      
  36.000 -0.95908749566916796      
  37.000 -0.95620879771161638      
  38.000 -0.95327576521233437      
  39.000 -0.95029161641935311      
  40.000 -0.94725930891991172      
  41.000 -0.94418155714362051      
  42.000 -0.94106084984982363      
  43.000 -0.93789946727563112      
  44.000 -0.93469949771000826      
  45.000 -0.93146285332956713      
  46.000 -0.92819128518694693      
  47.000 -0.92488639728574373      
  48.000 -0.92154965970931324      
  49.000 -0.91818242079620638      
  50.000 -0.91478591837417933      
  51.000 -0.91136129007881694      
  52.000 -0.90790958279289780      
  53.000 -0.90443176124951230      
  54.000 -0.90092871584633438      
  55.000 -0.89740126972084844      
  56.000 -0.89385018513727021      
  57.000 -0.89027616923562436      
  58.000 -0.88667987919237601      
  59.000 -0.88306192684027995      
  60.000 -0.87942288279296366      
  61.000 -0.87576328011732618      
  62.000 -0.87208361759423292      
  63.000 -0.86838436260529017      
  64.000 -0.86466595368080146      
  65.000 -0.86092880274135819      
  66.000 -0.85717329706292422      
  67.000 -0.85339980099283674      
  68.000 -0.84960865744179537      
  69.000 -0.84580018917470512      
  70.000 -0.84197469992119345      
  71.000 -0.83813247532470769      
  72.000 -0.83427378374732586      
  73.000 -0.83039887694579728      
  74.000 -0.82650799063283631      
  75.000 -0.82260134493632453      
  76.000 -0.81867914476785941      
  77.000 -0.81474158011092812      
  78.000 -0.81078882623801340      
  79.000 -0.80682104386496944      
  80.000 -0.80283837925021762      
  81.000 -0.79884096424553841      
  82.000 -0.79482891630458097      
  83.000 -0.79080233845459191      
  84.000 -0.78676131923633918      
  85.000 -0.78270593261670940      
  86.000 -0.77863623787801750      
  87.000 -0.77455227948768468      
  88.000 -0.77045408695156137      
  89.000 -0.76634167465388714      
  90.000 -0.76221504168654430      
  91.000 -0.75807417167002955      
  92.000 -0.75391903256831405      
  93.000 -0.74974957649953478      
  94.000 -0.74556573954426808      
  95.000 -0.74136744155292789      
  96.000 -0.73715458595368455      
  97.000 -0.73292705956209769      
  98.000 -0.72868473239354459      
  99.000 -0.72442745747934478      
  100.00 -0.72015507068737339      
  101.00 -0.71586739054781234      
  102.00 -0.71156421808458259      
  103.00 -0.70724533665287448      
  104.00 -0.70291051178309871      
  105.00 -0.69855949103148651      
  106.00 -0.69419200383746782      
  107.00 -0.68980776138788413      
  108.00 -0.68540645648801701      
  109.00 -0.68098776343934686      
  110.00 -0.67655133792391098      
  111.00 -0.67209681689507017      
  112.00 -0.66762381847447660      
  113.00 -0.66313194185499424      
  114.00 -0.65862076720933260      
  115.00 -0.65408985560414001      
  116.00 -0.64953874891932339      
  117.00 -0.64496696977240131      
  118.00 -0.64037402144773325      
  119.00 -0.63575938783053476      
  120.00 -0.63112253334568080      
  121.00 -0.62646290290138718      
  122.00 -0.62177992183800901      
  123.00 -0.61707299588231979      
  124.00 -0.61234151110783230      
  125.00 -0.60758483390192397      
  126.00 -0.60280231094076364      
  127.00 -0.59799326917331719      
  128.00 -0.59315701581602731      
  129.00 -0.58829283836011770      
  130.00 -0.58340000459388142      
  131.00 -0.57847776264278794      
  132.00 -0.57352534103076713      
  133.00 -0.56854194876662112      
  134.00 -0.56352677546020535      
  135.00 -0.55847899147378488      
  136.00 -0.55339774811483644      
  137.00 -0.54828217787755706      
  138.00 -0.54313139474144934      
  139.00 -0.53794449453661042      
  140.00 -0.53272055538677299      
  141.00 -0.52745863824275574      
  142.00 -0.52215778752079189      
  143.00 -0.51681703186225525      
  144.00 -0.51143538503360908      
  145.00 -0.50601184698801871      
  146.00 -0.50054540511299772      
  147.00 -0.49503503569175838      
  148.00 -0.48947970560965270      
  149.00 -0.48387837434124348      
  150.00 -0.47822999625821067      
  151.00 -0.47253352330346948      
  152.00 -0.46678790808267756      
  153.00 -0.46099210743069552      
  154.00 -0.45514508651762897      
  155.00 -0.44924582356681297      
  156.00 -0.44329331526554938      
  157.00 -0.43728658295849632      
  158.00 -0.43122467972334022      
  159.00 -0.42510669843864851      
  160.00 -0.41893178096439670      
  161.00 -0.41269912856643076      
  162.00 -0.40640801372660479      
  163.00 -0.40005779349011661      
  164.00 -0.39364792450993780      
  165.00 -0.38717797995426828      
  166.00 -0.38064766844552400      
  167.00 -0.37405685519694920      
  168.00 -0.36740558550359403      
  169.00 -0.36069411072589275      
  170.00 -0.35392291687339617      
  171.00 -0.34709275585025678      
  172.00 -0.34020467935872833      
  173.00 -0.33326007536827329      
  174.00 -0.32626070694121156      
  175.00 -0.31920875305699115      
  176.00 -0.31210685089235302      
  177.00 -0.30495813879159628      
  178.00 -0.29776629889969253      
  179.00 -0.29053559813494512      
  180.00 -0.28327092585556835      
  181.00 -0.27597782624164946      
  182.00 -0.26866252309339389      
  183.00 -0.26133193447102943      
  184.00 -0.25399367441245846      
  185.00 -0.24665603891028232      
  186.00 -0.23932797346257617      
  187.00 -0.23201901988096396      
  188.00 -0.22473924068290874      
  189.00 -0.21749912032814844      
  190.00 -0.21030944376384575      
  191.00 -0.20318115416042470      
  192.00 -0.19612519324565092      
  193.00 -0.18915232913518976      
  194.00 -0.18227297784451979      
  195.00 -0.17549702557964197      
  196.00 -0.16883365929943661      
  197.00 -0.16229121283305670      
  198.00 -0.15587703500971140      
  199.00 -0.14959738488678287      
  200.00 -0.14345735739041965      
  201.00 -0.13746084070540210      
  202.00 -0.13161050477877279      
  203.00 -0.12590781853642019      
  204.00 -0.12035309197040744      
  205.00 -0.11494553829460852      
  206.00 -0.10968335080033853      
  207.00 -0.10456378894706830      
  208.00 -9.95832684187449857E-002 
  209.00 -9.47374503562850023E-002 
  210.00 -9.00213255334305629E-002 
  211.00 -8.54292898413264723E-002 
  212.00 -8.09552080038873356E-002 
  213.00 -7.65924627864951191E-002 
  214.00 -7.23339871505439547E-002 
  215.00 -6.81722766563268578E-002 
  216.00 -6.40993788805515052E-002 
  217.00 -6.01068555846469010E-002 
  218.00 -5.61857115334589707E-002 
  219.00 -5.23262809808429097E-002 
  220.00 -4.85180580702007092E-002 
  221.00 -4.47494497504266064E-002 
  222.00 -4.10074169127305765E-002 
  223.00 -3.72769470663207869E-002 
  224.00 -3.35402611546147256E-002 
  225.00 -2.97755788437896740E-002 
  226.00 -2.59551055654654306E-002 
  227.00 -2.20415442812367246E-002 
  228.00 -1.79815365615780820E-002 
  229.00 -1.36918474664540213E-002 
  230.00 -9.02489944186868343E-003 
  231.00 -3.65412938423048672E-003 
  232.00  3.69186340346061570E-003 
  233.00  4.96991045865460279E-002 
  234.00  4.45942198258784117E-002 
  235.00  3.93318243807154744E-002 
  236.00  3.44992672996333738E-002 
  237.00  3.09222946945713062E-002 
  238.00  2.86261043314688379E-002 
  239.00  2.71362161382242562E-002 
  240.00  2.61008118303429626E-002 
  241.00  2.53310640816266641E-002 
  242.00  2.47269088453947461E-002 
  243.00  2.42323859104658368E-002 
  244.00  2.38142382472652514E-002 
  245.00  2.34515922549078937E-002 
  246.00  2.31307218129863656E-002 
  247.00  2.28422379165102996E-002 
  248.00  2.25794994607291244E-002 
  249.00  2.23376721752224228E-002 
  250.00  2.21131485098169378E-002 
  251.00  2.19031772767337429E-002 
  252.00  2.17056198513532195E-002 
  253.00  2.15187853006284513E-002 
  254.00  2.13413161983240229E-002 
  255.00  2.11721078445563649E-002 
  256.00  2.10102500234654599E-002 
  257.00  2.08549842843588351E-002 
  258.00  2.07056721190355120E-002 
  259.00  2.05617709180003772E-002 
  260.00  2.04228155700398872E-002 
  261.00  2.02884042112110308E-002 
  262.00  2.01581870682581155E-002 
  263.00  2.00318576324036712E-002 
  264.00  1.99091456158875246E-002 
  265.00  1.97898112756895728E-002 
  266.00  1.96736408085556036E-002 
  267.00  1.95604425804525306E-002 
  268.00  1.94500440205374048E-002 
  269.00  1.93422890440508866E-002 
  270.00  1.92370359005700209E-002 
  271.00  1.91341553660215880E-002 
  272.00  1.90335292175696225E-002 
  273.00  1.89350489347432926E-002 
  274.00  1.88386145934025251E-002 
  275.00  1.87441339156464437E-002 
  276.00  1.86515214515559080E-002 
  277.00  1.85606978704768721E-002 
  278.00  1.84715893450864144E-002 
  279.00  1.83841270138458412E-002 
  280.00  1.82982465098469049E-002 
  281.00  1.82138875466577588E-002 
  282.00  1.81309935527309563E-002 
  283.00  1.80495113476730751E-002 
  284.00  1.79693908547164938E-002 
  285.00  1.78905848444763649E-002 
  286.00  1.78130487059959819E-002 
  287.00  1.77367402414319031E-002 
  288.00  1.76616194816006100E-002 
  289.00  1.75876485197292709E-002 
  290.00  1.75147913613500350E-002 
  291.00  1.74430137882950476E-002 
  292.00  1.73722832352609657E-002 
  293.00  1.73025686775538645E-002 
  294.00  1.72338405287213448E-002 
  295.00  1.71660705470344510E-002 
  296.00  1.70992317499099045E-002 
  297.00  1.70332983354235523E-002 
  298.00  1.69682456101654111E-002 
  299.00  1.69040499228714225E-002 
  300.00  1.68406886032101966E-002 
  301.00  1.67781399052095992E-002 
  302.00  1.67163829551313370E-002 
  303.00  1.66553977028165434E-002 
  304.00  1.65951648769180338E-002 
  305.00  1.65356659430635489E-002 
  306.00  1.64768830650849907E-002 
  307.00  1.64187990687807428E-002 
  308.00  1.63613974081613378E-002 
  309.00  1.63046621339404396E-002 
  310.00  1.62485778641432432E-002 
  311.00  1.61931297563775445E-002 
  312.00  1.61383034821298565E-002 
  313.00  1.60840852024257686E-002 
  314.00  1.60304615450499455E-002 
  315.00  1.59774195831907662E-002 
  316.00  1.59249468152822260E-002 
  317.00  1.58730311460253404E-002 
  318.00  1.58216608684931259E-002 
  319.00  1.57708246472907376E-002 
  320.00  1.57205115026464171E-002 
  321.00  1.56707107952342994E-002 
  322.00  1.56214122121340893E-002 
  323.00  1.55726057531744289E-002 
  324.00  1.55242817182354997E-002 
  325.00  1.54764306952408504E-002 
  326.00  1.54290435484547572E-002 
  327.00  1.53821114078525056E-002 
  328.00  1.53356256585439610E-002 
  329.00  1.52895779311243984E-002 
  330.00  1.52439600921709939E-002 
  331.00  1.51987642354249886E-002 
  332.00  1.51539826733291250E-002 
  333.00  1.51096079288670637E-002 
  334.00  1.50656327279499180E-002 
  335.00  1.50220499920123984E-002 
  336.00  1.49788528311063374E-002 
  337.00  1.49360345370581626E-002 
  338.00  1.48935885772303322E-002 
  339.00  1.48515085883111908E-002 
  340.00  1.48097883705169409E-002 
  341.00  1.47684218820494095E-002 
  342.00  1.47274032336213168E-002 
  343.00  1.46867266835002397E-002 
  344.00  1.46463866324957337E-002 
  345.00  1.46063776192697503E-002 
  346.00  1.45666943159099560E-002 
  347.00  1.45273315235101563E-002 
  348.00  1.44882841680740171E-002 
  349.00  1.44495472965715521E-002 
  350.00  1.44111160730560073E-002 
  351.00  1.43729857750187762E-002 
  352.00  1.43351517899290570E-002 
  353.00  1.42976096116811391E-002 
  354.00  1.42603548375532796E-002 
  355.00  1.42233831648965747E-002 
  356.00  1.41866903882146289E-002 
  357.00  1.41502723962361188E-002 
  358.00  1.41141251690939384E-002 
  359.00  1.40782447757032969E-002 
  360.00  1.40426273711113936E-002 
  361.00  1.40072691940176242E-002 
  362.00  1.39721665643435244E-002 
  363.00  1.39373158809874553E-002 
  364.00  1.39027136194940226E-002 
  365.00  1.38683563299366597E-002 
  366.00  1.38342406348215263E-002 
  367.00  1.38003632271193055E-002 
  368.00  1.37667208682472619E-002 
  369.00  1.37333103862857797E-002 
  370.00  1.37001286740243700E-002 
  371.00  1.36671726874055821E-002 
  372.00  1.36344394436562766E-002 
  373.00  1.36019260197102199E-002 
  374.00  1.35696295507372611E-002 
  375.00  1.35375472283882914E-002 
  376.00  1.35056762995375834E-002 
  377.00  1.34740140646911755E-002 
  378.00  1.34425578767078946E-002 
  379.00  1.34113051393995875E-002 
  380.00  1.33802533062237217E-002 
  381.00  1.33493998790683577E-002 
  382.00  1.33187424070300153E-002 
  383.00  1.32882784851773295E-002 
  384.00  1.32580057534710249E-002 
  385.00  1.32279218956270483E-002 
  386.00  1.31980246380081212E-002 
  387.00  1.31683117487000345E-002 
  388.00  1.31387810363250424E-002 
  389.00  1.31094303492105269E-002 
  390.00  1.30802575743373950E-002 
  391.00  1.30512606365229544E-002 
  392.00  1.30224374974119428E-002 
  393.00  1.29937861546736144E-002 
  394.00  1.29653046411490891E-002 
  395.00  1.29369910240129116E-002 
  396.00  1.29088434039772437E-002 
  397.00  1.28808599145884273E-002 
  398.00  1.28530387213388053E-002 
  399.00  1.28253780210840773E-002 
  400.00  1.27978760411906478E-002 
  401.00  1.27705310389956139E-002 
  402.00  1.27433413010251684E-002 
  403.00  1.27163051423835327E-002 
  404.00  1.26894209061205743E-002 
  405.00  1.26626869625710015E-002 
  406.00  1.26361017088783001E-002 
  407.00  1.26096635682273472E-002 
  408.00  1.25833709894891399E-002 
  409.00  1.25572224464320925E-002 
  410.00  1.25312164373951873E-002 
  411.00  1.25053514846555913E-002 
  412.00  1.24796261339241710E-002 
  413.00  1.24540389538623231E-002 
  414.00  1.24285885356769654E-002 
  415.00  1.24032734924668375E-002 
  416.00  1.23780924589595998E-002 
  417.00  1.23530440909362937E-002 
  418.00  1.23281270648476493E-002 
  419.00  1.23033400774019697E-002 
  420.00  1.22786818450961732E-002 
  421.00  1.22541511038605222E-002 
  422.00  1.22297466086962459E-002 
  423.00  1.22054671331781606E-002 
  424.00  1.21813114692344016E-002 
  425.00  1.21572784266206213E-002 
  426.00  1.21333668327139321E-002 
  427.00  1.21095755320581588E-002 
  428.00  1.20859033860938325E-002 
  429.00  1.20623492727744974E-002 
  430.00  1.20389120862967047E-002 
  431.00  1.20155907367447412E-002 
  432.00  1.19923841498348338E-002 
  433.00  1.19692912665243512E-002 
  434.00  1.19463110428270625E-002 
  435.00  1.19234424494436553E-002 
  436.00  1.19006844715698890E-002 
  437.00  1.18780361085057962E-002 
  438.00  1.18554963735064689E-002 
  439.00  1.18330642934765251E-002 
  440.00  1.18107389086858916E-002 
  441.00  1.17885192725637467E-002 
  442.00  1.17664044514356192E-002 
  443.00  1.17443935243315423E-002 
  444.00  1.17224855826592034E-002 
  445.00  1.17006797301044685E-002 
  446.00  1.16789750822761107E-002 
  447.00  1.16573707666276505E-002 
  448.00  1.16358659221234007E-002 
  449.00  1.16144596991105686E-002 
  450.00  1.15931512590705665E-002 
  451.00  1.15719397744982189E-002 
  452.00  1.15508244286104400E-002 
  453.00  1.15298044151757040E-002 
  454.00  1.15088789384358847E-002 
  455.00  1.14880472127794064E-002 
  456.00  1.14673084626630839E-002 
  457.00  1.14466619223847488E-002 
  458.00  1.14261068359908791E-002 
  459.00  1.14056424569781711E-002 
  460.00  1.13852680482651181E-002 
  461.00  1.13649828819646359E-002 
  462.00  1.13447862392135335E-002 
  463.00  1.13246774101369851E-002 
  464.00  1.13046556935287867E-002 
  465.00  1.12847203968016174E-002 
  466.00  1.12648708358520366E-002 
  467.00  1.12451063349254810E-002 
  468.00  1.12254262263746796E-002 
  469.00  1.12058298507307086E-002 
  470.00  1.11863165563050870E-002 
  471.00  1.11668856993176746E-002 
  472.00  1.11475366435769274E-002 
  473.00  1.11282687604870034E-002 
  474.00  1.11090814288559159E-002 
  475.00  1.10899740348244791E-002 
  476.00  1.10709459716318293E-002 
  477.00  1.10519966397149005E-002 
  478.00  1.10331254463957862E-002 
  479.00  1.10143318058533168E-002 
  480.00  1.09956151390591117E-002 
  481.00  1.09769748735573103E-002 
  482.00  1.09584104434929941E-002 
  483.00  1.09399212893919184E-002 
  484.00  1.09215068581747232E-002 
  485.00  1.09031666029650864E-002 
  486.00  1.08848999830328808E-002 
  487.00  1.08667064637231192E-002 
  488.00  1.08485855162641087E-002 
  489.00  1.08305366178953477E-002 
  490.00  1.08125592514838331E-002 
  491.00  1.07946529056874851E-002 
  492.00  1.07768170747348790E-002 
  493.00  1.07590512583826126E-002 
  494.00  1.07413549618655679E-002 
  495.00  1.07237276957405925E-002 
  496.00  1.07061689758367606E-002 
  497.00  1.06886783232198468E-002 
  498.00  1.06712552641070602E-002 
  499.00  1.06538993297036200E-002 
  500.00  1.06366100562738097E-002 
  501.00  1.06193869849136036E-002 
  502.00  1.06022296616430367E-002 
  503.00  1.05851376371717265E-002 
  504.00  1.05681104669770320E-002 
  505.00  1.05511477111335239E-002 
  506.00  1.05342489342774570E-002 
  507.00  1.05174137055996653E-002 
  508.00  1.05006415986679258E-002 
  509.00  1.04839321914838024E-002 
  510.00  1.04672850663334316E-002 
  511.00  1.04506998097804171E-002 
  512.00  1.04341760125521432E-002 
  513.00  1.04177132695966179E-002 
  514.00  1.04013111798195723E-002 
  515.00  1.03849693462834125E-002 
  516.00  1.03686873759585296E-002 
  517.00  1.03524648797090890E-002 
  518.00  1.03363014723072411E-002 
  519.00  1.03201967723620669E-002 
  520.00  1.03041504021490482E-002 
  521.00  1.02881619877521757E-002 
  522.00  1.02722311588863136E-002 
  523.00  1.02563575488332503E-002 
  524.00  1.02405407944914373E-002 
  525.00  1.02247805362978283E-002 
  526.00  1.02090764180786664E-002 
  527.00  1.01934280871418537E-002 
  528.00  1.01778351941632650E-002 
  529.00  1.01622973931583260E-002 
  530.00  1.01468143414180645E-002 
  531.00  1.01313856995304263E-002 
  532.00  1.01160111312097456E-002 
  533.00  1.01006903034104312E-002 
  534.00  1.00854228861919637E-002 
  535.00  1.00702085526549467E-002 
  536.00  1.00550469790121610E-002 
  537.00  1.00399378444535614E-002 
  538.00  1.00248808311533821E-002 
  539.00  1.00098756241351339E-002 
  540.00  9.99492191147766107E-003 
  541.00  9.98001938398829225E-003 
  542.00  9.96516773531652689E-003 
  543.00  9.95036666195403541E-003 
  544.00  9.93561586306412892E-003 
  545.00  9.92091504061676233E-003 
  546.00  9.90626389918958239E-003 
  547.00  9.89166214608161454E-003 
  548.00  9.87710949115694348E-003 
  549.00  9.86260564689445118E-003 
  550.00  9.84815032833807891E-003 
  551.00  9.83374325299735119E-003 
  552.00  9.81938414095395729E-003 
  553.00  9.80507271472674802E-003 
  554.00  9.79080869923620867E-003 
  555.00  9.77659182186130238E-003 
  556.00  9.76242181229025618E-003 
  557.00  9.74829840263424785E-003 
  558.00  9.73422132729950818E-003 
  559.00  9.72019032295889929E-003 
  560.00  9.70620512860165263E-003 
  561.00  9.69226548536994414E-003 
  562.00  9.67837113672942451E-003 
  563.00  9.66452182824895090E-003 
  564.00  9.65071730769295755E-003 
  565.00  9.63695732495040147E-003 
  566.00  9.62324163204186789E-003 
  567.00  9.60956998306272681E-003 
  568.00  9.59594213418313302E-003 
  569.00  9.58235784356986642E-003 
  570.00  9.56881687149291338E-003 
  571.00  9.55531898011940939E-003 
  572.00  9.54186393364153673E-003 
  573.00  9.52845149821257564E-003 
  574.00  9.51508144181190119E-003 
  575.00  9.50175353450788407E-003 
  576.00  9.48846754808130299E-003 
  577.00  9.47522325625271833E-003 
  578.00  9.46202043456878528E-003 
  579.00  9.44885886040225387E-003 
  580.00  9.43573831290933640E-003 
  581.00  9.42265857306523458E-003 
  582.00  9.40961942360019066E-003 
  583.00  9.39662064894974947E-003 
  584.00  9.38366203526896925E-003 
  585.00  9.37074337048215966E-003 
  586.00  9.35786444413366780E-003 
  587.00  9.34502504745182705E-003 
  588.00  9.33222497337027335E-003 
  589.00  9.31946401632188781E-003 
  590.00  9.30674197251590840E-003 
  591.00  9.29405863966792367E-003 
  592.00  9.28141381702829449E-003 
  593.00  9.26880730553136800E-003 
  594.00  9.25623890757520940E-003 
  595.00  9.24370842707844531E-003 
  596.00  9.23121566951579098E-003 
  597.00  9.21876044187541765E-003 
  598.00  9.20634255253816036E-003 
  599.00  9.19396181143383728E-003 
  600.00  9.18161802989914122E-003 
  601.00  9.16931102079132643E-003 
  602.00  9.15704059823951866E-003 
  603.00  9.14480657790761597E-003 
  604.00  9.13260877678823135E-003 
  605.00  9.12044701323111440E-003 
  606.00  9.10832110705683817E-003 
