  2.0000   1.0000000000000000      
  3.0000   1.0000000000000000      
  4.0000   1.0000000000000000      
  5.0000   1.0000000000000000      
  6.0000   1.0000000000000000      
  7.0000  0.99999999999999978      
  8.0000  0.99999999999999434      
  9.0000  0.99999999999980016      
  10.000  0.99999999999660094      
  11.000  0.99999999996542610      
  12.000  0.99999999976075737      
  13.000  0.99999999876863366      
  14.000  0.99999999497573067      
  15.000  0.99999998297170589      
  16.000  0.99999995035606160      
  17.000  0.99999987213600650      
  18.000  0.99999970296132257      
  19.000  0.99999936737423245      
  20.000  0.99999874856913495      
  21.000  0.99999767639003179      
  22.000  0.99999591540815458      
  23.000  0.99999315391744881      
  24.000  0.99998899458276980      
  25.000  0.99998294730734893      
  26.000  0.99997442468602382      
  27.000  0.99996274020776421      
  28.000  0.99994710918642249      
  29.000  0.99992665224566557      
  30.000  0.99990040106889599      
  31.000  0.99986730604839891      
  32.000  0.99982624542699372      
  33.000  0.99977603551487282      
  34.000  0.99971544157787240      
  35.000  0.99964318902475102      
  36.000  0.99955797456423634      
  37.000  0.99945847705250146      
  38.000  0.99934336780413946      
  39.000  0.99921132019136749      
  40.000  0.99906101840476980      
  41.000  0.99889116529282374      
  42.000  0.99870048923580579      
  43.000  0.99848775004211099      
  44.000  0.99825174388151239      
  45.000  0.99799130729073793      
  46.000  0.99770532030243531      
  47.000  0.99739270875971664      
  48.000  0.99705244588564701      
  49.000  0.99668355318091051      
  50.000  0.99628510072407406      
  51.000  0.99585620694792232      
  52.000  0.99539603796275833      
  53.000  0.99490380649380761      
  54.000  0.99437877049527967      
  55.000  0.99382023149856535      
  56.000  0.99322753274668663      
  57.000  0.99260005716172195      
  58.000  0.99193722518661276      
  59.000  0.99123849253763618      
  60.000  0.99050334789900885      
  61.000  0.98973131058659014      
  62.000  0.98892192820352365      
  63.000  0.98807477430691626      
  64.000  0.98718944610128501      
  65.000  0.98626556217152161      
  66.000  0.98530276026547692      
  67.000  0.98430069513398855      
  68.000  0.98325903643418278      
  69.000  0.98217746670018236      
  70.000  0.98105567938392713      
  71.000  0.97989337696760226      
  72.000  0.97869026914818424      
  73.000  0.97744607109380977      
  74.000  0.97616050177102165      
  75.000  0.97483328234145217      
  76.000  0.97346413462611869      
  77.000  0.97205277963523040      
  78.000  0.97059893616122184      
  79.000  0.96910231943260805      
  80.000  0.96756263982620505      
  81.000  0.96597960163525087      
  82.000  0.96435290189100553      
  83.000  0.96268222923545177      
  84.000  0.96096726284282818      
  85.000  0.95920767138780216      
  86.000  0.95740311205821738      
  87.000  0.95555322961045253      
  88.000  0.95365765546554715      
  89.000  0.95171600684436053      
  90.000  0.94972788594013324      
  91.000  0.94769287912691735      
  92.000  0.94561055620243517      
  93.000  0.94348046966398724      
  94.000  0.94130215401612527      
  95.000  0.93907512510882452      
  96.000  0.93679887950496732      
  97.000  0.93447289387595378      
  98.000  0.93209662442430719      
  99.000  0.92966950633212020      
  100.00  0.92719095323422906      
  101.00  0.92466035671497138      
  102.00  0.92207708582739811      
  103.00  0.91944048663377487      
  104.00  0.91674988176621675      
  105.00  0.91400457000626856      
  106.00  0.91120382588222881      
  107.00  0.90834689928300738      
  108.00  0.90543301508729390      
  109.00  0.90246137280680383      
  110.00  0.89943114624237597      
  111.00  0.89634148315171058      
  112.00  0.89319150492754318      
  113.00  0.88998030628509173      
  114.00  0.88670695495766849      
  115.00  0.88337049139938839      
  116.00  0.87996992849400646      
  117.00  0.87650425126900056      
  118.00  0.87297241661415170      
  119.00  0.86937335300399676      
  120.00  0.86570596022372437      
  121.00  0.86196910909826552      
  122.00  0.85816164122457761      
  123.00  0.85428236870737706      
  124.00  0.85033007389890058      
  125.00  0.84630350914361974      
  126.00  0.84220139652923509      
  127.00  0.83802242764575341      
  128.00  0.83376526335495904      
  129.00  0.82942853357319168      
  130.00  0.82501083707101941      
  131.00  0.82051074129415691      
  132.00  0.81592678221085058      
  133.00  0.81125746419191780      
  134.00  0.80650125993075883      
  135.00  0.80165661041190150      
  136.00  0.79672192493807015      
  137.00  0.79169558122737271      
  138.00  0.78657592559404943      
  139.00  0.78136127322825977      
  140.00  0.77604990859276402      
  141.00  0.77064008595697797      
  142.00  0.76513003009190150      
  143.00  0.75951793715281313      
  144.00  0.75380197578046548      
  145.00  0.74798028845586428      
  146.00  0.74205099314862299      
  147.00  0.73601218530441770      
  148.00  0.72986194022330197      
  149.00  0.72359831588766343      
  150.00  0.71721935630647260      
  151.00  0.71072309545128254      
  152.00  0.70410756186929602      
  153.00  0.69737078406974673      
  154.00  0.69051079679198257      
  155.00  0.68352564827698603      
  156.00  0.67641340867871624      
  157.00  0.66917217976754650      
  158.00  0.66180010609519513      
  159.00  0.65429538780874152      
  160.00  0.64665629532039104      
  161.00  0.63888118605920363      
  162.00  0.63096852355052280      
  163.00  0.62291689908752756      
  164.00  0.61472505627619478      
  165.00  0.60639191874843745      
  166.00  0.59791662134651169      
  167.00  0.58929854508246959      
  168.00  0.58053735616628110      
  169.00  0.57163304937160475      
  170.00  0.56258599596402759      
  171.00  0.55339699634768014      
  172.00  0.54406733748555691      
  173.00  0.53459885500977466      
  174.00  0.52499399975230410      
  175.00  0.51525590818686196      
  176.00  0.50538847597168246      
  177.00  0.49539643341587503      
  178.00  0.48528542125768181      
  179.00  0.47506206464572198      
  180.00  0.46473404266657764      
  181.00  0.45431015018769277      
  182.00  0.44380034822004799      
  183.00  0.43321579850303210      
  184.00  0.42256887764195100      
  185.00  0.41187316596782803      
  186.00  0.40114340642828328      
  187.00  0.39039542934320792      
  188.00  0.37964603983866119      
  189.00  0.36891286624114006      
  190.00  0.35821416965282937      
  191.00  0.34756861724956978      
  192.00  0.33699502438419260      
  193.00  0.32651207310790809      
  194.00  0.31613801696364852      
  195.00  0.30589038357168330      
  196.00  0.29578568737130495      
  197.00  0.28583916474115667      
  198.00  0.27606454255485313      
  199.00  0.26647384913523453      
  200.00  0.25707727377175682      
  201.00  0.24788307777180352      
  202.00  0.23889755677215385      
  203.00  0.23012505107908465      
  204.00  0.22156799833629615      
  205.00  0.21322702111813152      
  206.00  0.20510104097632542      
  207.00  0.19718741017900809      
  208.00  0.18948205258381945      
  209.00  0.18197960578676664      
  210.00  0.17467355754011882      
  211.00  0.16755637038638849      
  212.00  0.16061958937685050      
  213.00  0.15385392833690670      
  214.00  0.14724933052846723      
  215.00  0.14079499942492646      
  216.00  0.13447939459601388      
  217.00  0.12829018624074129      
  218.00  0.12221415922219903      
  219.00  0.11623705321787847      
  220.00  0.11034331852040502      
  221.00  0.10451575566282045      
  222.00  9.87349878413148474E-002 
  223.00  9.29786817516689013E-002 
  224.00  8.72203717643342813E-002 
  225.00  8.14276256576826896E-002 
  226.00  7.55590499284597428E-002 
  227.00  6.95590951720355122E-002 
  228.00  6.33482814614287904E-002 
  229.00  5.68025976742703165E-002 
  230.00  4.97020792369813336E-002 
  231.00  4.15596746380479942E-002 
  232.00  3.04773231159636282E-002 
  233.00 -3.82550301791102498E-002 
  234.00 -3.06828009691066939E-002 
  235.00 -2.28857162321709495E-002 
  236.00 -1.57376371174429153E-002 
  237.00 -1.04652783860075260E-002 
  238.00 -7.10298781689289171E-003 
  239.00 -4.94262022014879676E-003 
  240.00 -3.45967084220433208E-003 
  241.00 -2.37269865809253133E-003 
  242.00 -1.53256850603611383E-003 
  243.00 -8.55874351373131503E-004 
  244.00 -2.93043689225669368E-004 
  245.00  1.87041607205173932E-004 
  246.00  6.04847928457274975E-004 
  247.00  9.74377898671718867E-004 
  248.00  1.30553860623194851E-003 
  249.00  1.60554398780732299E-003 
  250.00  1.87977933461525026E-003 
  251.00  2.13235322803484451E-003 
  252.00  2.36646088043812597E-003 
  253.00  2.58462985846108495E-003 
  254.00  2.78889027183026883E-003 
  255.00  2.98089518187794056E-003 
  256.00  3.16200742179262306E-003 
  257.00  3.33336328210975807E-003 
  258.00  3.49591995674813916E-003 
  259.00  3.65049139556106184E-003 
  260.00  3.79777574511308558E-003 
  261.00  3.93837660494966713E-003 
  262.00  4.07281967082440133E-003 
  263.00  4.20156590428177878E-003 
  264.00  4.32502204407114732E-003 
  265.00  4.44354907951094447E-003 
  266.00  4.55746912604126919E-003 
  267.00  4.66707105663033417E-003 
  268.00  4.77261514208748849E-003 
  269.00  4.87433690234695405E-003 
  270.00  4.97245032308057944E-003 
  271.00  5.06715055968243178E-003 
  272.00  5.15861621875046694E-003 
  273.00  5.24701130214566547E-003 
  274.00  5.33248686296872165E-003 
  275.00  5.41518242883398671E-003 
  276.00  5.49522722815254383E-003 
  277.00  5.57274125274886956E-003 
  278.00  5.64783618182218561E-003 
  279.00  5.72061618881036793E-003 
  280.00  5.79117864894840295E-003 
  281.00  5.85961476143381788E-003 
  282.00  5.92601009921622790E-003 
  283.00  5.99044509593227303E-003 
  284.00  6.05299547851245734E-003 
  285.00  6.11373265334691496E-003 
  286.00  6.17272405109758893E-003 
  287.00  6.23003343642380969E-003 
  288.00  6.28572118617398701E-003 
  289.00  6.33984454043456935E-003 
  290.00  6.39245782932107431E-003 
  291.00  6.44361267845283692E-003 
  292.00  6.49335819574048401E-003 
  293.00  6.54174114133354578E-003 
  294.00  6.58880608241929622E-003 
  295.00  6.63459553523182421E-003 
  296.00  6.67915009455555264E-003 
  297.00  6.72250855301115280E-003 
  298.00  6.76470801040807146E-003 
  299.00  6.80578397468423191E-003 
  300.00  6.84577045490186720E-003 
  301.00  6.88470004719476947E-003 
  302.00  6.92260401424960037E-003 
  303.00  6.95951235928760070E-003 
  304.00  6.99545389421984964E-003 
  305.00  7.03045630352505668E-003 
  306.00  7.06454620328145211E-003 
  307.00  7.09774919648964442E-003 
  308.00  7.13008992467223379E-003 
  309.00  7.16159211580702504E-003 
  310.00  7.19227862944649132E-003 
  311.00  7.22217149903769950E-003 
  312.00  7.25129197111584745E-003 
  313.00  7.27966054273565533E-003 
  314.00  7.30729699625243256E-003 
  315.00  7.33422043200704366E-003 
  316.00  7.36044929925583347E-003 
  317.00  7.38600142521761427E-003 
  318.00  7.41089404255035333E-003 
  319.00  7.43514381516519052E-003 
  320.00  7.45876686262647581E-003 
  321.00  7.48177878343625480E-003 
  322.00  7.50419467665608408E-003 
  323.00  7.52602916280409318E-003 
  324.00  7.54729640341622598E-003 
  325.00  7.56801011946350854E-003 
  326.00  7.58818360935720193E-003 
  327.00  7.60782976528417976E-003 
  328.00  7.62696108952098939E-003 
  329.00  7.64558970922024628E-003 
  330.00  7.66372739107623602E-003 
  331.00  7.68138555481812091E-003 
  332.00  7.69857528632655885E-003 
  333.00  7.71530735021741521E-003 
  334.00  7.73159220143782022E-003 
  335.00  7.74743999676985595E-003 
  336.00  7.76286060546738099E-003 
  337.00  7.77786361972232498E-003 
  338.00  7.79245836441333495E-003 
  339.00  7.80665390654888824E-003 
  340.00  7.82045906420592019E-003 
  341.00  7.83388241522686712E-003 
  342.00  7.84693230541932962E-003 
  343.00  7.85961685642888597E-003 
  344.00  7.87194397329216144E-003 
  345.00  7.88392135178384024E-003 
  346.00  7.89555648516682140E-003 
  347.00  7.90685667107737800E-003 
  348.00  7.91782901774240599E-003 
  349.00  7.92848045016114611E-003 
  350.00  7.93881771603821562E-003 
  351.00  7.94884739139689600E-003 
  352.00  7.95857588597925769E-003 
  353.00  7.96800944865339034E-003 
  354.00  7.97715417211009026E-003 
  355.00  7.98601599798587358E-003 
  356.00  7.99460072143176603E-003 
  357.00  8.00291399547603532E-003 
  358.00  8.01096133548639955E-003 
  359.00  8.01874812319880448E-003 
  360.00  8.02627961074620089E-003 
  361.00  8.03356092455942417E-003 
  362.00  8.04059706905491112E-003 
  363.00  8.04739293009504308E-003 
  364.00  8.05395327860480847E-003 
  365.00  8.06028277379766678E-003 
  366.00  8.06638596647246686E-003 
  367.00  8.07226730194798847E-003 
  368.00  8.07793112326038454E-003 
  369.00  8.08338167383482187E-003 
  370.00  8.08862310055502576E-003 
  371.00  8.09365945608675474E-003 
  372.00  8.09849470186208009E-003 
  373.00  8.10313271035312255E-003 
  374.00  8.10757726745947593E-003 
  375.00  8.11183207519405869E-003 
  376.00  8.11590075353763041E-003 
  377.00  8.11978684296121855E-003 
  378.00  8.12349380633037299E-003 
  379.00  8.12702503115048103E-003 
  380.00  8.13038383142128396E-003 
  381.00  8.13357344966902929E-003 
  382.00  8.13659705871572214E-003 
  383.00  8.13945776362601237E-003 
  384.00  8.14215860329170482E-003 
  385.00  8.14470255229338136E-003 
  386.00  8.14709252242806770E-003 
  387.00  8.14933136437900885E-003 
  388.00  8.15142186924333600E-003 
  389.00  8.15336676999578458E-003 
  390.00  8.15516874306609907E-003 
  391.00  8.15683040955406113E-003 
  392.00  8.15835433677136734E-003 
  393.00  8.15974303949928981E-003 
  394.00  8.16099898128896939E-003 
  395.00  8.16212457570486549E-003 
  396.00  8.16312218755399499E-003 
  397.00  8.16399413405832775E-003 
  398.00  8.16474268602718212E-003 
  399.00  8.16537006890172279E-003 
  400.00  8.16587846393446171E-003 
  401.00  8.16627000915559620E-003 
  402.00  8.16654680041750680E-003 
  403.00  8.16671089242504422E-003 
  404.00  8.16676429963791861E-003 
  405.00  8.16670899728677568E-003 
  406.00  8.16654692219032086E-003 
  407.00  8.16627997372876280E-003 
  408.00  8.16591001458277788E-003 
  409.00  8.16543887179932426E-003 
  410.00  8.16486833733875983E-003 
  411.00  8.16420016905539114E-003 
  412.00  8.16343609137959447E-003 
  413.00  8.16257779614915080E-003 
  414.00  8.16162694320610171E-003 
  415.00  8.16058516124940070E-003 
  416.00  8.15945404845308531E-003 
  417.00  8.15823517316260904E-003 
  418.00  8.15693007455564612E-003 
  419.00  8.15554026325315817E-003 
  420.00  8.15406722200151535E-003 
  421.00  8.15251240619119244E-003 
  422.00  8.15087724456020624E-003 
  423.00  8.14916313964175743E-003 
  424.00  8.14737146843214077E-003 
  425.00  8.14550358293786303E-003 
  426.00  8.14356081055223058E-003 
  427.00  8.14154445486536815E-003 
  428.00  8.13945579589159252E-003 
  429.00  8.13729609066626836E-003 
  430.00  8.13506657377871534E-003 
  431.00  8.13276845782695545E-003 
  432.00  8.13040293373745726E-003 
  433.00  8.12797117147567860E-003 
  434.00  8.12547432018106974E-003 
  435.00  8.12291350890603780E-003 
  436.00  8.12028984668700105E-003 
  437.00  8.11760442331177501E-003 
  438.00  8.11485830939773223E-003 
  439.00  8.11205255698155270E-003 
  440.00  8.10918819982475725E-003 
  441.00  8.10626625378318977E-003 
  442.00  8.10328771719781571E-003 
  443.00  8.10025357115051747E-003 
  444.00  8.09716478000410689E-003 
  445.00  8.09402229142364149E-003 
  446.00  8.09082703705144013E-003 
  447.00  8.08757993257813723E-003 
  448.00  8.08428187823295730E-003 
  449.00  8.08093375882634746E-003 
  450.00  8.07753644442499308E-003 
  451.00  8.07409079027365806E-003 
  452.00  8.07059763732098645E-003 
  453.00  8.06705781240424358E-003 
  454.00  8.06347212851221684E-003 
  455.00  8.05984138509074910E-003 
  456.00  8.05616636831985033E-003 
  457.00  8.05244785127001705E-003 
  458.00  8.04868659421487109E-003 
  459.00  8.04488334492958757E-003 
  460.00  8.04103883884721427E-003 
  461.00  8.03715379927893991E-003 
  462.00  8.03322893771962754E-003 
  463.00  8.02926495397571216E-003 
  464.00  8.02526253649205046E-003 
  465.00  8.02122236246560760E-003 
  466.00  8.01714509814388521E-003 
  467.00  8.01303139885334303E-003 
  468.00  8.00888190949677892E-003 
  469.00  8.00469726440411478E-003 
  470.00  8.00047808784398740E-003 
  471.00  7.99622499390295616E-003 
  472.00  7.99193858698998838E-003 
  473.00  7.98761946171566706E-003 
  474.00  7.98326820322614594E-003 
  475.00  7.97888538740210151E-003 
  476.00  7.97447158093689268E-003 
  477.00  7.97002734154261816E-003 
  478.00  7.96555321807801420E-003 
  479.00  7.96104975077582822E-003 
  480.00  7.95651747129255682E-003 
  481.00  7.95195690302108460E-003 
  482.00  7.94736856103384071E-003 
  483.00  7.94275295239543766E-003 
  484.00  7.93811057619819849E-003 
  485.00  7.93344192379663582E-003 
  486.00  7.92874747880745190E-003 
  487.00  7.92402771741507195E-003 
  488.00  7.91928310840006588E-003 
  489.00  7.91451411318888631E-003 
  490.00  7.90972118618782360E-003 
  491.00  7.90490477470484620E-003 
  492.00  7.90006531922671229E-003 
  493.00  7.89520325341896978E-003 
  494.00  7.89031900426806487E-003 
  495.00  7.88541299226608317E-003 
  496.00  7.88048563144627678E-003 
  497.00  7.87553732956070007E-003 
  498.00  7.87056848802336617E-003 
  499.00  7.86557950229394010E-003 
  500.00  7.86057076167878677E-003 
  501.00  7.85554264967203153E-003 
  502.00  7.85049554394134930E-003 
  503.00  7.84542981640612425E-003 
  504.00  7.84034583335824209E-003 
  505.00  7.83524395565393661E-003 
  506.00  7.83012453862141911E-003 
  507.00  7.82498793228114664E-003 
  508.00  7.81983448140266546E-003 
  509.00  7.81466452559698155E-003 
  510.00  7.80947839937340405E-003 
  511.00  7.80427643222481038E-003 
  512.00  7.79905894879817652E-003 
  513.00  7.79382626878089013E-003 
  514.00  7.78857870724181112E-003 
  515.00  7.78331657443231961E-003 
  516.00  7.77804017613448195E-003 
  517.00  7.77274981345499327E-003 
  518.00  7.76744578315913259E-003 
  519.00  7.76212837757128682E-003 
  520.00  7.75679788467442677E-003 
  521.00  7.75145458828774281E-003 
  522.00  7.74609876793874719E-003 
  523.00  7.74073069913328027E-003 
  524.00  7.73535065330577254E-003 
  525.00  7.72995889787608803E-003 
  526.00  7.72455569636321115E-003 
  527.00  7.71914130841366841E-003 
  528.00  7.71371598990810980E-003 
  529.00  7.70827999297551969E-003 
  530.00  7.70283356603584934E-003 
  531.00  7.69737695388528209E-003 
  532.00  7.69191039783123642E-003 
  533.00  7.68643413559289002E-003 
  534.00  7.68094840142907742E-003 
  535.00  7.67545342629460947E-003 
  536.00  7.66994943762711046E-003 
  537.00  7.66443665972360577E-003 
  538.00  7.65891531358420252E-003 
  539.00  7.65338561695472208E-003 
  540.00  7.64784778449723035E-003 
  541.00  7.64230202775451062E-003 
  542.00  7.63674855524243412E-003 
  543.00  7.63118757237890577E-003 
  544.00  7.62561928176808124E-003 
  545.00  7.62004388299430957E-003 
  546.00  7.61446157275003088E-003 
  547.00  7.60887254499920118E-003 
  548.00  7.60327699083518382E-003 
  549.00  7.59767509864417434E-003 
  550.00  7.59206705409809501E-003 
  551.00  7.58645304027538714E-003 
  552.00  7.58083323749048077E-003 
  553.00  7.57520782357801181E-003 
  554.00  7.56957697388571660E-003 
  555.00  7.56394086104705821E-003 
  556.00  7.55829965549281724E-003 
  557.00  7.55265352498923903E-003 
  558.00  7.54700263504304303E-003 
  559.00  7.54134714880194679E-003 
  560.00  7.53568722697650628E-003 
  561.00  7.53002302811012214E-003 
  562.00  7.52435470841561482E-003 
  563.00  7.51868242188891145E-003 
  564.00  7.51300632038720551E-003 
  565.00  7.50732655355079714E-003 
  566.00  7.50164326890967459E-003 
  567.00  7.49595661189061957E-003 
  568.00  7.49026672583141817E-003 
  569.00  7.48457375213007481E-003 
  570.00  7.47887783003875484E-003 
  571.00  7.47317909693379079E-003 
  572.00  7.46747768819489011E-003 
  573.00  7.46177373730461113E-003 
  574.00  7.45606737586967938E-003 
  575.00  7.45035873353572242E-003 
  576.00  7.44464793821464355E-003 
  577.00  7.43893511597093493E-003 
  578.00  7.43322039102167764E-003 
  579.00  7.42750388592128274E-003 
  580.00  7.42178572144069904E-003 
  581.00  7.41606601663846732E-003 
  582.00  7.41034488886072040E-003 
  583.00  7.40462245380513195E-003 
  584.00  7.39889882554933820E-003 
  585.00  7.39317411655804335E-003 
  586.00  7.38744843768301962E-003 
  587.00  7.38172189819863434E-003 
  588.00  7.37599460580895538E-003 
  589.00  7.37026666676143805E-003 
  590.00  7.36453818571192187E-003 
  591.00  7.35880926589516093E-003 
  592.00  7.35308000906087500E-003 
  593.00  7.34735051548085494E-003 
  594.00  7.34162088406264957E-003 
  595.00  7.33589121226430052E-003 
  596.00  7.33016159615118568E-003 
  597.00  7.32443213050260056E-003 
  598.00  7.31870290863412265E-003 
  599.00  7.31297402263919594E-003 
  600.00  7.30724556321860064E-003 
  601.00  7.30151761982966718E-003 
  602.00  7.29579028062943280E-003 
  603.00  7.29006363256701206E-003 
  604.00  7.28433776127701549E-003 
  605.00  7.27861275127850149E-003 
  606.00  7.27288868571918101E-003 
