  2.000000000000   1.0000000000000000     
  3.000000000000   1.0000000000000000     
  4.000000000000   1.0000000000000000     
  5.000000000000   1.0000000000000000     
  6.000000000000  0.99999999999999889     
  7.000000000000  0.99999999999987510     
  8.000000000000  0.99999999999543354     
  9.000000000000  0.99999999992494071     
  10.00000000000  0.99999999929521688     
  11.00000000000  0.99999999559600083     
  12.00000000000  0.99999997972381072     
  13.00000000000  0.99999992619652045     
  14.00000000000  0.99999977665375606     
  15.00000000000  0.99999941692706984     
  16.00000000000  0.99999864999976329     
  17.00000000000  0.99999716855603826     
  18.00000000000  0.99999453110507530     
  19.00000000000  0.99999014495857852     
  20.00000000000  0.99998325804941590     
  21.00000000000  0.99997296015607484     
  22.00000000000  0.99995819287570131     
  23.00000000000  0.99993776683653013     
  24.00000000000  0.99991038418939415     
  25.00000000000  0.99987466431204763     
  26.00000000000  0.99982917080520706     
  27.00000000000  0.99977243815719119     
  28.00000000000  0.99970299682115527     
  29.00000000000  0.99961939582329185     
  30.00000000000  0.99952022236218352     
  31.00000000000  0.99940411814726393     
  32.00000000000  0.99926979245028336     
  33.00000000000  0.99911603200904531     
  34.00000000000  0.99894170803406213     
  35.00000000000  0.99874578063518249     
  36.00000000000  0.99852730101594656     
  37.00000000000  0.99828541179089014     
  38.00000000000  0.99801934576022622     
  39.00000000000  0.99772842346217094     
  40.00000000000  0.99741204978050280     
  41.00000000000  0.99706970985557763     
  42.00000000000  0.99670096450962054     
  43.00000000000  0.99630544536327148     
  44.00000000000  0.99588284978887653     
  45.00000000000  0.99543293581776138     
  46.00000000000  0.99495551709393515     
  47.00000000000  0.99445045794532516     
  48.00000000000  0.99391766862559838     
  49.00000000000  0.99335710076459294     
  50.00000000000  0.99276874305305562     
  51.00000000000  0.99215261717739511     
  52.00000000000  0.99150877401225901     
  53.00000000000  0.99083729007250887     
  54.00000000000  0.99013826422143958     
  55.00000000000  0.98941181462851024     
  56.00000000000  0.98865807596729383     
  57.00000000000  0.98787719684745290     
  58.00000000000  0.98706933744025671     
  59.00000000000  0.98623466735261389     
  60.00000000000  0.98537336364932493     
  61.00000000000  0.98448560907339788     
  62.00000000000  0.98357159042720821     
  63.00000000000  0.98263149710593445     
  64.00000000000  0.98166551977130445     
  65.00000000000  0.98067384915428113     
  66.00000000000  0.97965667497596909     
  67.00000000000  0.97861418497668518     
  68.00000000000  0.97754656404380424     
  69.00000000000  0.97645399342966110     
  70.00000000000  0.97533665005142611     
  71.00000000000  0.97419470586550427     
  72.00000000000  0.97302832730957900     
  73.00000000000  0.97183767480599526     
  74.00000000000  0.97062290232069492     
  75.00000000000  0.96938415697239688     
  76.00000000000  0.96812157868718474     
  77.00000000000  0.96683529989406725     
  78.00000000000  0.96552544525747774     
  79.00000000000  0.96419213144301863     
  80.00000000000  0.96283546691310939     
  81.00000000000  0.96145555174945907     
  82.00000000000  0.96005247749958966     
  83.00000000000  0.95862632704486139     
  84.00000000000  0.95717717448769268     
  85.00000000000  0.95570508505585505     
  86.00000000000  0.95421011507830999     
  87.00000000000  0.95269231170166191     
  88.00000000000  0.95115171314685898     
  89.00000000000  0.94958834846374951     
  90.00000000000  0.94800223754332469     
  91.00000000000  0.94639339108935694     
  92.00000000000  0.94476181059662356     
  93.00000000000  0.94310748833466218     
  94.00000000000  0.94143040733608685     
  95.00000000000  0.93973054138856271     
  96.00000000000  0.93800785502959683     
  97.00000000000  0.93626230354336126     
  98.00000000000  0.93449383295881783     
  99.00000000000  0.93270238004844541     
  100.0000000000  0.93088787232692649     
  101.0000000000  0.92905022804916282     
  102.0000000000  0.92718935620703957     
  103.0000000000  0.92530515652436629     
  104.0000000000  0.92339751944944926     
  105.0000000000  0.92146632614477786     
  106.0000000000  0.91951144847330435     
  107.0000000000  0.91753274898082093     
  108.0000000000  0.91553008100040734     
  109.0000000000  0.91350328813801129     
  110.0000000000  0.91145220494584900     
  111.0000000000  0.90937665642978460     
  112.0000000000  0.90727645811486313     
  113.0000000000  0.90515141599412774     
  114.0000000000  0.90300132647016951     
  115.0000000000  0.90082597628891237     
  116.0000000000  0.89862514246514480     
  117.0000000000  0.89639859219929041     
  118.0000000000  0.89414608278489816     
  119.0000000000  0.89186736150632007     
  120.0000000000  0.88956216552603296     
  121.0000000000  0.88723022176104216     
  122.0000000000  0.88487124674777762     
  123.0000000000  0.88248494649488696     
  124.0000000000  0.88007101632329565     
  125.0000000000  0.87762914069288489     
  126.0000000000  0.87515899301510935     
  127.0000000000  0.87266023545084814     
  128.0000000000  0.87013251869275765     
  129.0000000000  0.86757548173134702     
  130.0000000000  0.86498875160399114     
  131.0000000000  0.86237194312601795     
  132.0000000000  0.85972465860301772     
  133.0000000000  0.85704648744601108     
  134.0000000000  0.85433700601816620     
  135.0000000000  0.85159577717353407     
  136.0000000000  0.84882234987842120     
  137.0000000000  0.84601625883203690     
  138.0000000000  0.84317702404459849     
  139.0000000000  0.84030415038919259     
  140.0000000000  0.83739712675895706     
  141.0000000000  0.83445542684460283     
  142.0000000000  0.83147850689196390     
  143.0000000000  0.82846580615597887     
  144.0000000000  0.82541674607026305     
  145.0000000000  0.82233072961282438     
  146.0000000000  0.81920714002752404     
  147.0000000000  0.81604534230103720     
  148.0000000000  0.81284467942726213     
  149.0000000000  0.80960447345134701     
  150.0000000000  0.80632402421459415     
  151.0000000000  0.80300260770174248     
  152.0000000000  0.79963947793485812     
  153.0000000000  0.79623386213578273     
  154.0000000000  0.79278496209837090     
  155.0000000000  0.78929195174549394     
  156.0000000000  0.78575397899254762     
  157.0000000000  0.78217016048402133     
  158.0000000000  0.77853958290766334     
  159.0000000000  0.77486130014704702     
  160.0000000000  0.77113433555143795     
  161.0000000000  0.76735767563063151     
  162.0000000000  0.76353027169167542     
  163.0000000000  0.75965103633527642     
  164.0000000000  0.75571884678763035     
  165.0000000000  0.75173253670758111     
  166.0000000000  0.74769089730974958     
  167.0000000000  0.74359267995344047     
  168.0000000000  0.73943658745612828     
  169.0000000000  0.73522127520972580     
  170.0000000000  0.73094535446566855     
  171.0000000000  0.72660738259173119     
  172.0000000000  0.72220586452077939     
  173.0000000000  0.71773925731724098     
  174.0000000000  0.71320595682643273     
  175.0000000000  0.70860430919900608     
  176.0000000000  0.70393259883454284     
  177.0000000000  0.69918905036327950     
  178.0000000000  0.69437183527265722     
  179.0000000000  0.68947905577613733     
  180.0000000000  0.68450876073495326     
  181.0000000000  0.67945892773097316     
  182.0000000000  0.67432747936132476     
  183.0000000000  0.66911226747104269     
  184.0000000000  0.66381107646257886     
  185.0000000000  0.65842163350353811     
  186.0000000000  0.65294158444186146     
  187.0000000000  0.64736851719530353     
  188.0000000000  0.64169993255458790     
  189.0000000000  0.63593326720598042     
  190.0000000000  0.63006586101053963     
  191.0000000000  0.62409497863780072     
  192.0000000000  0.61801777657125490     
  193.0000000000  0.61183130079446058     
  194.0000000000  0.60553249086474803     
  195.0000000000  0.59911813077632126     
  196.0000000000  0.59258486850347902     
  197.0000000000  0.58592916197540890     
  198.0000000000  0.57914726609984113     
  199.0000000000  0.57223522399916504     
  200.0000000000  0.56518880144275885     
  201.0000000000  0.55800347278298645     
  202.0000000000  0.55067436788539492     
  203.0000000000  0.54319625980722241     
  204.0000000000  0.53556347048541797     
  205.0000000000  0.52776984560221085     
  206.0000000000  0.51980868708205807     
  207.0000000000  0.51167267144841000     
  208.0000000000  0.50335382507687876     
  209.0000000000  0.49484336294620518     
  210.0000000000  0.48613161666251692     
  211.0000000000  0.47720797715207308     
  212.0000000000  0.46806066104893951     
  213.0000000000  0.45867657955274754     
  214.0000000000  0.44904121976606320     
  215.0000000000  0.43913837452980325     
  216.0000000000  0.42894974741271508     
  217.0000000000  0.41845482861495853     
  218.0000000000  0.40763027926155981     
  219.0000000000  0.39644962203053513     
  220.0000000000  0.38488242640726189     
  221.0000000000  0.37289354510562389     
  222.0000000000  0.36044198555194185     
  223.0000000000  0.34747973091356399     
  224.0000000000  0.33394966132169435     
  225.0000000000  0.31978332604976578     
  226.0000000000  0.30489764412225528     
  227.0000000000  0.28919006302262806     
  228.0000000000  0.27253264124865484     
  229.0000000000  0.25476269105362337     
  230.0000000000  0.23567093998142785     
  231.0000000000  0.21498513080016490     
  232.0000000000  0.19235644182475387     
  233.0000000000  0.16737431540053782     
  234.0000000000  0.13974679394832856     
  235.0000000000  0.11014498496821634     
  236.0000000000  8.22419414095865164E-002
  237.0000000000  6.14807783715933809E-002
  238.0000000000  4.83977849944174920E-002
  239.0000000000  4.02210248591092778E-002
  240.0000000000  3.48177550129449287E-002
  241.0000000000  3.10305959417114252E-002
  242.0000000000  2.82439159158833775E-002
  243.0000000000  2.61127374156835401E-002
  244.0000000000  2.44323750735802037E-002
  245.0000000000  2.30742340865681683E-002
  246.0000000000  2.19541108211416258E-002
  247.0000000000  2.10145591633654760E-002
  248.0000000000  2.02152977411813595E-002
  249.0000000000  1.95269733899650078E-002
  250.0000000000  1.89278924053795095E-002
  251.0000000000  1.84017241070293380E-002
  252.0000000000  1.79357476370931579E-002
  253.0000000000  1.75201529223905084E-002
  254.0000000000  1.71470121394321495E-002
  255.0000000000  1.68100985402368508E-002
  256.0000000000  1.65042850694732124E-002
  257.0000000000  1.62253646850594180E-002
  258.0000000000  1.59698535636465522E-002
  259.0000000000  1.57347681286914565E-002
  260.0000000000  1.55178011910912517E-002
  261.0000000000  1.53167320695040132E-002
  262.0000000000  1.51298613473755950E-002
  263.0000000000  1.49556670029795669E-002
  264.0000000000  1.47928356564079877E-002
  265.0000000000  1.46402282084849844E-002
  266.0000000000  1.44968519847310517E-002
  267.0000000000  1.43618380675576418E-002
  268.0000000000  1.42343574014134333E-002
  269.0000000000  1.41138617680667267E-002
  270.0000000000  1.39996926670278299E-002
  271.0000000000  1.38912559577235584E-002
  272.0000000000  1.37881985059777890E-002
  273.0000000000  1.36899800783822911E-002
  274.0000000000  1.35963323125878333E-002
  275.0000000000  1.35068031928540222E-002
  276.0000000000  1.34211917959348170E-002
  277.0000000000  1.33391114960161872E-002
  278.0000000000  1.32604166897465348E-002
  279.0000000000  1.31847685313886132E-002
  280.0000000000  1.31120154050492488E-002
  281.0000000000  1.30420115805023329E-002
  282.0000000000  1.29744835464578046E-002
  283.0000000000  1.29093743615626977E-002
  284.0000000000  1.28464289861511816E-002
  285.0000000000  1.27855697128396173E-002
  286.0000000000  1.27266718682221835E-002
  287.0000000000  1.26696653150943916E-002
  288.0000000000  1.26143488187224762E-002
  289.0000000000  1.25606747814472897E-002
  290.0000000000  1.25085522510488545E-002
  291.0000000000  1.24579394977288871E-002
  292.0000000000  1.24086681660244835E-002
  293.0000000000  1.23607130372747065E-002
  294.0000000000  1.23140062859903310E-002
  295.0000000000  1.22685281096011067E-002
  296.0000000000  1.22241281961237291E-002
  297.0000000000  1.21807994647724627E-002
  298.0000000000  1.21384903711003744E-002
  299.0000000000  1.20971525673922997E-002
  300.0000000000  1.20567407490526080E-002
  301.0000000000  1.20172515727645646E-002
  302.0000000000  1.19785633751163800E-002
  303.0000000000  1.19406815216791529E-002
  304.0000000000  1.19035707983456973E-002
  305.0000000000  1.18671979710640585E-002
  306.0000000000  1.18315317261448172E-002
  307.0000000000  1.17965425347819064E-002
  308.0000000000  1.17622383892879157E-002
  309.0000000000  1.17285184027551281E-002
  310.0000000000  1.16953965709356567E-002
  311.0000000000  1.16628494142219097E-002
  312.0000000000  1.16308546334948915E-002
  313.0000000000  1.15993911056122556E-002
  314.0000000000  1.15684388076289224E-002
  315.0000000000  1.15379787466665107E-002
  316.0000000000  1.15079928950905241E-002
  317.0000000000  1.14784958998228603E-002
  318.0000000000  1.14494057177694231E-002
  319.0000000000  1.14207409839011120E-002
  320.0000000000  1.13924870234782816E-002
  321.0000000000  1.13646298041274463E-002
  322.0000000000  1.13371559583939074E-002
  323.0000000000  1.13100527452374422E-002
  324.0000000000  1.12833080139225217E-002
  325.0000000000  1.12569101705375374E-002
  326.0000000000  1.12308481466030230E-002
  327.0000000000  1.12051113699322968E-002
  328.0000000000  1.11797183678277179E-002
  329.0000000000  1.11546004618290340E-002
  330.0000000000  1.11297788640740691E-002
  331.0000000000  1.11052447772337359E-002
  332.0000000000  1.10809897258121737E-002
  333.0000000000  1.10570055911907161E-002
  334.0000000000  1.10332845930898316E-002
  335.0000000000  1.10098192722176691E-002
  336.0000000000  1.09866024738636270E-002
  337.0000000000  1.09636273326927380E-002
  338.0000000000  1.09408872582150707E-002
  339.0000000000  1.09183759210935705E-002
  340.0000000000  1.08960872405816644E-002
  341.0000000000  1.08740153722166610E-002
  342.0000000000  1.08521546966287019E-002
  343.0000000000  1.08304998086481419E-002
  344.0000000000  1.08090687348294523E-002
  345.0000000000  1.07878087919957011E-002
  346.0000000000  1.07667396422002071E-002
  347.0000000000  1.07458566753848572E-002
  348.0000000000  1.07251554128566795E-002
  349.0000000000  1.07046315374006440E-002
  350.0000000000  1.06842808861316030E-002
  351.0000000000  1.06640994436588699E-002
  352.0000000000  1.06440833354710662E-002
  353.0000000000  1.06242288218894032E-002
  354.0000000000  1.06045322921275442E-002
  355.0000000000  1.05849902587920042E-002
  356.0000000000  1.05655993526099223E-002
  357.0000000000  1.05463563173699981E-002
  358.0000000000  1.05272580052613307E-002
  359.0000000000  1.05083013722833130E-002
  360.0000000000  1.04894834739894804E-002
  361.0000000000  1.04708014613805744E-002
  362.0000000000  1.04522525770818220E-002
  363.0000000000  1.04338341514917943E-002
  364.0000000000  1.04155435994073287E-002
  365.0000000000  1.03973784165916072E-002
  366.0000000000  1.03793544126844495E-002
  367.0000000000  1.03614319567242319E-002
  368.0000000000  1.03436278269413151E-002
  369.0000000000  1.03259398352122389E-002
  370.0000000000  1.03083658352431939E-002
  371.0000000000  1.02909037448526419E-002
  372.0000000000  1.02735515433067803E-002
  373.0000000000  1.02563072691594925E-002
  374.0000000000  1.02391690180283490E-002
  375.0000000000  1.02221349404416628E-002
  376.0000000000  1.02052032398276538E-002
  377.0000000000  1.01883721706741426E-002
  378.0000000000  1.01716400364892934E-002
  379.0000000000  1.01550051882242087E-002
  380.0000000000  1.01384660224894674E-002
  381.0000000000  1.01220209800061411E-002
  382.0000000000  1.01056685438649652E-002
  383.0000000000  1.00894072383326261E-002
  384.0000000000  1.00732356271322487E-002
  385.0000000000  1.00571523122638951E-002
  386.0000000000  1.00411559326900601E-002
  387.0000000000  1.00252451629145867E-002
  388.0000000000  1.00094187119879052E-002
  389.0000000000  9.99367532219253007E-003
  390.0000000000  9.97801376801277229E-003
  391.0000000000  9.96243285502629305E-003
  392.0000000000  9.94693141888802757E-003
  393.0000000000  9.93150832440647946E-003
  394.0000000000  9.91616246447080130E-003
  395.0000000000  9.90089275921235412E-003
  396.0000000000  9.88569815522311046E-003
  397.0000000000  9.87057762444720765E-003
  398.0000000000  9.85553016371198964E-003
  399.0000000000  9.84055479371193087E-003
  400.0000000000  9.82566305276577623E-003
  401.0000000000  9.81082856251447311E-003
  402.0000000000  9.79606336709792913E-003
  403.0000000000  9.78136658726214137E-003
  404.0000000000  9.76673735191724290E-003
  405.0000000000  9.75217480993961772E-003
  406.0000000000  9.73767812938319821E-003
  407.0000000000  9.72324649705313959E-003
  408.0000000000  9.70887911779527712E-003
  409.0000000000  9.69457521412664391E-003
  410.0000000000  9.68033402559598244E-003
  411.0000000000  9.66615480829347007E-003
  412.0000000000  9.65203683443149885E-003
  413.0000000000  9.63797939186861186E-003
  414.0000000000  9.62398178355527989E-003
  415.0000000000  9.61004332724968435E-003
  416.0000000000  9.59616335500612649E-003
  417.0000000000  9.58234121278422890E-003
  418.0000000000  9.56857626005813700E-003
  419.0000000000  9.55486786948256395E-003
  420.0000000000  9.54121542643804332E-003
  421.0000000000  9.52761832874671200E-003
  422.0000000000  9.51407598633124962E-003
  423.0000000000  9.50058782091645071E-003
  424.0000000000  9.48715326553895011E-003
  425.0000000000  9.47377176446906333E-003
  426.0000000000  9.46044277275603918E-003
  427.0000000000  9.44716575597226438E-003
  428.0000000000  9.43394019000010076E-003
  429.0000000000  9.42076556072635185E-003
  430.0000000000  9.40764136365856984E-003
  431.0000000000  9.39456710382557958E-003
  432.0000000000  9.38154229557142116E-003
  433.0000000000  9.36856646212902433E-003
  434.0000000000  9.35563913550652160E-003
  435.0000000000  9.34275985627408545E-003
  436.0000000000  9.32992817329392210E-003
  437.0000000000  9.31714364352842495E-003
  438.0000000000  9.30440583191227688E-003
  439.0000000000  9.29171431098296807E-003
  440.0000000000  9.27906866092342852E-003
  441.0000000000  9.26646846915701872E-003
  442.0000000000  9.25391333023384277E-003
  443.0000000000  9.24140284576679960E-003
  444.0000000000  9.22893662414026039E-003
  445.0000000000  9.21651428041059262E-003
  446.0000000000  9.20413543600062667E-003
  447.0000000000  9.19179971879913182E-003
  448.0000000000  9.17950676284107203E-003
  449.0000000000  9.16725620819391906E-003
  450.0000000000  9.15504770075159513E-003
  451.0000000000  9.14288089222736744E-003
  452.0000000000  9.13075543999042338E-003
  453.0000000000  9.11867100678875886E-003
  454.0000000000  9.10662726083444340E-003
  455.0000000000  9.09462387552650853E-003
  456.0000000000  9.08266052942963142E-003
  457.0000000000  9.07073690607518301E-003
  458.0000000000  9.05885269391148995E-003
  459.0000000000  9.04701392917672820E-003
  460.0000000000  9.03520743464270026E-003
  461.0000000000  9.02343944736827552E-003
  462.0000000000  9.01170967750886120E-003
  463.0000000000  9.00001783626436236E-003
  464.0000000000  8.98836363901978075E-003
  465.0000000000  8.97674680542337455E-003
  466.0000000000  8.96516705925165525E-003
  467.0000000000  8.95362412822464648E-003
  468.0000000000  8.94211774405562210E-003
  469.0000000000  8.93064764225925956E-003
  470.0000000000  8.91921356213032368E-003
  471.0000000000  8.90781524665129609E-003
  472.0000000000  8.89645244244263722E-003
  473.0000000000  8.88512489959936147E-003
  474.0000000000  8.87383237174077522E-003
  475.0000000000  8.86257461582573569E-003
  476.0000000000  8.85135139212422928E-003
  477.0000000000  8.84016246426710950E-003
  478.0000000000  8.82900759891214193E-003
  479.0000000000  8.81788656596427245E-003
  480.0000000000  8.80679913833404271E-003
  481.0000000000  8.79574509194469556E-003
  482.0000000000  8.78472420567533163E-003
  483.0000000000  8.77373626124722250E-003
  484.0000000000  8.76278104325223239E-003
  485.0000000000  8.75185833902492050E-003
  486.0000000000  8.74096793857859211E-003
  487.0000000000  8.73010963471898549E-003
  488.0000000000  8.71928322270321132E-003
  489.0000000000  8.70848850048133727E-003
  490.0000000000  8.69772526842638172E-003
  491.0000000000  8.68699332944089520E-003
  492.0000000000  8.67629248882906268E-003
  493.0000000000  8.66562255422564931E-003
  494.0000000000  8.65498333566705469E-003
  495.0000000000  8.64437464547052059E-003
  496.0000000000  8.63379629811333871E-003
  497.0000000000  8.62324811037495920E-003
  498.0000000000  8.61272990117356585E-003
  499.0000000000  8.60224149148081096E-003
  500.0000000000  8.59178270448524017E-003
  501.0000000000  8.58135336530807535E-003
  502.0000000000  8.57095330114532317E-003
  503.0000000000  8.56058234113277194E-003
  504.0000000000  8.55024031640283511E-003
  505.0000000000  8.53992705992823176E-003
  506.0000000000  8.52964240657883010E-003
  507.0000000000  8.51938619308612033E-003
  508.0000000000  8.50915825799347658E-003
  509.0000000000  8.49895844159931357E-003
  510.0000000000  8.48878658594998114E-003
  511.0000000000  8.47864253483265884E-003
  512.0000000000  8.46852613366166906E-003
  513.0000000000  8.45843722959216393E-003
  514.0000000000  8.44837567139933299E-003
  515.0000000000  8.43834130939313809E-003
  516.0000000000  8.42833399553200024E-003
  517.0000000000  8.41835358331621819E-003
  518.0000000000  8.40839992773112499E-003
  519.0000000000  8.39847288530393143E-003
  520.0000000000  8.38857231406109349E-003
  521.0000000000  8.37869807337909833E-003
  522.0000000000  8.36885002419052171E-003
  523.0000000000  8.35902802874244344E-003
  524.0000000000  8.34923195072434510E-003
  525.0000000000  8.33946165515442317E-003
  526.0000000000  8.32971700837248363E-003
  527.0000000000  8.31999787808967994E-003
  528.0000000000  8.31030413331035334E-003
  529.0000000000  8.30063564427518941E-003
  530.0000000000  8.29099228250385067E-003
  531.0000000000  8.28137392076655487E-003
  532.0000000000  8.27178043305565325E-003
  533.0000000000  8.26221169455010340E-003
  534.0000000000  8.25266758157994218E-003
  535.0000000000  8.24314797173286706E-003
  536.0000000000  8.23365274364107336E-003
  537.0000000000  8.22418177718020615E-003
  538.0000000000  8.21473495319224867E-003
  539.0000000000  8.20531215375552847E-003
  540.0000000000  8.19591326193602754E-003
  541.0000000000  8.18653816192238537E-003
  542.0000000000  8.17718673892642300E-003
  543.0000000000  8.16785887920445930E-003
  544.0000000000  8.15855447003599465E-003
  545.0000000000  8.14927339965976216E-003
  546.0000000000  8.14001555738741445E-003
  547.0000000000  8.13078083340457169E-003
  548.0000000000  8.12156911898398448E-003
  549.0000000000  8.11238030620131667E-003
  550.0000000000  8.10321428821936252E-003
  551.0000000000  8.09407095901804041E-003
  552.0000000000  8.08495021349386889E-003
  553.0000000000  8.07585194746707202E-003
  554.0000000000  8.06677605768868489E-003
  555.0000000000  8.05772244168423413E-003
  556.0000000000  8.04869099791005738E-003
  557.0000000000  8.03968162563251099E-003
  558.0000000000  8.03069422497770802E-003
  559.0000000000  8.02172869691730739E-003
  560.0000000000  8.01278494314061618E-003
  561.0000000000  8.00386286629617416E-003
  562.0000000000  7.99496236968622043E-003
  563.0000000000  7.98608335747985620E-003
  564.0000000000  7.97722573459935802E-003
  565.0000000000  7.96838940669886142E-003
  566.0000000000  7.95957428018567725E-003
  567.0000000000  7.95078026231266222E-003
  568.0000000000  7.94200726091531806E-003
  569.0000000000  7.93325518463916524E-003
  570.0000000000  7.92452394284026695E-003
  571.0000000000  7.91581344556391286E-003
  572.0000000000  7.90712360355882993E-003
  573.0000000000  7.89845432827718241E-003
  574.0000000000  7.88980553178930677E-003
  575.0000000000  7.88117712691160932E-003
  576.0000000000  7.87256902710709028E-003
  577.0000000000  7.86398114644981661E-003
  578.0000000000  7.85541339972439800E-003
  579.0000000000  7.84686570224835123E-003
  580.0000000000  7.83833797014210631E-003
  581.0000000000  7.82983132893377842E-003
  582.0000000000  7.82134324100525191E-003
  583.0000000000  7.81287487099291411E-003
  584.0000000000  7.80442613741882951E-003
  585.0000000000  7.79599695928112624E-003
  586.0000000000  7.78758725626005344E-003
  587.0000000000  7.77919694853324017E-003
  588.0000000000  7.77082595692490941E-003
  589.0000000000  7.76247420271403143E-003
  590.0000000000  7.75414160784748674E-003
  591.0000000000  7.74582809479085199E-003
  592.0000000000  7.73753358655682177E-003
  593.0000000000  7.72925800665547058E-003
  594.0000000000  7.72100127922925594E-003
  595.0000000000  7.71276332883985560E-003
  596.0000000000  7.70454408066001406E-003
  597.0000000000  7.69634346033853944E-003
  598.0000000000  7.68816139405714694E-003
  599.0000000000  7.67999780848072078E-003
  600.0000000000  7.67185263072178714E-003
  601.0000000000  7.66372578849683350E-003
  602.0000000000  7.65561720996998929E-003
  603.0000000000  7.64752682376723669E-003
  604.0000000000  7.63945455900483239E-003
  605.0000000000  7.63140034522535871E-003
  606.0000000000  7.62336411257535929E-003
  607.0000000000  7.61534579154243829E-003
  608.0000000000  7.60734531306184181E-003
  609.0000000000  7.59936260858040669E-003
  610.0000000000  7.59139761002103342E-003
  611.0000000000  7.58345024964057757E-003
  612.0000000000  7.57552046028564519E-003
  613.0000000000  7.56760817505153227E-003
  614.0000000000  7.55971332767302329E-003
  615.0000000000  7.55183585212648723E-003
  616.0000000000  7.54397568287146214E-003
  617.0000000000  7.53613275487907686E-003
  618.0000000000  7.52830700336915015E-003
  619.0000000000  7.52049836410861872E-003
  620.0000000000  7.51270677317705804E-003
  621.0000000000  7.50493216708036925E-003
