  2.000000000000   1.0000000000000000     
  3.000000000000  0.99999999999999589     
  4.000000000000  0.99999999998719002     
  5.000000000000  0.99999999839139497     
  6.000000000000  0.99999995966167621     
  7.000000000000  0.99999959710235620     
  8.000000000000  0.99999773639299416     
  9.000000000000  0.99999133387390027     
  10.00000000000  0.99997463473812398     
  11.00000000000  0.99993892748380053     
  12.00000000000  0.99987298708290029     
  13.00000000000  0.99976399113415781     
  14.00000000000  0.99959859881490343     
  15.00000000000  0.99936394226683622     
  16.00000000000  0.99904839082394736     
  17.00000000000  0.99864204588992256     
  18.00000000000  0.99813698681443641     
  19.00000000000  0.99752731801240135     
  20.00000000000  0.99680907494437199     
  21.00000000000  0.99598004144396324     
  22.00000000000  0.99503952047885702     
  23.00000000000  0.99398808910651026     
  24.00000000000  0.99282735830459767     
  25.00000000000  0.99155975032452515     
  26.00000000000  0.99018830029423621     
  27.00000000000  0.98871648470371021     
  28.00000000000  0.98714807675481553     
  29.00000000000  0.98548702696803370     
  30.00000000000  0.98373736659244160     
  31.00000000000  0.98190313101382287     
  32.00000000000  0.97998830031647821     
  33.00000000000  0.97799675429915989     
  34.00000000000  0.97593223948820573     
  35.00000000000  0.97379834597534864     
  36.00000000000  0.97159849320613123     
  37.00000000000  0.96933591749016534     
  38.00000000000  0.96701367304544839     
  39.00000000000  0.96463462896872421     
  40.00000000000  0.96220147286817304     
  41.00000000000  0.95971671598952779     
  42.00000000000  0.95718269992127314     
  43.00000000000  0.95460160438679709     
  44.00000000000  0.95197545573157460     
  45.00000000000  0.94930613579636414     
  46.00000000000  0.94659539093562939     
  47.00000000000  0.94384484099618449     
  48.00000000000  0.94105598811644442     
  49.00000000000  0.93823022524332900     
  50.00000000000  0.93536884429336042     
  51.00000000000  0.93247304390798447     
  52.00000000000  0.92954393677176750     
  53.00000000000  0.92658255647668697     
  54.00000000000  0.92358986392705567     
  55.00000000000  0.92056675328823911     
  56.00000000000  0.91751405748882475     
  57.00000000000  0.91443255354387420     
  58.00000000000  0.91132296630340603     
  59.00000000000  0.90818597394701117     
  60.00000000000  0.90502221112086390     
  61.00000000000  0.90183227264818933     
  62.00000000000  0.89861671673838150     
  63.00000000000  0.89537606788975821     
  64.00000000000  0.89211081950757198     
  65.00000000000  0.88882143625818488     
  66.00000000000  0.88550835617944390     
  67.00000000000  0.88217199256634427     
  68.00000000000  0.87881273565001927     
  69.00000000000  0.87543095408707006     
  70.00000000000  0.87202699627516744     
  71.00000000000  0.86860119150983583     
  72.00000000000  0.86515385099629127     
  73.00000000000  0.86168526872925466     
  74.00000000000  0.85819572225269847     
  75.00000000000  0.85468547331061351     
  76.00000000000  0.85115476839904680     
  77.00000000000  0.84760383922886118     
  78.00000000000  0.84403290310794998     
  79.00000000000  0.84044216325094268     
  80.00000000000  0.83683180902380871     
  81.00000000000  0.83320201613016476     
  82.00000000000  0.82955294674556490     
  83.00000000000  0.82588474960552316     
  84.00000000000  0.82219756005257183     
  85.00000000000  0.81849150004721327     
  86.00000000000  0.81476667685490511     
  87.00000000000  0.81102318826297748     
  88.00000000000  0.80726111452695515     
  89.00000000000  0.80348052362871614     
  90.00000000000  0.79968146982731803     
  91.00000000000  0.79586399353539028     
  92.00000000000  0.79202812118387522     
  93.00000000000  0.78817386507751586     
  94.00000000000  0.78430122324327756     
  95.00000000000  0.78041017927367395     
  96.00000000000  0.77650070216679312     
  97.00000000000  0.77257274616462723     
  98.00000000000  0.76862625059115242     
  99.00000000000  0.76466113969144844     
  100.0000000000  0.76067732247298525     
  101.0000000000  0.75667469255009934     
  102.0000000000  0.75265312799251138     
  103.0000000000  0.74861249117866158     
  104.0000000000  0.74455262865449068     
  105.0000000000  0.74047337099821919     
  106.0000000000  0.73637453269156861     
  107.0000000000  0.73225591199779272     
  108.0000000000  0.72811729043192885     
  109.0000000000  0.72395843477569710     
  110.0000000000  0.71977909323204625     
  111.0000000000  0.71557899813823411     
  112.0000000000  0.71135786511571386     
  113.0000000000  0.70711539299313320     
  114.0000000000  0.70285126373706674     
  115.0000000000  0.69856514239051004     
  116.0000000000  0.69425667701917704     
  117.0000000000  0.68992549866565822     
  118.0000000000  0.68557122131153514     
  119.0000000000  0.68119344184760333     
  120.0000000000  0.67679174005242015     
  121.0000000000  0.67236567857947538     
  122.0000000000  0.66791480295340633     
  123.0000000000  0.66343864157577315     
  124.0000000000  0.65893670574109453     
  125.0000000000  0.65440848966398146     
  126.0000000000  0.64985347051843356     
  127.0000000000  0.64527110849056635     
  128.0000000000  0.64066084684631663     
  129.0000000000  0.63602211201595615     
  130.0000000000  0.63135431369757844     
  131.0000000000  0.62665684498209540     
  132.0000000000  0.62192908250272350     
  133.0000000000  0.61717040265362733     
  134.0000000000  0.61238011970591333     
  135.0000000000  0.60755757599771187     
  136.0000000000  0.60270208431195182     
  137.0000000000  0.59781294218277958     
  138.0000000000  0.59288943227439916     
  139.0000000000  0.58793082282023301     
  140.0000000000  0.58293637297866163     
  141.0000000000  0.57790531378529197     
  142.0000000000  0.57283687813938977     
  143.0000000000  0.56773028225775435     
  144.0000000000  0.56258473130514852     
  145.0000000000  0.55739942040466206     
  146.0000000000  0.55217353406810443     
  147.0000000000  0.54690625255332748     
  148.0000000000  0.54159674774779643     
  149.0000000000  0.53624418764153559     
  150.0000000000  0.53084773777088434     
  151.0000000000  0.52540655734645103     
  152.0000000000  0.51991982306813989     
  153.0000000000  0.51438670338248538     
  154.0000000000  0.50880637892896574     
  155.0000000000  0.50317803409644235     
  156.0000000000  0.49750089013194299     
  157.0000000000  0.49177417024451442     
  158.0000000000  0.48599712894447383     
  159.0000000000  0.48016904136025840     
  160.0000000000  0.47428924906204750     
  161.0000000000  0.46835711355886944     
  162.0000000000  0.46237205756149591     
  163.0000000000  0.45633355100021289     
  164.0000000000  0.45024117688926585     
  165.0000000000  0.44409456598179287     
  166.0000000000  0.43789343990282148     
  167.0000000000  0.43163767387163243     
  168.0000000000  0.42532722929894407     
  169.0000000000  0.41896220234587284     
  170.0000000000  0.41254289874001726     
  171.0000000000  0.40606975882485602     
  172.0000000000  0.39954341435935015     
  173.0000000000  0.39296478011683456     
  174.0000000000  0.38633494328310136     
  175.0000000000  0.37965533440524246     
  176.0000000000  0.37292763363931147     
  177.0000000000  0.36615383531345680     
  178.0000000000  0.35933635762394323     
  179.0000000000  0.35247790937619849     
  180.0000000000  0.34558169393965299     
  181.0000000000  0.33865125801495921     
  182.0000000000  0.33169068766494947     
  183.0000000000  0.32470447742781317     
  184.0000000000  0.31769758979354901     
  185.0000000000  0.31067556601466917     
  186.0000000000  0.30364431771495859     
  187.0000000000  0.29661034623969074     
  188.0000000000  0.28958048948663384     
  189.0000000000  0.28256211693227073     
  190.0000000000  0.27556285389034296     
  191.0000000000  0.26859074691312057     
  192.0000000000  0.26165399676774159     
  193.0000000000  0.25476094198154353     
  194.0000000000  0.24792007451592801     
  195.0000000000  0.24113970494228187     
  196.0000000000  0.23442810153182236     
  197.0000000000  0.22779316683479234     
  198.0000000000  0.22124240763114766     
  199.0000000000  0.21478292714065672     
  200.0000000000  0.20842114263438516     
  201.0000000000  0.20216281776687417     
  202.0000000000  0.19601292854746566     
  203.0000000000  0.18997573994598094     
  204.0000000000  0.18405457544375414     
  205.0000000000  0.17825192206845131     
  206.0000000000  0.17256939606109478     
  207.0000000000  0.16700771761691913     
  208.0000000000  0.16156687585665708     
  209.0000000000  0.15624595589739343     
  210.0000000000  0.15104327811025486     
  211.0000000000  0.14595654769209565     
  212.0000000000  0.14098270119236966     
  213.0000000000  0.13611803544737855     
  214.0000000000  0.13135833958186138     
  215.0000000000  0.12669884107676577     
  216.0000000000  0.12213411978000366     
  217.0000000000  0.11765834403282094     
  218.0000000000  0.11326506715858820     
  219.0000000000  0.10894736968813135     
  220.0000000000  0.10469767504942418     
  221.0000000000  0.10050772035223421     
  222.0000000000  9.63684054068343343E-002
  223.0000000000  9.22697189879917445E-002
  224.0000000000  8.82003794917478601E-002
  225.0000000000  8.41476016726163678E-002
  226.0000000000  8.00966311384678775E-002
  227.0000000000  7.60300177263317778E-002
  228.0000000000  7.19268648461630633E-002
  229.0000000000  6.77614427527499785E-002
  230.0000000000  6.35016053430552674E-002
  231.0000000000  5.91065044483896074E-002
  232.0000000000  5.45251008247049640E-002
  233.0000000000  4.96994433546031900E-002
  234.0000000000  4.45946579752103389E-002
  235.0000000000  3.93323899292656876E-002
  236.0000000000  3.44999313411875619E-002
  237.0000000000  3.09229017216328117E-002
  238.0000000000  2.86266009312186043E-002
  239.0000000000  2.71366102114001251E-002
  240.0000000000  2.61011506534387649E-002
  241.0000000000  2.53313489965414362E-002
  242.0000000000  2.47271581832819720E-002
  243.0000000000  2.42325930049744898E-002
  244.0000000000  2.38144311871799630E-002
  245.0000000000  2.34517677252483736E-002
  246.0000000000  2.31308804359429132E-002
  247.0000000000  2.28423732220726095E-002
  248.0000000000  2.25796287128439133E-002
  249.0000000000  2.23377946208174194E-002
  250.0000000000  2.21132605556917383E-002
  251.0000000000  2.19032878184499680E-002
  252.0000000000  2.17057215563976058E-002
  253.0000000000  2.15188843293780963E-002
  254.0000000000  2.13414030868790405E-002
  255.0000000000  2.11721870955088320E-002
  256.0000000000  2.10103251299891269E-002
  257.0000000000  2.08550581970996518E-002
  258.0000000000  2.07057476093552850E-002
  259.0000000000  2.05618364090973671E-002
  260.0000000000  2.04228869255125289E-002
  261.0000000000  2.02884691780624848E-002
  262.0000000000  2.01582473735406609E-002
  263.0000000000  2.00319147058216629E-002
  264.0000000000  1.99092006720000825E-002
  265.0000000000  1.97898653967740756E-002
  266.0000000000  1.96736950105176334E-002
  267.0000000000  1.95604978720282929E-002
  268.0000000000  1.94500878549241918E-002
  269.0000000000  1.93423350302630581E-002
  270.0000000000  1.92370850357335144E-002
  271.0000000000  1.91341952150558825E-002
  272.0000000000  1.90335729624777628E-002
  273.0000000000  1.89350848378069259E-002
  274.0000000000  1.88386550846040279E-002
  275.0000000000  1.87441675328052781E-002
  276.0000000000  1.86515603828283361E-002
  277.0000000000  1.85607305544550627E-002
  278.0000000000  1.84716281948773542E-002
  279.0000000000  1.83841599838849845E-002
  280.0000000000  1.82982745145849890E-002
  281.0000000000  1.82139220072841113E-002
  282.0000000000  1.81310231467861627E-002
  283.0000000000  1.80495486906053770E-002
  284.0000000000  1.79694232511167229E-002
  285.0000000000  1.78906129630078681E-002
  286.0000000000  1.78130731411378918E-002
  287.0000000000  1.77367723958781198E-002
  288.0000000000  1.76616477150837170E-002
  289.0000000000  1.75876733180970746E-002
  290.0000000000  1.75148131652846928E-002
  291.0000000000  1.74430436792718524E-002
  292.0000000000  1.73723097816598226E-002
  293.0000000000  1.73025922566019119E-002
  294.0000000000  1.72338614910998444E-002
  295.0000000000  1.71661004586667332E-002
  296.0000000000  1.70992586035438876E-002
  297.0000000000  1.70333224416694407E-002
  298.0000000000  1.69682672672095691E-002
  299.0000000000  1.69040693944886300E-002
  300.0000000000  1.68407061229558508E-002
  301.0000000000  1.67781663190957886E-002
  302.0000000000  1.67164069455196795E-002
  303.0000000000  1.66554194868986372E-002
  304.0000000000  1.65951846704714967E-002
  305.0000000000  1.65356839394199540E-002
  306.0000000000  1.64768994375172895E-002
  307.0000000000  1.64188139727627913E-002
  308.0000000000  1.63614212969029893E-002
  309.0000000000  1.63046840774967450E-002
  310.0000000000  1.62485980129254415E-002
  311.0000000000  1.61931482669466220E-002
  312.0000000000  1.61383204964664628E-002
  313.0000000000  1.60841008492731419E-002
  314.0000000000  1.60304759413776310E-002
  315.0000000000  1.59774328352675354E-002
  316.0000000000  1.59249590197099167E-002
  317.0000000000  1.58730522162855436E-002
  318.0000000000  1.58216804415758361E-002
  319.0000000000  1.57708428200926676E-002
  320.0000000000  1.57205283822285935E-002
  321.0000000000  1.56707264799500479E-002
  322.0000000000  1.56214267922472061E-002
  323.0000000000  1.55726193116692002E-002
  324.0000000000  1.55242943314313209E-002
  325.0000000000  1.54764424332682893E-002
  326.0000000000  1.54290544759945192E-002
  327.0000000000  1.53821215843592540E-002
  328.0000000000  1.53356448084700503E-002
  329.0000000000  1.52895959133445558E-002
  330.0000000000  1.52439769669534542E-002
  331.0000000000  1.51987800758561775E-002
  332.0000000000  1.51539975472836375E-002
  333.0000000000  1.51096218994517528E-002
  334.0000000000  1.50656458538236393E-002
  335.0000000000  1.50220623277732557E-002
  336.0000000000  1.49788644274977401E-002
  337.0000000000  1.49360454413596244E-002
  338.0000000000  1.48935988334919500E-002
  339.0000000000  1.48515182375383858E-002
  340.0000000000  1.48097974509617814E-002
  341.0000000000  1.47684304293562718E-002
  342.0000000000  1.47274112810862334E-002
  343.0000000000  1.46867342621490593E-002
  344.0000000000  1.46464026647237233E-002
  345.0000000000  1.46063928360646855E-002
  346.0000000000  1.45667087488021707E-002
  347.0000000000  1.45273452157894667E-002
  348.0000000000  1.44882971604900490E-002
  349.0000000000  1.44495596274083482E-002
  350.0000000000  1.44111277783878222E-002
  351.0000000000  1.43729968887740256E-002
  352.0000000000  1.43351623440182152E-002
  353.0000000000  1.42976196362454289E-002
  354.0000000000  1.42603643609007236E-002
  355.0000000000  1.42233922137577906E-002
  356.0000000000  1.41866989877712513E-002
  357.0000000000  1.41502805702415912E-002
  358.0000000000  1.41141329399729898E-002
  359.0000000000  1.40782521645732572E-002
  360.0000000000  1.40426343979314083E-002
  361.0000000000  1.40072758776170758E-002
  362.0000000000  1.39721729225357194E-002
  363.0000000000  1.39373219305483076E-002
  364.0000000000  1.39027193763041623E-002
  365.0000000000  1.38683618090098548E-002
  366.0000000000  1.38342541071949654E-002
  367.0000000000  1.38003761442107020E-002
  368.0000000000  1.37667332444095791E-002
  369.0000000000  1.37333222457627357E-002
  370.0000000000  1.37001400399512363E-002
  371.0000000000  1.36671835817594456E-002
  372.0000000000  1.36344498873626208E-002
  373.0000000000  1.36019360327281902E-002
  374.0000000000  1.35696391520028214E-002
  375.0000000000  1.35375564360131762E-002
  376.0000000000  1.35056851306956105E-002
  377.0000000000  1.34740225358314092E-002
  378.0000000000  1.34425660034480643E-002
  379.0000000000  1.34113129366326689E-002
  380.0000000000  1.33802607881818858E-002
  381.0000000000  1.33494070592945491E-002
  382.0000000000  1.33187492984632172E-002
  383.0000000000  1.32882851001667746E-002
  384.0000000000  1.32580121037406684E-002
  385.0000000000  1.32279279924389925E-002
  386.0000000000  1.31980304920844560E-002
  387.0000000000  1.31683173702583645E-002
  388.0000000000  1.31387864351424355E-002
  389.0000000000  1.31094355346235147E-002
  390.0000000000  1.30802625552703944E-002
  391.0000000000  1.30512654214882673E-002
  392.0000000000  1.30224420945665997E-002
  393.0000000000  1.29937905717838476E-002
  394.0000000000  1.29653088856400700E-002
  395.0000000000  1.29369951029900676E-002
  396.0000000000  1.29088473242688906E-002
  397.0000000000  1.28808636826889256E-002
  398.0000000000  1.28530423434511931E-002
  399.0000000000  1.28253815031271756E-002
  400.0000000000  1.27978866682880721E-002
  401.0000000000  1.27705413258922817E-002
  402.0000000000  1.27433512526451409E-002
  403.0000000000  1.27163147704081325E-002
  404.0000000000  1.26894302217479549E-002
  405.0000000000  1.26626959766724667E-002
  406.0000000000  1.26361104318135631E-002
  407.0000000000  1.26096720100576931E-002
  408.0000000000  1.25833791598353173E-002
  409.0000000000  1.25572303545951058E-002
  410.0000000000  1.25312240923207696E-002
  411.0000000000  1.25053588949555206E-002
  412.0000000000  1.24796333078975863E-002
  413.0000000000  1.24540458995454628E-002
  414.0000000000  1.24285952607436911E-002
  415.0000000000  1.24032800043636371E-002
  416.0000000000  1.23780987648345331E-002
  417.0000000000  1.23530501976745199E-002
  418.0000000000  1.23281329791140593E-002
  419.0000000000  1.23033458056056588E-002
  420.0000000000  1.22786873934188634E-002
  421.0000000000  1.22541564782849832E-002
  422.0000000000  1.22297518149565576E-002
  423.0000000000  1.22054721768236618E-002
  424.0000000000  1.21813163556225845E-002
  425.0000000000  1.21572831609029208E-002
  426.0000000000  1.21333714198925691E-002
  427.0000000000  1.21095799769150858E-002
  428.0000000000  1.20859076932902099E-002
  429.0000000000  1.20623534468009552E-002
  430.0000000000  1.20389161314520265E-002
  431.0000000000  1.20155946572069183E-002
  432.0000000000  1.19923879496397490E-002
  433.0000000000  1.19692949495515677E-002
  434.0000000000  1.19463146128424569E-002
  435.0000000000  1.19234459100781010E-002
  436.0000000000  1.19006878262979399E-002
  437.0000000000  1.18780393607380574E-002
  438.0000000000  1.18554995265398588E-002
  439.0000000000  1.18330673504161155E-002
  440.0000000000  1.18107418726154378E-002
  441.0000000000  1.17885221464320011E-002
  442.0000000000  1.17664072380989637E-002
  443.0000000000  1.17443962265255664E-002
  444.0000000000  1.17224882030768640E-002
  445.0000000000  1.17006822712752978E-002
  446.0000000000  1.16789775467225354E-002
  447.0000000000  1.16573731567370942E-002
  448.0000000000  1.16358682402193381E-002
  449.0000000000  1.16144619474809474E-002
  450.0000000000  1.15931534398541203E-002
  451.0000000000  1.15719418898052595E-002
  452.0000000000  1.15508264804589089E-002
  453.0000000000  1.15298064055551208E-002
  454.0000000000  1.15088808692362932E-002
  455.0000000000  1.14880490858553230E-002
  456.0000000000  1.14673102797837601E-002
  457.0000000000  1.14466636852981196E-002
  458.0000000000  1.14261085463240875E-002
  459.0000000000  1.14056498947974205E-002
  460.0000000000  1.13852753124135120E-002
  461.0000000000  1.13649899737851001E-002
  462.0000000000  1.13447931630545895E-002
  463.0000000000  1.13246841701837297E-002
  464.0000000000  1.13046622938668406E-002
  465.0000000000  1.12847268414242308E-002
  466.0000000000  1.12648771286600891E-002
  467.0000000000  1.12451124796706381E-002
  468.0000000000  1.12254322267588691E-002
  469.0000000000  1.12058357102995387E-002
  470.0000000000  1.11863222785331118E-002
  471.0000000000  1.11668912876083937E-002
  472.0000000000  1.11475421012201537E-002
  473.0000000000  1.11282740906872846E-002
  474.0000000000  1.11090866347680617E-002
  475.0000000000  1.10899791194256636E-002
  476.0000000000  1.10709509379489646E-002
  477.0000000000  1.10520014905901576E-002
  478.0000000000  1.10331301846571250E-002
  479.0000000000  1.10143364342363270E-002
  480.0000000000  1.09956196602141176E-002
  481.0000000000  1.09769792900991092E-002
  482.0000000000  1.09584147579226965E-002
  483.0000000000  1.09399255042106347E-002
  484.0000000000  1.09215109757485607E-002
  485.0000000000  1.09031706256388361E-002
  486.0000000000  1.08849039131015957E-002
  487.0000000000  1.08667103033681656E-002
  488.0000000000  1.08485892676739581E-002
  489.0000000000  1.08305402831661013E-002
  490.0000000000  1.08125628326689593E-002
  491.0000000000  1.07946564047978200E-002
  492.0000000000  1.07768204937102041E-002
  493.0000000000  1.07590545991413933E-002
  494.0000000000  1.07413582262196883E-002
  495.0000000000  1.07237308855090419E-002
  496.0000000000  1.07061720928101067E-002
  497.0000000000  1.06886813690962867E-002
  498.0000000000  1.06712582405350531E-002
  499.0000000000  1.06539022383316251E-002
  500.0000000000  1.06366128987005482E-002
  501.0000000000  1.06193897626880585E-002
  502.0000000000  1.06022323762786641E-002
  503.0000000000  1.05851402901464553E-002
  504.0000000000  1.05681130596977368E-002
  505.0000000000  1.05511502450426065E-002
  506.0000000000  1.05342514107391594E-002
  507.0000000000  1.05174161259142807E-002
  508.0000000000  1.05006439641712745E-002
  509.0000000000  1.04839345034264397E-002
  510.0000000000  1.04672873259801236E-002
  511.0000000000  1.04507020182964538E-002
  512.0000000000  1.04341781711525527E-002
  513.0000000000  1.04177153794111632E-002
  514.0000000000  1.04013132419851217E-002
  515.0000000000  1.03849713618799910E-002
  516.0000000000  1.03686893460519514E-002
  517.0000000000  1.03524668053438518E-002
  518.0000000000  1.03363033545136318E-002
  519.0000000000  1.03201986121419509E-002
  520.0000000000  1.03041522004545527E-002
  521.0000000000  1.02881637455283226E-002
  522.0000000000  1.02722328770568083E-002
  523.0000000000  1.02563592283075877E-002
  524.0000000000  1.02405424361577957E-002
  525.0000000000  1.02247821409804374E-002
  526.0000000000  1.02090779866514936E-002
  527.0000000000  1.01934296204149177E-002
  528.0000000000  1.01778366929181630E-002
  529.0000000000  1.01622988581837603E-002
  530.0000000000  1.01468157734956321E-002
  531.0000000000  1.01313870993848809E-002
  532.0000000000  1.01160124995587353E-002
  533.0000000000  1.01006916409787095E-002
  534.0000000000  1.00854241936332301E-002
  535.0000000000  1.00702098307010601E-002
  536.0000000000  1.00550482282955045E-002
  537.0000000000  1.00399390656278342E-002
  538.0000000000  1.00248820248225456E-002
  539.0000000000  1.00098767909742037E-002
  540.0000000000  9.99492305203375508E-003
  541.0000000000  9.98002049885826636E-003
  542.0000000000  9.96516882507592072E-003
  543.0000000000  9.95036772714996687E-003
  544.0000000000  9.93561690427213762E-003
  545.0000000000  9.92091605836264989E-003
  546.0000000000  9.90626489399915044E-003
  547.0000000000  9.89166311845934842E-003
  548.0000000000  9.87711044159311768E-003
  549.0000000000  9.86260657588644563E-003
  550.0000000000  9.84815123633353551E-003
  551.0000000000  9.83374414048654444E-003
  552.0000000000  9.81938500839873996E-003
  553.0000000000  9.80507356254634033E-003
  554.0000000000  9.79080952786404168E-003
  555.0000000000  9.77659263173080717E-003
  556.0000000000  9.76242260382775839E-003
  557.0000000000  9.74829917623765141E-003
  558.0000000000  9.73422208335961159E-003
  559.0000000000  9.72019106186650106E-003
  560.0000000000  9.70620585071912956E-003
  561.0000000000  9.69226619108098930E-003
  562.0000000000  9.67837182638220384E-003
  563.0000000000  9.66452250219873576E-003
  564.0000000000  9.65071796630212475E-003
  565.0000000000  9.63695796853158981E-003
  566.0000000000  9.62324226097166502E-003
  567.0000000000  9.60957059761824439E-003
  568.0000000000  9.59594273469122072E-003
  569.0000000000  9.58235843034316304E-003
  570.0000000000  9.56881744480853058E-003
  571.0000000000  9.55531954028288055E-003
  572.0000000000  9.54186448096550066E-003
  573.0000000000  9.52845203291019516E-003
  574.0000000000  9.51508196425976394E-003
  575.0000000000  9.50175404491204745E-003
  576.0000000000  9.48846804669045696E-003
  577.0000000000  9.47522374334397455E-003
  578.0000000000  9.46202091040504456E-003
  579.0000000000  9.44885932520378446E-003
  580.0000000000  9.43573876697456626E-003
  581.0000000000  9.42266284252468722E-003
  582.0000000000  9.40962362814445896E-003
  583.0000000000  9.39662478939595758E-003
  584.0000000000  9.38366611265450956E-003
  585.0000000000  9.37074738578047572E-003
  586.0000000000  9.35786839834662487E-003
  587.0000000000  9.34502894155286867E-003
  588.0000000000  9.33222880826889423E-003
  589.0000000000  9.31946779301284778E-003
  590.0000000000  9.30674569186606959E-003
  591.0000000000  9.29406230256546451E-003
  592.0000000000  9.28141742438270967E-003
  593.0000000000  9.26881085818820338E-003
  594.0000000000  9.25624240640843254E-003
  595.0000000000  9.24371187292649665E-003
  596.0000000000  9.23121906321000552E-003
  597.0000000000  9.21876378421160325E-003
  598.0000000000  9.20634584431923031E-003
  599.0000000000  9.19396505343428316E-003
  600.0000000000  9.18162122292898175E-003
  601.0000000000  9.16931416556820977E-003
  602.0000000000  9.15704369553083097E-003
  603.0000000000  9.14480962844521628E-003
  604.0000000000  9.13261178128976780E-003
  605.0000000000  9.12044997241423516E-003
  606.0000000000  9.10832402162498056E-003
  607.0000000000  9.09623374995049971E-003
  608.0000000000  9.08417897981195210E-003
  609.0000000000  9.07215953498052841E-003
  610.0000000000  9.06017524049929079E-003
  611.0000000000  9.04822592270448922E-003
  612.0000000000  9.03631140924687770E-003
  613.0000000000  9.02443152899223833E-003
  614.0000000000  9.01258611212085725E-003
  615.0000000000  9.00077499002804871E-003
  616.0000000000  8.98899799530283872E-003
  617.0000000000  8.97725496184165195E-003
  618.0000000000  8.96554572467778144E-003
  619.0000000000  8.95387012005954830E-003
  620.0000000000  8.94222798542898545E-003
  621.0000000000  8.93061915939341588E-003
