  2.000000000000  -1.0000000000000000     
  3.000000000000  -1.0000000000000000     
  4.000000000000  -1.0000000000000000     
  5.000000000000  -1.0000000000000000     
  6.000000000000  -1.0000000000000000     
  7.000000000000 -0.99999999999999967     
  8.000000000000 -0.99999999999997191     
  9.000000000000 -0.99999999999918765     
  10.00000000000 -0.99999999998800160     
  11.00000000000 -0.99999999989133492     
  12.00000000000 -0.99999999931793826     
  13.00000000000 -0.99999999677022022     
  14.00000000000 -0.99999998774083587     
  15.00000000000 -0.99999996100673783     
  16.00000000000 -0.99999989254500365     
  17.00000000000 -0.99999973683677068     
  18.00000000000 -0.99999941578730134     
  19.00000000000 -0.99999880592617174     
  20.00000000000 -0.99999772485194460     
  21.00000000000 -0.99999591800419352     
  22.00000000000 -0.99999304679331025     
  23.00000000000 -0.99998867893966747     
  24.00000000000 -0.99998228162348002     
  25.00000000000 -0.99997321777512904     
  26.00000000000 -0.99996074558032022     
  27.00000000000 -0.99994402105883251     
  28.00000000000 -0.99992210341103804     
  29.00000000000 -0.99989396271498698     
  30.00000000000 -0.99985848949461320     
  31.00000000000 -0.99981450565912910     
  32.00000000000 -0.99976077632605254     
  33.00000000000 -0.99969602207663100     
  34.00000000000 -0.99961893124451251     
  35.00000000000 -0.99952817189943022     
  36.00000000000 -0.99942240339619537     
  37.00000000000 -0.99930028647196512     
  38.00000000000 -0.99916049362395187     
  39.00000000000 -0.99900171731091447     
  40.00000000000 -0.99882267759285726     
  41.00000000000 -0.99862212856519394     
  42.00000000000 -0.99839886370512665     
  43.00000000000 -0.99815172017291842     
  44.00000000000 -0.99787958212903471     
  45.00000000000 -0.99758138314088973     
  46.00000000000 -0.99725610776096296     
  47.00000000000 -0.99690279236215962     
  48.00000000000 -0.99652052531723245     
  49.00000000000 -0.99610844660753484     
  50.00000000000 -0.99566574694295817     
  51.00000000000 -0.99519166647015544     
  52.00000000000 -0.99468549314049404     
  53.00000000000 -0.99414656080296882     
  54.00000000000 -0.99357424708089470     
  55.00000000000 -0.99296797108471258     
  56.00000000000 -0.99232719100696332     
  57.00000000000 -0.99165140360505932     
  58.00000000000 -0.99094013425715810     
  59.00000000000 -0.99019294496270815     
  60.00000000000 -0.98940942513252939     
  61.00000000000 -0.98858919068070406     
  62.00000000000 -0.98773188157118719     
  63.00000000000 -0.98683715942391825     
  64.00000000000 -0.98590470519038986     
  65.00000000000 -0.98493421690607996     
  66.00000000000 -0.98392540752496083     
  67.00000000000 -0.98287800283944926     
  68.00000000000 -0.98179173948760146     
  69.00000000000 -0.98066636304807919     
  70.00000000000 -0.97950162622236170     
  71.00000000000 -0.97829728710285191     
  72.00000000000 -0.97705310752485519     
  73.00000000000 -0.97576885149993464     
  74.00000000000 -0.97444428372777114     
  75.00000000000 -0.97307916818341089     
  76.00000000000 -0.97167326677664134     
  77.00000000000 -0.97022633808015701     
  78.00000000000 -0.96873813612317172     
  79.00000000000 -0.96720840924718154     
  80.00000000000 -0.96563689902067118     
  81.00000000000 -0.96402333920965777     
  82.00000000000 -0.96236745480113195     
  83.00000000000 -0.96066896107658528     
  84.00000000000 -0.95892756273299162     
  85.00000000000 -0.95714295304876662     
  86.00000000000 -0.95531482161300363     
  87.00000000000 -0.95344282086054710     
  88.00000000000 -0.95152661256016413     
  89.00000000000 -0.94956583681621753     
  90.00000000000 -0.94756011874486368     
  91.00000000000 -0.94550906786683542     
  92.00000000000 -0.94341227753215617     
  93.00000000000 -0.94126932437542388     
  94.00000000000 -0.93907976780038260     
  95.00000000000 -0.93684314949257297     
  96.00000000000 -0.93455899295892242     
  97.00000000000 -0.93222680309317973     
  98.00000000000 -0.92984606576615203     
  99.00000000000 -0.92741624743972539     
  100.0000000000 -0.92493679480367930     
  101.0000000000 -0.92240713443433220     
  102.0000000000 -0.91982667247405703     
  103.0000000000 -0.91719479433072149     
  104.0000000000 -0.91451086439612761     
  105.0000000000 -0.91177422578250833     
  106.0000000000 -0.90898420007617842     
  107.0000000000 -0.90614008710741556     
  108.0000000000 -0.90324117732511855     
  109.0000000000 -0.90028670311796244     
  110.0000000000 -0.89727590872897967     
  111.0000000000 -0.89420800496288533     
  112.0000000000 -0.89108217992672123     
  113.0000000000 -0.88789759887793662     
  114.0000000000 -0.88465340408285642     
  115.0000000000 -0.88134871468491871     
  116.0000000000 -0.87798262658217485     
  117.0000000000 -0.87455421231363528     
  118.0000000000 -0.87106252095419023     
  119.0000000000 -0.86750657801797293     
  120.0000000000 -0.86388538537021131     
  121.0000000000 -0.86019792114781379     
  122.0000000000 -0.85644313968915431     
  123.0000000000 -0.85261997147379065     
  124.0000000000 -0.84872732307312959     
  125.0000000000 -0.84476407711339196     
  126.0000000000 -0.84072909225258885     
  127.0000000000 -0.83662120317365241     
  128.0000000000 -0.83243922059631470     
  129.0000000000 -0.82818193131086670     
  130.0000000000 -0.82384809823750271     
  131.0000000000 -0.81943646051561614     
  132.0000000000 -0.81494573362815292     
  133.0000000000 -0.81037461718207560     
  134.0000000000 -0.80572175881441699     
  135.0000000000 -0.80098581516357226     
  136.0000000000 -0.79616540856844731     
  137.0000000000 -0.79125913895132372     
  138.0000000000 -0.78626558428606419     
  139.0000000000 -0.78118330116226598     
  140.0000000000 -0.77601081150523843     
  141.0000000000 -0.77074665072300919     
  142.0000000000 -0.76538930741219335     
  143.0000000000 -0.75993725994537797     
  144.0000000000 -0.75438896997525406     
  145.0000000000 -0.74874288392301502     
  146.0000000000 -0.74299740838124007     
  147.0000000000 -0.73715100670810996     
  148.0000000000 -0.73120207210057298     
  149.0000000000 -0.72514900936954763     
  150.0000000000 -0.71899021967819210     
  151.0000000000 -0.71272407132670745     
  152.0000000000 -0.70634902243142628     
  153.0000000000 -0.69986346176500769     
  154.0000000000 -0.69326581503904638     
  155.0000000000 -0.68655449432344140     
  156.0000000000 -0.67972802420617184     
  157.0000000000 -0.67278488419840254     
  158.0000000000 -0.66572361942880687     
  159.0000000000 -0.65854278926379584     
  160.0000000000 -0.65124111318209843     
  161.0000000000 -0.64381729606496552     
  162.0000000000 -0.63627015755780847     
  163.0000000000 -0.62859857387354712     
  164.0000000000 -0.62080166376482970     
  165.0000000000 -0.61287857341450247     
  166.0000000000 -0.60482859613536855     
  167.0000000000 -0.59665133076820676     
  168.0000000000 -0.58834647312939348     
  169.0000000000 -0.57991393928379442     
  170.0000000000 -0.57135404460013040     
  171.0000000000 -0.56266728481021944     
  172.0000000000 -0.55385447154304202     
  173.0000000000 -0.54491694317516626     
  174.0000000000 -0.53585626671585807     
  175.0000000000 -0.52667464531571817     
  176.0000000000 -0.51737466684291700     
  177.0000000000 -0.50795944687798311     
  178.0000000000 -0.49843286948952281     
  179.0000000000 -0.48879925714488054     
  180.0000000000 -0.47906383353510940     
  181.0000000000 -0.46923236137829233     
  182.0000000000 -0.45931158192631516     
  183.0000000000 -0.44930891057121958     
  184.0000000000 -0.43923257173619062     
  185.0000000000 -0.42909184389604516     
  186.0000000000 -0.41889660676056389     
  187.0000000000 -0.40865783396985583     
  188.0000000000 -0.39838705891753956     
  189.0000000000 -0.38809681917081762     
  190.0000000000 -0.37780009188994845     
  191.0000000000 -0.36751068058192726     
  192.0000000000 -0.35724268476087029     
  193.0000000000 -0.34701050928162047     
  194.0000000000 -0.33682893993037921     
  195.0000000000 -0.32671248863950253     
  196.0000000000 -0.31667573070132704     
  197.0000000000 -0.30673267676575589     
  198.0000000000 -0.29689675474974808     
  199.0000000000 -0.28718083109094916     
  200.0000000000 -0.27759666182775744     
  201.0000000000 -0.26815498699758300     
  202.0000000000 -0.25886527585054231     
  203.0000000000 -0.24973589608010172     
  204.0000000000 -0.24077364897267728     
  205.0000000000 -0.23198398368101247     
  206.0000000000 -0.22337092064995323     
  207.0000000000 -0.21493698972112441     
  208.0000000000 -0.20668354813885337     
  209.0000000000 -0.19861041448914341     
  210.0000000000 -0.19071613277424060     
  211.0000000000 -0.18299825173172657     
  212.0000000000 -0.17545300308683043     
  213.0000000000 -0.16807554712703965     
  214.0000000000 -0.16086021984441956     
  215.0000000000 -0.15380041917306420     
  216.0000000000 -0.14688844533315093     
  217.0000000000 -0.14011595667238819     
  218.0000000000 -0.13347359698240258     
  219.0000000000 -0.12695127807709872     
  220.0000000000 -0.12053786549614598     
  221.0000000000 -0.11422116241385005     
  222.0000000000 -0.10798768504690415     
  223.0000000000 -0.10182258348301154     
  224.0000000000 -9.57090839776846281E-002
  225.0000000000 -8.96281709022108686E-002
  226.0000000000 -8.35578960124934156E-002
  227.0000000000 -7.74722917715404691E-002
  228.0000000000 -7.13402837867196382E-002
  229.0000000000 -6.51236189094923645E-002
  230.0000000000 -5.87745357193032447E-002
  231.0000000000 -5.22323653442313685E-002
  232.0000000000 -4.54213512693790733E-002
  233.0000000000 -3.82555449204780018E-002
  234.0000000000 -3.06834626977305902E-002
  235.0000000000 -2.28865666222333175E-002
  236.0000000000 -1.57386334477749301E-002
  237.0000000000 -1.04661891572206400E-002
  238.0000000000 -7.10373380492512752E-003
  239.0000000000 -4.94321321147594972E-003
  240.0000000000 -3.46018168022510508E-003
  241.0000000000 -2.37312909342790590E-003
  242.0000000000 -1.53294598050024433E-003
  243.0000000000 -8.56188539273716742E-004
  244.0000000000 -2.93337031962437322E-004
  245.0000000000  1.86774246230925201E-004
  246.0000000000  6.04605709327188379E-004
  247.0000000000  9.74170830602361093E-004
  248.0000000000  1.30534036389917674E-003
  249.0000000000  1.60535576623033194E-003
  250.0000000000  1.87960671280507086E-003
  251.0000000000  2.13218253904301491E-003
  252.0000000000  2.36630347950494979E-003
  253.0000000000  2.58447624909763363E-003
  254.0000000000  2.78875518387167176E-003
  255.0000000000  2.98077168315558083E-003
  256.0000000000  3.16189010891321232E-003
  257.0000000000  3.33324756337560757E-003
  258.0000000000  3.49580148954942160E-003
  259.0000000000  3.65038837634301672E-003
  260.0000000000  3.79766323317198840E-003
  261.0000000000  3.93827392036882884E-003
  262.0000000000  4.07272412375903059E-003
  263.0000000000  4.20147525778702402E-003
  264.0000000000  4.32493438749759207E-003
  265.0000000000  4.44346269937057059E-003
  266.0000000000  4.55738240235348258E-003
  267.0000000000  4.66698236883189566E-003
  268.0000000000  4.77254465511123271E-003
  269.0000000000  4.87426276832536587E-003
  270.0000000000  4.97237091124702602E-003
  271.0000000000  5.06708599124294778E-003
  272.0000000000  5.15854515521141366E-003
  273.0000000000  5.24695282655329720E-003
  274.0000000000  5.33242074259021592E-003
  275.0000000000  5.41512738946892114E-003
  276.0000000000  5.49516331983568307E-003
  277.0000000000  5.57268745727412806E-003
  278.0000000000  5.64777206651001507E-003
  279.0000000000  5.72056163079537328E-003
  280.0000000000  5.79113218199722724E-003
  281.0000000000  5.85955742609201025E-003
  282.0000000000  5.92596072603157609E-003
  283.0000000000  5.99038262154749646E-003
  284.0000000000  6.05294112945387042E-003
  285.0000000000  6.11368534944745079E-003
  286.0000000000  6.17268282853444816E-003
  287.0000000000  6.22997903532507280E-003
  288.0000000000  6.28567328332962916E-003
  289.0000000000  6.33980234582054436E-003
  290.0000000000  6.39242062329969940E-003
  291.0000000000  6.44356152044167629E-003
  292.0000000000  6.49331263016961202E-003
  293.0000000000  6.54170055098290959E-003
  294.0000000000  6.58876989071188746E-003
  295.0000000000  6.63454373032834610E-003
  296.0000000000  6.67910344813549273E-003
  297.0000000000  6.72246655418007322E-003
  298.0000000000  6.76467016567983137E-003
  299.0000000000  6.80574984643556036E-003
  300.0000000000  6.84573965475010482E-003
  301.0000000000  6.88465345344013713E-003
  302.0000000000  6.92256156634130093E-003
  303.0000000000  6.95947369688099116E-003
  304.0000000000  6.99541865624553338E-003
  305.0000000000  7.03042416573396167E-003
  306.0000000000  7.06451687439368925E-003
  307.0000000000  7.09772241449968533E-003
  308.0000000000  7.13004683593965183E-003
  309.0000000000  7.16155241110527641E-003
  310.0000000000  7.19224205684554363E-003
  311.0000000000  7.22213779312141924E-003
  312.0000000000  7.25126089071181923E-003
  313.0000000000  7.27963186858460176E-003
  314.0000000000  7.30727052865631777E-003
  315.0000000000  7.33419598915219240E-003
  316.0000000000  7.36042671540815263E-003
  317.0000000000  7.38596226889143281E-003
  318.0000000000  7.41085755011283709E-003
  319.0000000000  7.43510982255912722E-003
  320.0000000000  7.45873518517470302E-003
  321.0000000000  7.48174925114142297E-003
  322.0000000000  7.50416713306378824E-003
  323.0000000000  7.52600346379495022E-003
  324.0000000000  7.54727241605479549E-003
  325.0000000000  7.56798772133748798E-003
  326.0000000000  7.58816268731266064E-003
  327.0000000000  7.60781021502054955E-003
  328.0000000000  7.62692412160248523E-003
  329.0000000000  7.64555487877061069E-003
  330.0000000000  7.66369459514493201E-003
  331.0000000000  7.68135466459085592E-003
  332.0000000000  7.69854618187792994E-003
  333.0000000000  7.71527991975062832E-003
  334.0000000000  7.73156634079441574E-003
  335.0000000000  7.74741560879732560E-003
  336.0000000000  7.76283759959284225E-003
  337.0000000000  7.77784191144093029E-003
  338.0000000000  7.79243787473404836E-003
  339.0000000000  7.80663456173869008E-003
  340.0000000000  7.82044079536348136E-003
  341.0000000000  7.83386515792017235E-003
  342.0000000000  7.84691599939435491E-003
  343.0000000000  7.85960144533959237E-003
  344.0000000000  7.87191121315089504E-003
  345.0000000000  7.88389014925172660E-003
  346.0000000000  7.89552678611471492E-003
  347.0000000000  7.90682839658529701E-003
  348.0000000000  7.91780209338810437E-003
  349.0000000000  7.92845480581405582E-003
  350.0000000000  7.93879328549706997E-003
  351.0000000000  7.94882411223341023E-003
  352.0000000000  7.95855369932496615E-003
  353.0000000000  7.96798829877332082E-003
  354.0000000000  7.97713400652355631E-003
  355.0000000000  7.98599676706857053E-003
  356.0000000000  7.99458237820971362E-003
  357.0000000000  8.00289649565399941E-003
  358.0000000000  8.01094463706419901E-003
  359.0000000000  8.01873218653526010E-003
  360.0000000000  8.02626439830333993E-003
  361.0000000000  8.03354640084563698E-003
  362.0000000000  8.04058320035494489E-003
  363.0000000000  8.04737968458368869E-003
  364.0000000000  8.05394062610531591E-003
  365.0000000000  8.06027068573200722E-003
  366.0000000000  8.06635618143758393E-003
  367.0000000000  8.07223864063644214E-003
  368.0000000000  8.07790356186899317E-003
  369.0000000000  8.08335516610014793E-003
  370.0000000000  8.08859760225999480E-003
  371.0000000000  8.09363492514592053E-003
  372.0000000000  8.09847109804451293E-003
  373.0000000000  8.10310999525398756E-003
  374.0000000000  8.10755540454977108E-003
  375.0000000000  8.11181102944402710E-003
  376.0000000000  8.11588049162992320E-003
  377.0000000000  8.11976733297115061E-003
  378.0000000000  8.12347501780408265E-003
  379.0000000000  8.12700693500545412E-003
  380.0000000000  8.13036639983977238E-003
  381.0000000000  8.13355665604831302E-003
  382.0000000000  8.13658087764679294E-003
  383.0000000000  8.13944217074435983E-003
  384.0000000000  8.14214357540521405E-003
  385.0000000000  8.14468806709101045E-003
  386.0000000000  8.14707855866458885E-003
  387.0000000000  8.14931790164052927E-003
  388.0000000000  8.15140888800414132E-003
  389.0000000000  8.15335425163254968E-003
  390.0000000000  8.15515666964472530E-003
  391.0000000000  8.15681876395046856E-003
  392.0000000000  8.15834310250806993E-003
  393.0000000000  8.15973220092303109E-003
  394.0000000000  8.16098852329361080E-003
  395.0000000000  8.16211448383796778E-003
  396.0000000000  8.16311244796708024E-003
  397.0000000000  8.16398473347135223E-003
  398.0000000000  8.16473361168590372E-003
  399.0000000000  8.16536130861322818E-003
  400.0000000000  8.16585205628683752E-003
  401.0000000000  8.16624434852286640E-003
  402.0000000000  8.16652188061084416E-003
  403.0000000000  8.16668668974784850E-003
  404.0000000000  8.16674079119650287E-003
  405.0000000000  8.16668616094773370E-003
  406.0000000000  8.16652473665158141E-003
  407.0000000000  8.16625841843432454E-003
  408.0000000000  8.16588906975113105E-003
  409.0000000000  8.16541851825292042E-003
  410.0000000000  8.16484855661769870E-003
  411.0000000000  8.16418094333215549E-003
  412.0000000000  8.16341740345194466E-003
  413.0000000000  8.16255962934775425E-003
  414.0000000000  8.16160928151532516E-003
  415.0000000000  8.16056798917230708E-003
  416.0000000000  8.15943735100432832E-003
  417.0000000000  8.15821893591106573E-003
  418.0000000000  8.15691428349651915E-003
  419.0000000000  8.15552490490034643E-003
  420.0000000000  8.15405228327392706E-003
  421.0000000000  8.15249787447669405E-003
  422.0000000000  8.15086310765167354E-003
  423.0000000000  8.14914938575128645E-003
  424.0000000000  8.14735808616262602E-003
  425.0000000000  8.14549056126168125E-003
  426.0000000000  8.14354813883255702E-003
  427.0000000000  8.14153212275670057E-003
  428.0000000000  8.13944379337527835E-003
  429.0000000000  8.13728440810734810E-003
  430.0000000000  8.13505520187618458E-003
  431.0000000000  8.13275738747876176E-003
  432.0000000000  8.13039215619681954E-003
  433.0000000000  8.12796067825871660E-003
  434.0000000000  8.12546410313785827E-003
  435.0000000000  8.12290356002165481E-003
  436.0000000000  8.12028015830890126E-003
  437.0000000000  8.11759498798636514E-003
  438.0000000000  8.11484911989168722E-003
  439.0000000000  8.11204360632444832E-003
  440.0000000000  8.10917948124512122E-003
  441.0000000000  8.10625776072271265E-003
  442.0000000000  8.10327944327582372E-003
  443.0000000000  8.10024551021371053E-003
  444.0000000000  8.09715692606260973E-003
  445.0000000000  8.09401463874337423E-003
  446.0000000000  8.09081957996937717E-003
  447.0000000000  8.08757266570836464E-003
  448.0000000000  8.08427479624640455E-003
  449.0000000000  8.08092685667105570E-003
  450.0000000000  8.07752971709163603E-003
  451.0000000000  8.07408423298028310E-003
  452.0000000000  8.07059124539932782E-003
  453.0000000000  8.06705158132814404E-003
  454.0000000000  8.06346605391894400E-003
  455.0000000000  8.05983546267441398E-003
  456.0000000000  8.05616059395930506E-003
  457.0000000000  8.05244222098622231E-003
  458.0000000000  8.04868110411405269E-003
  459.0000000000  8.04486123600867131E-003
  460.0000000000  8.04101715619509605E-003
  461.0000000000  8.03713254379090358E-003
  462.0000000000  8.03320809981755701E-003
  463.0000000000  8.02924452434439218E-003
  464.0000000000  8.02524250607206113E-003
  465.0000000000  8.02120272237516474E-003
  466.0000000000  8.01712583971436743E-003
  467.0000000000  8.01301251372166234E-003
  468.0000000000  8.00886338941353415E-003
  469.0000000000  8.00467910140412187E-003
  470.0000000000  8.00046027408285454E-003
  471.0000000000  7.99620752182761407E-003
  472.0000000000  7.99192144912552749E-003
  473.0000000000  7.98760265084297316E-003
  474.0000000000  7.98325171226821340E-003
  475.0000000000  7.97886920950929834E-003
  476.0000000000  7.97445570938748460E-003
  477.0000000000  7.97001176974987402E-003
  478.0000000000  7.96553793965415480E-003
  479.0000000000  7.96103475948228834E-003
  480.0000000000  7.95650276108261778E-003
  481.0000000000  7.95194246789776571E-003
  482.0000000000  7.94735439519911324E-003
  483.0000000000  7.94273905019338144E-003
  484.0000000000  7.93809693210079104E-003
  485.0000000000  7.93342853236822521E-003
  486.0000000000  7.92873433482554901E-003
  487.0000000000  7.92401481572824196E-003
  488.0000000000  7.91927044394213908E-003
  489.0000000000  7.91450168108553953E-003
  490.0000000000  7.90970898163578795E-003
  491.0000000000  7.90489279303585590E-003
  492.0000000000  7.90005355585776670E-003
  493.0000000000  7.89519170385943880E-003
  494.0000000000  7.89030766419784868E-003
  495.0000000000  7.88540185741481991E-003
  496.0000000000  7.88047469764308062E-003
  497.0000000000  7.87552659269152855E-003
  498.0000000000  7.87055794418023424E-003
  499.0000000000  7.86556914754754644E-003
  500.0000000000  7.86056059222772774E-003
  501.0000000000  7.85553266182148491E-003
  502.0000000000  7.85048573404623085E-003
  503.0000000000  7.84542018090661486E-003
  504.0000000000  7.84033636882242035E-003
  505.0000000000  7.83523465866409197E-003
  506.0000000000  7.83011540586642241E-003
  507.0000000000  7.82497896053513387E-003
  508.0000000000  7.81982566746819430E-003
  509.0000000000  7.81465586640450738E-003
  510.0000000000  7.80946989186759311E-003
  511.0000000000  7.80426807345691032E-003
  512.0000000000  7.79905073586206754E-003
  513.0000000000  7.79381819886282301E-003
  514.0000000000  7.78857077751382576E-003
  515.0000000000  7.78330878225119704E-003
  516.0000000000  7.77803251877884350E-003
  517.0000000000  7.77274228838109593E-003
  518.0000000000  7.76743838779481166E-003
  519.0000000000  7.76212110942964273E-003
  520.0000000000  7.75679074132540336E-003
  521.0000000000  7.75144756735812734E-003
  522.0000000000  7.74609186710506492E-003
  523.0000000000  7.74072391609337274E-003
  524.0000000000  7.73534398583564098E-003
  525.0000000000  7.72995234378726082E-003
  526.0000000000  7.72454925350984922E-003
  527.0000000000  7.71913497470677612E-003
  528.0000000000  7.71370976329421865E-003
  529.0000000000  7.70827387145089915E-003
  530.0000000000  7.70282754763940147E-003
  531.0000000000  7.69737103670564693E-003
  532.0000000000  7.69190457998547572E-003
  533.0000000000  7.68642841521938180E-003
  534.0000000000  7.68094277674435943E-003
  535.0000000000  7.67544789546548145E-003
  536.0000000000  7.66994399898379697E-003
  537.0000000000  7.66443131156790969E-003
  538.0000000000  7.65891005421082127E-003
  539.0000000000  7.65338044476493451E-003
  540.0000000000  7.64784269790652615E-003
  541.0000000000  7.64229702517837950E-003
  542.0000000000  7.63674363516031462E-003
  543.0000000000  7.63118273329155272E-003
  544.0000000000  7.62561452221888203E-003
  545.0000000000  7.62003920148401903E-003
  546.0000000000  7.61445696794282867E-003
  547.0000000000  7.60886801544558011E-003
  548.0000000000  7.60327253521353441E-003
  549.0000000000  7.59767071566130880E-003
  550.0000000000  7.59206274242529844E-003
  551.0000000000  7.58644879861236632E-003
  552.0000000000  7.58082906458668049E-003
  553.0000000000  7.57520371827524741E-003
  554.0000000000  7.56957293488369487E-003
  555.0000000000  7.56393688726575419E-003
  556.0000000000  7.55829574568878115E-003
  557.0000000000  7.55264967808955134E-003
  558.0000000000  7.54699884996767878E-003
  559.0000000000  7.54134342437851046E-003
  560.0000000000  7.53568356216760549E-003
  561.0000000000  7.53001942189257534E-003
  562.0000000000  7.52435115973071333E-003
  563.0000000000  7.51867892977742258E-003
  564.0000000000  7.51300288383305315E-003
  565.0000000000  7.50732317159474860E-003
  566.0000000000  7.50163994056407546E-003
  567.0000000000  7.49595333626018601E-003
  568.0000000000  7.49026350201376090E-003
  569.0000000000  7.48457057922280455E-003
  570.0000000000  7.47887470715369318E-003
  571.0000000000  7.47317602321828645E-003
  572.0000000000  7.46747466282471350E-003
  573.0000000000  7.46177075943421642E-003
  574.0000000000  7.45606444465352070E-003
  575.0000000000  7.45035584819220276E-003
  576.0000000000  7.44464509800479846E-003
  577.0000000000  7.43893232005632399E-003
  578.0000000000  7.43321763870596897E-003
  579.0000000000  7.42750117646551189E-003
  580.0000000000  7.42178305407037442E-003
  581.0000000000  7.41604954893659851E-003
  582.0000000000  7.41032860135959481E-003
  583.0000000000  7.40460634719397603E-003
  584.0000000000  7.39888289741230665E-003
  585.0000000000  7.39315836456455600E-003
  586.0000000000  7.38743285946696915E-003
  587.0000000000  7.38170649145075686E-003
  588.0000000000  7.37597936829104128E-003
  589.0000000000  7.37025159627791027E-003
  590.0000000000  7.36452328004588708E-003
  591.0000000000  7.35879452292209635E-003
  592.0000000000  7.35306542662783613E-003
  593.0000000000  7.34733609154147871E-003
  594.0000000000  7.34160661652794033E-003
  595.0000000000  7.33587709911631691E-003
  596.0000000000  7.33014763543593517E-003
  597.0000000000  7.32441832022345807E-003
  598.0000000000  7.31868924688683364E-003
  599.0000000000  7.31296050750529503E-003
  600.0000000000  7.30723219283646586E-003
  601.0000000000  7.30150439233057114E-003
  602.0000000000  7.29577719423701865E-003
  603.0000000000  7.29005068545518498E-003
  604.0000000000  7.28432495172626204E-003
  605.0000000000  7.27860007748404314E-003
  606.0000000000  7.27287614603255861E-003
  607.0000000000  7.26715323946791614E-003
  608.0000000000  7.26143143866408991E-003
  609.0000000000  7.25571082338660744E-003
  610.0000000000  7.24999147224991702E-003
  611.0000000000  7.24427346277423112E-003
  612.0000000000  7.23855687128605041E-003
  613.0000000000  7.23284177308869403E-003
  614.0000000000  7.22712824233440188E-003
  615.0000000000  7.22141635226591916E-003
  616.0000000000  7.21570617487543586E-003
  617.0000000000  7.20999778124564727E-003
  618.0000000000  7.20429124136501287E-003
  619.0000000000  7.19858662429828655E-003
  620.0000000000  7.19288399798756473E-003
  621.0000000000  7.18718342956492506E-003
