  2.000000000000   1.0000000000000000     
  3.000000000000   1.0000000000000000     
  4.000000000000   1.0000000000000000     
  5.000000000000   1.0000000000000000     
  6.000000000000  0.99999999999999889     
  7.000000000000  0.99999999999987510     
  8.000000000000  0.99999999999543354     
  9.000000000000  0.99999999992494071     
  10.00000000000  0.99999999929521688     
  11.00000000000  0.99999999559600083     
  12.00000000000  0.99999997972381072     
  13.00000000000  0.99999992619652045     
  14.00000000000  0.99999977665375606     
  15.00000000000  0.99999941692706984     
  16.00000000000  0.99999864999976329     
  17.00000000000  0.99999716855603826     
  18.00000000000  0.99999453110507530     
  19.00000000000  0.99999014495857852     
  20.00000000000  0.99998325804941590     
  21.00000000000  0.99997296015607484     
  22.00000000000  0.99995819287570131     
  23.00000000000  0.99993776683653013     
  24.00000000000  0.99991038418939415     
  25.00000000000  0.99987466431204763     
  26.00000000000  0.99982917080520706     
  27.00000000000  0.99977243815719097     
  28.00000000000  0.99970299682115515     
  29.00000000000  0.99961939582329129     
  30.00000000000  0.99952022236218208     
  31.00000000000  0.99940411814726016     
  32.00000000000  0.99926979245027536     
  33.00000000000  0.99911603200902932     
  34.00000000000  0.99894170803403060     
  35.00000000000  0.99874578063512442     
  36.00000000000  0.99852730101594711     
  37.00000000000  0.99828541179089103     
  38.00000000000  0.99801934576022755     
  39.00000000000  0.99772842346217383     
  40.00000000000  0.99741204978050724     
  41.00000000000  0.99706970985558452     
  42.00000000000  0.99670096450963130     
  43.00000000000  0.99630544536328891     
  44.00000000000  0.99588284978890163     
  45.00000000000  0.99543293581779790     
  46.00000000000  0.99495551709398788     
  47.00000000000  0.99445045794539966     
  48.00000000000  0.99391766862570097     
  49.00000000000  0.99335710076473327     
  50.00000000000  0.99276874305324403     
  51.00000000000  0.99215261717764469     
  52.00000000000  0.99150877401258453     
  53.00000000000  0.99083729007292798     
  54.00000000000  0.99013826422197193     
  55.00000000000  0.98941181462917849     
  56.00000000000  0.98865807596812216     
  57.00000000000  0.98787719684741970     
  58.00000000000  0.98706933744021297     
  59.00000000000  0.98623466735255716     
  60.00000000000  0.98537336364925232     
  61.00000000000  0.98448560907330562     
  62.00000000000  0.98357159042709141     
  63.00000000000  0.98263149710578834     
  64.00000000000  0.98166551977112315     
  65.00000000000  0.98067384915405675     
  66.00000000000  0.97965667497569453     
  67.00000000000  0.97861418497635067     
  68.00000000000  0.97754656404340035     
  69.00000000000  0.97645399342917494     
  70.00000000000  0.97533665005084580     
  71.00000000000  0.97419470586481471     
  72.00000000000  0.97302832730876454     
  73.00000000000  0.97183767480503858     
  74.00000000000  0.97062290231957715     
  75.00000000000  0.96938415697109748     
  76.00000000000  0.96812157868568272     
  77.00000000000  0.96683529989234018     
  78.00000000000  0.96552544525550199     
  79.00000000000  0.96419213144077154     
  80.00000000000  0.96283546691056787     
  81.00000000000  0.96145555174660147     
  82.00000000000  0.96005247749639566     
  83.00000000000  0.95862632704131578     
  84.00000000000  0.95717717448378392     
  85.00000000000  0.95570508505158147     
  86.00000000000  0.95421011507690179     
  87.00000000000  0.95269231169999424     
  88.00000000000  0.95115171314489244     
  89.00000000000  0.94958834846144025     
  90.00000000000  0.94800223754062407     
  91.00000000000  0.94639339108621245     
  92.00000000000  0.94476181059297715     
  93.00000000000  0.94310748833045144     
  94.00000000000  0.94143040733124683     
  95.00000000000  0.93973054138302392     
  96.00000000000  0.93800785502328776     
  97.00000000000  0.93626230353620965     
  98.00000000000  0.93449383295075372     
  99.00000000000  0.93270238003940253     
  100.0000000000  0.93088787231684589     
  101.0000000000  0.92905022803799897     
  102.0000000000  0.92718935619476606     
  103.0000000000  0.92530515651098089     
  104.0000000000  0.92339751943498738     
  105.0000000000  0.92146632612932211     
  106.0000000000  0.91951144845699972     
  107.0000000000  0.91753274896389425     
  108.0000000000  0.91553008099512656     
  109.0000000000  0.91350328813195303     
  110.0000000000  0.91145220493894374     
  111.0000000000  0.90937665642196674     
  112.0000000000  0.90727645810607949     
  113.0000000000  0.90515141598434390     
  114.0000000000  0.90300132645937858     
  115.0000000000  0.90082597627714700     
  116.0000000000  0.89862514245249336     
  117.0000000000  0.89639859218591700     
  118.0000000000  0.89414608277106677     
  119.0000000000  0.89186736149242640     
  120.0000000000  0.88956216551264622     
  121.0000000000  0.88723022174895161     
  122.0000000000  0.88487124673805562     
  123.0000000000  0.88248494648896325     
  124.0000000000  0.88007101632305196     
  125.0000000000  0.87762914070076692     
  126.0000000000  0.87515899303426736     
  127.0000000000  0.87266023548530547     
  128.0000000000  0.87013251874761566     
  129.0000000000  0.86757548181303412     
  130.0000000000  0.86498875172056011     
  131.0000000000  0.86237194328750832     
  132.0000000000  0.85972465882188565     
  133.0000000000  0.85704648746658596     
  134.0000000000  0.85433700605188356     
  135.0000000000  0.85159577722509494     
  136.0000000000  0.84882234995387962     
  137.0000000000  0.84601625893914201     
  138.0000000000  0.84317702419320961     
  139.0000000000  0.84030415059178620     
  140.0000000000  0.83739712679852829     
  141.0000000000  0.83445542690209895     
  142.0000000000  0.83147850697362280     
  143.0000000000  0.82846580626989996     
  144.0000000000  0.82541674622690331     
  145.0000000000  0.82233072982560773     
  146.0000000000  0.81920714008785178     
  147.0000000000  0.81604534238570847     
  148.0000000000  0.81284467954468231     
  149.0000000000  0.80960447361249677     
  150.0000000000  0.80632402443374196     
  151.0000000000  0.80300260777943167     
  152.0000000000  0.79963947804296975     
  153.0000000000  0.79623386228493165     
  154.0000000000  0.79278496230251427     
  155.0000000000  0.78929195182960732     
  156.0000000000  0.78575397910983791     
  157.0000000000  0.78217016064634626     
  158.0000000000  0.77853958313072802     
  159.0000000000  0.77486130025155697     
  160.0000000000  0.77113433569730350     
  161.0000000000  0.76735767583280245     
  162.0000000000  0.76353027197001122     
  163.0000000000  0.75965103648111409     
  164.0000000000  0.75571884699099701     
  165.0000000000  0.75173253698924025     
  166.0000000000  0.74769089746971007     
  167.0000000000  0.74359268017729496     
  168.0000000000  0.73943658776718646     
  169.0000000000  0.73522127539958326     
  170.0000000000  0.73094535473157174     
  171.0000000000  0.72660738296136351     
  172.0000000000  0.72220586476122572     
  173.0000000000  0.71773925765322799     
  174.0000000000  0.71320595705488232     
  175.0000000000  0.70860430951916109     
  176.0000000000  0.70393259927936791     
  177.0000000000  0.69918905068084936     
  178.0000000000  0.69437183571383299     
  179.0000000000  0.68947905610168647     
  180.0000000000  0.68450876118601267     
  181.0000000000  0.67945892807331498     
  182.0000000000  0.67432747983316121     
  183.0000000000  0.66911226811440727     
  184.0000000000  0.66381107696373198     
  185.0000000000  0.65842163418103627     
  186.0000000000  0.65294158497822574     
  187.0000000000  0.64736851791241301     
  188.0000000000  0.64169993312877049     
  189.0000000000  0.63593326796347760     
  190.0000000000  0.63006586162114864     
  191.0000000000  0.62409497943120684     
  192.0000000000  0.61801777758945664     
  193.0000000000  0.61183130161412369     
  194.0000000000  0.60553249189986336     
  195.0000000000  0.59911813160856542     
  196.0000000000  0.59258486953797163     
  197.0000000000  0.58592916324816713     
  198.0000000000  0.57914726711646036     
  199.0000000000  0.57223522523473980     
  200.0000000000  0.56518880293436058     
  201.0000000000  0.55800347457475385     
  202.0000000000  0.55067436931506386     
  203.0000000000  0.54319626152422051     
  204.0000000000  0.53556347255100523     
  205.0000000000  0.52776984809853100     
  206.0000000000  0.51980869012210951     
  207.0000000000  0.51167267398395255     
  208.0000000000  0.50335382825549246     
  209.0000000000  0.49484336700283577     
  210.0000000000  0.48613162029335488     
  211.0000000000  0.47720798202441889     
  212.0000000000  0.46806066775771393     
  213.0000000000  0.45867658621275248     
  214.0000000000  0.44904122668446922     
  215.0000000000  0.43913838503840646     
  216.0000000000  0.42894975928141710     
  217.0000000000  0.41845484266878347     
  218.0000000000  0.40763029226851577     
  219.0000000000  0.39644963500314612     
  220.0000000000  0.38488244034844898     
  221.0000000000  0.37289356123405182     
  222.0000000000  0.36044200148436278     
  223.0000000000  0.34747974836551010     
  224.0000000000  0.33394967869799808     
  225.0000000000  0.31978334254680907     
  226.0000000000  0.30489766255338746     
  227.0000000000  0.28919008102462196     
  228.0000000000  0.27253266046978952     
  229.0000000000  0.25476270967780201     
  230.0000000000  0.23567096055379055     
  231.0000000000  0.21498515089566483     
  232.0000000000  0.19235646364961800     
  233.0000000000  0.16737433703594640     
  234.0000000000  0.13974681607012540     
  235.0000000000  0.11014500733166965     
  236.0000000000  8.22419645314997894E-002
  237.0000000000  6.14808013589520641E-002
  238.0000000000  4.83978077429476627E-002
  239.0000000000  4.02210468470478588E-002
  240.0000000000  3.48177775586666627E-002
  241.0000000000  3.10306180320196745E-002
  242.0000000000  2.82439379968479898E-002
  243.0000000000  2.61127580258317948E-002
  244.0000000000  2.44323963684180967E-002
  245.0000000000  2.30742553331673150E-002
  246.0000000000  2.19541317033389305E-002
  247.0000000000  2.10145783838271427E-002
  248.0000000000  2.02153174257411195E-002
  249.0000000000  1.95269932721373607E-002
  250.0000000000  1.89279117100298322E-002
  251.0000000000  1.84017442306405599E-002
  252.0000000000  1.79357671274722463E-002
  253.0000000000  1.75201728336311646E-002
  254.0000000000  1.71470304151561947E-002
  255.0000000000  1.68101159316549342E-002
  256.0000000000  1.65043022240531911E-002
  257.0000000000  1.62253822174314166E-002
  258.0000000000  1.59698721231258389E-002
  259.0000000000  1.57347847864564017E-002
  260.0000000000  1.55178199362779878E-002
  261.0000000000  1.53167496693527028E-002
  262.0000000000  1.51298781704127805E-002
  263.0000000000  1.49556833762183317E-002
  264.0000000000  1.47928518790720886E-002
  265.0000000000  1.46402445689908234E-002
  266.0000000000  1.44968687762414561E-002
  267.0000000000  1.43618556039299961E-002
  268.0000000000  1.42343716212067761E-002
  269.0000000000  1.41138770125976976E-002
  270.0000000000  1.39997092981900551E-002
  271.0000000000  1.38912697185986644E-002
  272.0000000000  1.37882139062668330E-002
  273.0000000000  1.36899929549656463E-002
  274.0000000000  1.35963470970494882E-002
  275.0000000000  1.35068156812394591E-002
  276.0000000000  1.34212065015404391E-002
  277.0000000000  1.33391240421545376E-002
  278.0000000000  1.32604318363434004E-002
  279.0000000000  1.31847815802572654E-002
  280.0000000000  1.31120266510365013E-002
  281.0000000000  1.30420256147587565E-002
  282.0000000000  1.29744957639417180E-002
  283.0000000000  1.29093899821057789E-002
  284.0000000000  1.28464427116199431E-002
  285.0000000000  1.27855817741391320E-002
  286.0000000000  1.27266824759075803E-002
  287.0000000000  1.26696794363070353E-002
  288.0000000000  1.26143613585085745E-002
  289.0000000000  1.25606859166254026E-002
  290.0000000000  1.25085621460883090E-002
  291.0000000000  1.24579532019950534E-002
  292.0000000000  1.24086804592238309E-002
  293.0000000000  1.23607240629297621E-002
  294.0000000000  1.23140161810013637E-002
  295.0000000000  1.22685423566650798E-002
  296.0000000000  1.22241411012140588E-002
  297.0000000000  1.21808111503369787E-002
  298.0000000000  1.21385009582084535E-002
  299.0000000000  1.20971621644514471E-002
  300.0000000000  1.20567494531655939E-002
  301.0000000000  1.20172647939824628E-002
  302.0000000000  1.19785754742594008E-002
  303.0000000000  1.19406925891070159E-002
  304.0000000000  1.19035809266350157E-002
  305.0000000000  1.18672072440304532E-002
  306.0000000000  1.18315402197026742E-002
  307.0000000000  1.17965503177188680E-002
  308.0000000000  1.17622509386592355E-002
  309.0000000000  1.17285300028058259E-002
  310.0000000000  1.16954072874833059E-002
  311.0000000000  1.16628593182213081E-002
  312.0000000000  1.16308637898754341E-002
  313.0000000000  1.15993995737753153E-002
  314.0000000000  1.15684466420162835E-002
  315.0000000000  1.15379859971653786E-002
  316.0000000000  1.15079996074030078E-002
  317.0000000000  1.14785075393726288E-002
  318.0000000000  1.14494165844050144E-002
  319.0000000000  1.14207511224080349E-002
  320.0000000000  1.13924964853566735E-002
  321.0000000000  1.13646386370547248E-002
  322.0000000000  1.13371642064450384E-002
  323.0000000000  1.13100604491975787E-002
  324.0000000000  1.12833152116209590E-002
  325.0000000000  1.12569168969685052E-002
  326.0000000000  1.12308544342312189E-002
  327.0000000000  1.12051172488136785E-002
  328.0000000000  1.11797294637696609E-002
  329.0000000000  1.11546109212881106E-002
  330.0000000000  1.11297887162606912E-002
  331.0000000000  1.11052540594087645E-002
  332.0000000000  1.10809984728064137E-002
  333.0000000000  1.10570138356180792E-002
  334.0000000000  1.10332923654041792E-002
  335.0000000000  1.10098266009188706E-002
  336.0000000000  1.09866093856609837E-002
  337.0000000000  1.09636338525334054E-002
  338.0000000000  1.09408934094901156E-002
  339.0000000000  1.09183817257729743E-002
  340.0000000000  1.08960927191290580E-002
  341.0000000000  1.08740205439090687E-002
  342.0000000000  1.08521595794854875E-002
  343.0000000000  1.08305044196441713E-002
  344.0000000000  1.08090785093750696E-002
  345.0000000000  1.07878180942151403E-002
  346.0000000000  1.07667484882369990E-002
  347.0000000000  1.07458650888858642E-002
  348.0000000000  1.07251634161755760E-002
  349.0000000000  1.07046391516334438E-002
  350.0000000000  1.06842881312374516E-002
  351.0000000000  1.06641063385168877E-002
  352.0000000000  1.06440898979087706E-002
  353.0000000000  1.06242350688035003E-002
  354.0000000000  1.06045382394839294E-002
  355.0000000000  1.05849959216968159E-002
  356.0000000000  1.05656047453450697E-002
  357.0000000000  1.05463614534997419E-002
  358.0000000000  1.05272628976180727E-002
  359.0000000000  1.05083060330244393E-002
  360.0000000000  1.04894879146044673E-002
  361.0000000000  1.04708056927833582E-002
  362.0000000000  1.04522566095681668E-002
  363.0000000000  1.04338379948885063E-002
  364.0000000000  1.04155472629656742E-002
  365.0000000000  1.03973819091720543E-002
  366.0000000000  1.03793630242279278E-002
  367.0000000000  1.03614402270082451E-002
  368.0000000000  1.03436357637249898E-002
  369.0000000000  1.03259474526495865E-002
  370.0000000000  1.03083731469055806E-002
  371.0000000000  1.02909107637145780E-002
  372.0000000000  1.02735582816748661E-002
  373.0000000000  1.02563137388926862E-002
  374.0000000000  1.02391752303887529E-002
  375.0000000000  1.02221409061868940E-002
  376.0000000000  1.02052089692747927E-002
  377.0000000000  1.01883776736571008E-002
  378.0000000000  1.01716453224156567E-002
  379.0000000000  1.01550102660965536E-002
  380.0000000000  1.01384709009337826E-002
  381.0000000000  1.01220256671723519E-002
  382.0000000000  1.01056730476969392E-002
  383.0000000000  1.00894115662697459E-002
  384.0000000000  1.00732397864575773E-002
  385.0000000000  1.00571563098341699E-002
  386.0000000000  1.00411597750778014E-002
  387.0000000000  1.00252488564436248E-002
  388.0000000000  1.00094222626907481E-002
  389.0000000000  9.99367873583878463E-003
  390.0000000000  9.97801705013046103E-003
  391.0000000000  9.96243601093027564E-003
  392.0000000000  9.94693445365868456E-003
  393.0000000000  9.93151124285418518E-003
  394.0000000000  9.91616527127092695E-003
  395.0000000000  9.90089545885552980E-003
  396.0000000000  9.88570075192996001E-003
  397.0000000000  9.87058012234598436E-003
  398.0000000000  9.85553256670357314E-003
  399.0000000000  9.84055710554088137E-003
  400.0000000000  9.82567015751101280E-003
  401.0000000000  9.81083544506589078E-003
  402.0000000000  9.79607003034033141E-003
  403.0000000000  9.78137303854254014E-003
  404.0000000000  9.76674359834106554E-003
  405.0000000000  9.75218085836360160E-003
  406.0000000000  9.73768398640828536E-003
  407.0000000000  9.72325216903158207E-003
  408.0000000000  9.70888461090879673E-003
  409.0000000000  9.69458053427274535E-003
  410.0000000000  9.68033917849453474E-003
  411.0000000000  9.66615979947249571E-003
  412.0000000000  9.65204166923427920E-003
  413.0000000000  9.63798407541105462E-003
  414.0000000000  9.62398632081118421E-003
  415.0000000000  9.61004772302231913E-003
  416.0000000000  9.59616761391401951E-003
  417.0000000000  9.58234533926827226E-003
  418.0000000000  9.56858025845264137E-003
  419.0000000000  9.55487174394420435E-003
  420.0000000000  9.54121918098138622E-003
  421.0000000000  9.52762196727974242E-003
  422.0000000000  9.51407951260563323E-003
  423.0000000000  9.50059123852753373E-003
  424.0000000000  9.48715657800391909E-003
  425.0000000000  9.47377497516299627E-003
  426.0000000000  9.46044588493322181E-003
  427.0000000000  9.44716877280171730E-003
  428.0000000000  9.43394311453715773E-003
  429.0000000000  9.42076839589134352E-003
  430.0000000000  9.40764411231498343E-003
  431.0000000000  9.39456976875163718E-003
  432.0000000000  9.38154487941034176E-003
  433.0000000000  9.36856896743876177E-003
  434.0000000000  9.35564156478108089E-003
  435.0000000000  9.34276221191510103E-003
  436.0000000000  9.32993045762486872E-003
  437.0000000000  9.31714585880172308E-003
  438.0000000000  9.30440798029508187E-003
  439.0000000000  9.29171639459980270E-003
  440.0000000000  9.27907068177802330E-003
  441.0000000000  9.26647042918204988E-003
  442.0000000000  9.25391523138330285E-003
  443.0000000000  9.24140468988099428E-003
  444.0000000000  9.22893841298844109E-003
  445.0000000000  9.21651601566253476E-003
  446.0000000000  9.20413711937584367E-003
  447.0000000000  9.19180135189634484E-003
  448.0000000000  9.17950834722347508E-003
  449.0000000000  9.16725774533944104E-003
  450.0000000000  9.15504919217369206E-003
  451.0000000000  9.14288233932580852E-003
  452.0000000000  9.13075684405129095E-003
  453.0000000000  9.11867236922603297E-003
  454.0000000000  9.10662858287736299E-003
  455.0000000000  9.09462515843983965E-003
  456.0000000000  9.08266177437866418E-003
  457.0000000000  9.07073811424652376E-003
  458.0000000000  9.05885386644200707E-003
  459.0000000000  9.04701909185945397E-003
  460.0000000000  9.03521247711580600E-003
  461.0000000000  9.02344437051993964E-003
  462.0000000000  9.01171448430204691E-003
  463.0000000000  9.00002252959097859E-003
  464.0000000000  8.98836822170068217E-003
  465.0000000000  8.97675128021546698E-003
  466.0000000000  8.96517142877684137E-003
  467.0000000000  8.95362839511903985E-003
  468.0000000000  8.94212191084164942E-003
  469.0000000000  8.93065171137408242E-003
  470.0000000000  8.91921753601820910E-003
  471.0000000000  8.90781912764282424E-003
  472.0000000000  8.89645623281865028E-003
  473.0000000000  8.88512860155543649E-003
  474.0000000000  8.87383598741564583E-003
  475.0000000000  8.86257814735103011E-003
  476.0000000000  8.85135484157473229E-003
  477.0000000000  8.84016583358970820E-003
  478.0000000000  8.82901089009635598E-003
  479.0000000000  8.81788978090725095E-003
  480.0000000000  8.80680227886898592E-003
  481.0000000000  8.79574815987638203E-003
  482.0000000000  8.78472720273038021E-003
  483.0000000000  8.77373918918777917E-003
  484.0000000000  8.76278390370544003E-003
  485.0000000000  8.75186113360371110E-003
  486.0000000000  8.74097066891721397E-003
  487.0000000000  8.73011230230247293E-003
  488.0000000000  8.71928582908054750E-003
  489.0000000000  8.70849104709492394E-003
  490.0000000000  8.69772775670440979E-003
  491.0000000000  8.68699576079023927E-003
  492.0000000000  8.67629486458554311E-003
  493.0000000000  8.66562487572508644E-003
  494.0000000000  8.65498560422395258E-003
  495.0000000000  8.64437686229280189E-003
  496.0000000000  8.63379846445866406E-003
  497.0000000000  8.62325022745125125E-003
  498.0000000000  8.61273197012479841E-003
  499.0000000000  8.60224351345095783E-003
  500.0000000000  8.59178468057564260E-003
  501.0000000000  8.58135529662718000E-003
  502.0000000000  8.57095518870920614E-003
  503.0000000000  8.56058418599303650E-003
  504.0000000000  8.55024211956134650E-003
  505.0000000000  8.53992882233711725E-003
  506.0000000000  8.52964412924706039E-003
  507.0000000000  8.51938787693029553E-003
  508.0000000000  8.50915990390888055E-003
  509.0000000000  8.49896005045280845E-003
  510.0000000000  8.48878815861553448E-003
  511.0000000000  8.47864407214160565E-003
  512.0000000000  8.46852763646666062E-003
  513.0000000000  8.45843869868900811E-003
  514.0000000000  8.44837710755541593E-003
  515.0000000000  8.43834271338295139E-003
  516.0000000000  8.42833536812293005E-003
  517.0000000000  8.41835492519749096E-003
  518.0000000000  8.40840123962749431E-003
  519.0000000000  8.39847416791883461E-003
  520.0000000000  8.38857356804112442E-003
  521.0000000000  8.37869929943479974E-003
  522.0000000000  8.36885122291164407E-003
  523.0000000000  8.35902920076847522E-003
  524.0000000000  8.34923309667345848E-003
  525.0000000000  8.33946277561636862E-003
  526.0000000000  8.32971810395122247E-003
  527.0000000000  8.31999894936075179E-003
  528.0000000000  8.31030518079245439E-003
  529.0000000000  8.30063666854385929E-003
  530.0000000000  8.29099328409199643E-003
  531.0000000000  8.28137490017866185E-003
  532.0000000000  8.27178139079620678E-003
  533.0000000000  8.26221263110937798E-003
  534.0000000000  8.25266849745531772E-003
  535.0000000000  8.24314886735777463E-003
  536.0000000000  8.23365361953420916E-003
  537.0000000000  8.22418263371815783E-003
  538.0000000000  8.21473579085107986E-003
  539.0000000000  8.20531297294024853E-003
  540.0000000000  8.19591406309427839E-003
  541.0000000000  8.18653894545207095E-003
  542.0000000000  8.17718750524676352E-003
  543.0000000000  8.16785962867072612E-003
  544.0000000000  8.15855520303188086E-003
  545.0000000000  8.14927411656185541E-003
  546.0000000000  8.14001625852966981E-003
  547.0000000000  8.13078151919910397E-003
  548.0000000000  8.12156978972211618E-003
  549.0000000000  8.11238096227384631E-003
  550.0000000000  8.10321492989629633E-003
  551.0000000000  8.09407158664043891E-003
  552.0000000000  8.08495082738147630E-003
  553.0000000000  8.07585254793963259E-003
  554.0000000000  8.06677664502331027E-003
  555.0000000000  8.05772301617224684E-003
  556.0000000000  8.04869155984988538E-003
  557.0000000000  8.03968217532258222E-003
  558.0000000000  8.03069476264539617E-003
  559.0000000000  8.02172922284682954E-003
  560.0000000000  8.01278545761618943E-003
  561.0000000000  8.00386336954517219E-003
  562.0000000000  7.99496286195733319E-003
  563.0000000000  7.98608383904308994E-003
  564.0000000000  7.97722620566077012E-003
  565.0000000000  7.96838986750714184E-003
  566.0000000000  7.95957473098241053E-003
  567.0000000000  7.95078070327548403E-003
  568.0000000000  7.94200769229291836E-003
  569.0000000000  7.93325560663049600E-003
  570.0000000000  7.92452435566559643E-003
  571.0000000000  7.91581384938666588E-003
  572.0000000000  7.90712399862059101E-003
  573.0000000000  7.89845471474137639E-003
  574.0000000000  7.88980590984778019E-003
  575.0000000000  7.88117749679173585E-003
  576.0000000000  7.87256938895808389E-003
  577.0000000000  7.86398150043510213E-003
  578.0000000000  7.85541374600740028E-003
  579.0000000000  7.84686604106354935E-003
  580.0000000000  7.83833830156055456E-003
  581.0000000000  7.82983426950778494E-003
  582.0000000000  7.82134613586293881E-003
  583.0000000000  7.81287772058192331E-003
  584.0000000000  7.80442894247812546E-003
  585.0000000000  7.79599972057098967E-003
  586.0000000000  7.78758997449813251E-003
  587.0000000000  7.77919962440876134E-003
  588.0000000000  7.77082859110578283E-003
  589.0000000000  7.76247679593922157E-003
  590.0000000000  7.75414416076358748E-003
  591.0000000000  7.74583060805866808E-003
  592.0000000000  7.73753606081584167E-003
  593.0000000000  7.72926044255939360E-003
  594.0000000000  7.72100367740335969E-003
  595.0000000000  7.71276568990231226E-003
  596.0000000000  7.70454640524320666E-003
  597.0000000000  7.69634574898958590E-003
  598.0000000000  7.68816364735869229E-003
  599.0000000000  7.68000002700830464E-003
  600.0000000000  7.67185481505094913E-003
  601.0000000000  7.66372793921732409E-003
  602.0000000000  7.65561932757208297E-003
  603.0000000000  7.64752890879094593E-003
  604.0000000000  7.63945661197595882E-003
  605.0000000000  7.63140236671233652E-003
  606.0000000000  7.62336610301872497E-003
  607.0000000000  7.61534775144667719E-003
  608.0000000000  7.60734724295275555E-003
  609.0000000000  7.59936450894826976E-003
  610.0000000000  7.59139948130638231E-003
  611.0000000000  7.58345209236210849E-003
  612.0000000000  7.57552227482705121E-003
  613.0000000000  7.56760996193150959E-003
  614.0000000000  7.55971508726105412E-003
  615.0000000000  7.55183758489152979E-003
  616.0000000000  7.54397738928958006E-003
  617.0000000000  7.53613443529133065E-003
  618.0000000000  7.52830865825160345E-003
  619.0000000000  7.52049999383075374E-003
  620.0000000000  7.51270837812967329E-003
  621.0000000000  7.50493374770400123E-003
