  2.000000000000   1.0000000000000000     
  3.000000000000  0.99999999999999589     
  4.000000000000  0.99999999998719002     
  5.000000000000  0.99999999839139497     
  6.000000000000  0.99999995966168631     
  7.000000000000  0.99999959710235620     
  8.000000000000  0.99999773639299416     
  9.000000000000  0.99999133387390027     
  10.00000000000  0.99997463473812398     
  11.00000000000  0.99993892748380109     
  12.00000000000  0.99987298708290440     
  13.00000000000  0.99976399113419168     
  14.00000000000  0.99959859881490343     
  15.00000000000  0.99936394226683622     
  16.00000000000  0.99904839082394759     
  17.00000000000  0.99864204588992300     
  18.00000000000  0.99813698681443763     
  19.00000000000  0.99752731801240713     
  20.00000000000  0.99680907494439364     
  21.00000000000  0.99598004144403429     
  22.00000000000  0.99503952047906574     
  23.00000000000  0.99398808910706438     
  24.00000000000  0.99282735830594615     
  25.00000000000  0.99155975032756660     
  26.00000000000  0.99018830030064842     
  27.00000000000  0.98871648471644524     
  28.00000000000  0.98714807677880123     
  29.00000000000  0.98548702701112167     
  30.00000000000  0.98373736666663381     
  31.00000000000  0.98190313113680738     
  32.00000000000  0.97998830051348595     
  33.00000000000  0.97799675460514945     
  34.00000000000  0.97593223995037204     
  35.00000000000  0.97379834665594556     
  36.00000000000  0.97159849320522795     
  37.00000000000  0.96933591748870751     
  38.00000000000  0.96701367304316543     
  39.00000000000  0.96463462896524921     
  40.00000000000  0.96220147286301871     
  41.00000000000  0.95971671598206387     
  42.00000000000  0.95718269991070160     
  43.00000000000  0.95460160437213037     
  44.00000000000  0.95197545571161579     
  45.00000000000  0.94930613576969147     
  46.00000000000  0.94659539090058709     
  47.00000000000  0.94384484095088794     
  48.00000000000  0.94105598805879043     
  49.00000000000  0.93823022517102661     
  50.00000000000  0.93536884420398003     
  51.00000000000  0.93247304379902940     
  52.00000000000  0.92954393664077295     
  53.00000000000  0.92658255632135167     
  54.00000000000  0.92358986374540941     
  55.00000000000  0.92056675307885505     
  56.00000000000  0.91751405725108237     
  57.00000000000  0.91443255350719710     
  58.00000000000  0.91132296625629450     
  59.00000000000  0.90818597388698552     
  60.00000000000  0.90502221104497127     
  61.00000000000  0.90183227255293519     
  62.00000000000  0.89861671661965770     
  63.00000000000  0.89537606774276524     
  64.00000000000  0.89211081932673475     
  65.00000000000  0.88882143603706343     
  66.00000000000  0.88550835591064259     
  67.00000000000  0.88217199224141363     
  68.00000000000  0.87881273525935932     
  69.00000000000  0.87543095361983014     
  70.00000000000  0.87202699571914943     
  71.00000000000  0.86860119085139575     
  72.00000000000  0.86515385022025337     
  73.00000000000  0.86168526781882826     
  74.00000000000  0.85819572118941001     
  75.00000000000  0.85468547207425405     
  76.00000000000  0.85115476696764214     
  77.00000000000  0.84760383757866775     
  78.00000000000  0.84403290121348873     
  79.00000000000  0.84044216108507153     
  80.00000000000  0.83683180655784883     
  81.00000000000  0.83320201333408650     
  82.00000000000  0.82955294358824960     
  83.00000000000  0.82588474605510953     
  84.00000000000  0.82219755607690603     
  85.00000000000  0.81849149561441958     
  86.00000000000  0.81476667642701250     
  87.00000000000  0.81102318775647464     
  88.00000000000  0.80726111392968181     
  89.00000000000  0.80348052292704752     
  90.00000000000  0.79968146900606474     
  91.00000000000  0.79586399257770579     
  92.00000000000  0.79202812007117851     
  93.00000000000  0.78817386378943144     
  94.00000000000  0.78430122175760353     
  95.00000000000  0.78041017756638564     
  96.00000000000  0.77650070021209205     
  97.00000000000  0.77257274393504849     
  98.00000000000  0.76862624805774760     
  99.00000000000  0.76466113682405457     
  100.0000000000  0.76067731924061122     
  101.0000000000  0.75667468892144252     
  102.0000000000  0.75265312393664452     
  103.0000000000  0.74861248666590940     
  104.0000000000  0.74455262365754793     
  105.0000000000  0.74047336549354337     
  106.0000000000  0.73637452666110548     
  107.0000000000  0.73225590543108843     
  108.0000000000  0.72811728944013776     
  109.0000000000  0.72395843362801515     
  110.0000000000  0.71977909191061029     
  111.0000000000  0.71557899662465763     
  112.0000000000  0.71135786339153506     
  113.0000000000  0.70711539104042886     
  114.0000000000  0.70285126153927202     
  115.0000000000  0.69856513993349301     
  116.0000000000  0.69425667429262394     
  117.0000000000  0.68992549566483252     
  118.0000000000  0.68557121803949372     
  119.0000000000  0.68119343831795587     
  120.0000000000  0.67679173629273892     
  121.0000000000  0.67236567463548447     
  122.0000000000  0.66791479889407890     
  123.0000000000  0.66343863749951548     
  124.0000000000  0.65893670178319297     
  125.0000000000  0.65440848600553270     
  126.0000000000  0.64985346739699634     
  127.0000000000  0.64527110621281569     
  128.0000000000  0.64066084580300586     
  129.0000000000  0.63602211269953934     
  130.0000000000  0.63135431672287567     
  131.0000000000  0.62665685111044644     
  132.0000000000  0.62192909267009333     
  133.0000000000  0.61717040253159194     
  134.0000000000  0.61238012038138223     
  135.0000000000  0.60755757779438724     
  136.0000000000  0.60270208764360345     
  137.0000000000  0.59781294757354508     
  138.0000000000  0.59288944038291713     
  139.0000000000  0.58793083446819561     
  140.0000000000  0.58293637505978102     
  141.0000000000  0.57790531699224212     
  142.0000000000  0.57283688286130741     
  143.0000000000  0.56773028899158140     
  144.0000000000  0.56258474068082764     
  145.0000000000  0.55739943321529895     
  146.0000000000  0.55217353764662402     
  147.0000000000  0.54690625757631828     
  148.0000000000  0.54159675468624280     
  149.0000000000  0.53624419709722204     
  150.0000000000  0.53084775050761568     
  151.0000000000  0.52540656179802092     
  152.0000000000  0.51991982918268209     
  153.0000000000  0.51438671169546912     
  154.0000000000  0.50880639012622575     
  155.0000000000  0.50317803862873589     
  156.0000000000  0.49750089633701922     
  157.0000000000  0.49177417866732026     
  158.0000000000  0.48599714028611596     
  159.0000000000  0.48016904656185266     
  160.0000000000  0.47428925616360529     
  161.0000000000  0.46835712317922856     
  162.0000000000  0.46237207049680284     
  163.0000000000  0.45633355761427186     
  164.0000000000  0.45024118588352247     
  165.0000000000  0.44409457812066860     
  166.0000000000  0.43789344661583468     
  167.0000000000  0.43163768301304761     
  168.0000000000  0.42532724165032204     
  169.0000000000  0.41896220967092185     
  170.0000000000  0.41254290870083965     
  171.0000000000  0.40606977225877028     
  172.0000000000  0.39954342283118427     
  173.0000000000  0.39296479158424957     
  174.0000000000  0.38633495082993052     
  175.0000000000  0.37965534463348627     
  176.0000000000  0.37292764737081852     
  177.0000000000  0.36615384477721502     
  178.0000000000  0.35933637030401777     
  179.0000000000  0.35247791839159737     
  180.0000000000  0.34558170596263937     
  181.0000000000  0.33865126678858104     
  182.0000000000  0.33169069927824135     
  183.0000000000  0.32470449261734480     
  184.0000000000  0.31769760112880618     
  185.0000000000  0.31067558067552348     
  186.0000000000  0.30364432880375003     
  187.0000000000  0.29661036038223454     
  188.0000000000  0.28958050027149573     
  189.0000000000  0.28256213046000722     
  190.0000000000  0.27556286423933729     
  191.0000000000  0.26859075965038670     
  192.0000000000  0.26165401221877849     
  193.0000000000  0.25476095371264074     
  194.0000000000  0.24792008845496349     
  195.0000000000  0.24113971546008761     
  196.0000000000  0.23442811376756501     
  197.0000000000  0.22779318088180256     
  198.0000000000  0.22124241806736533     
  199.0000000000  0.21478293889728395     
  200.0000000000  0.20842115573996134     
  201.0000000000  0.20216283224442977     
  202.0000000000  0.19601293912444007     
  203.0000000000  0.18997575152020474     
  204.0000000000  0.18405458806485786     
  205.0000000000  0.17825193581672227     
  206.0000000000  0.17256941106221779     
  207.0000000000  0.16700772876019387     
  208.0000000000  0.16156688821556431     
  209.0000000000  0.15624596976274141     
  210.0000000000  0.15104328895797714     
  211.0000000000  0.14595656034387661     
  212.0000000000  0.14098271626802594     
  213.0000000000  0.13611804836577823     
  214.0000000000  0.13135835114925554     
  215.0000000000  0.12669885622411803     
  216.0000000000  0.12213413455849453     
  217.0000000000  0.11765835919655654     
  218.0000000000  0.11326507936930863     
  219.0000000000  0.10894738033363005     
  220.0000000000  0.10469768509952893     
  221.0000000000  0.10050773061789986     
  222.0000000000  9.63684144050107605E-002
  223.0000000000  9.22697277755730738E-002
  224.0000000000  8.82003873280003958E-002
  225.0000000000  8.41476083645016359E-002
  226.0000000000  8.00966378906808885E-002
  227.0000000000  7.60300237053845862E-002
  228.0000000000  7.19268706551190462E-002
  229.0000000000  6.77614478925212538E-002
  230.0000000000  6.35016105457459901E-002
  231.0000000000  5.91065091225821959E-002
  232.0000000000  5.45251055127184969E-002
  233.0000000000  4.96994476680168162E-002
  234.0000000000  4.45946620984756237E-002
  235.0000000000  3.93323938731988676E-002
  236.0000000000  3.44999352738373233E-002
  237.0000000000  3.09229055707831435E-002
  238.0000000000  2.86266047288776804E-002
  239.0000000000  2.71366138913471389E-002
  240.0000000000  2.61011544453033650E-002
  241.0000000000  2.53313527343053124E-002
  242.0000000000  2.47271619443267809E-002
  243.0000000000  2.42325965400702614E-002
  244.0000000000  2.38144348660753735E-002
  245.0000000000  2.34517714229092178E-002
  246.0000000000  2.31308840972985763E-002
  247.0000000000  2.28423766174969956E-002
  248.0000000000  2.25796322167219898E-002
  249.0000000000  2.23377981869532505E-002
  250.0000000000  2.21132640448793438E-002
  251.0000000000  2.19032914837598014E-002
  252.0000000000  2.17057251338985679E-002
  253.0000000000  2.15188880125900539E-002
  254.0000000000  2.13414064939208004E-002
  255.0000000000  2.11721903630852637E-002
  256.0000000000  2.10103283783489303E-002
  257.0000000000  2.08550615430951325E-002
  258.0000000000  2.07057511792925197E-002
  259.0000000000  2.05618396385283120E-002
  260.0000000000  2.04228905883745426E-002
  261.0000000000  2.02884726443599561E-002
  262.0000000000  2.01582507131412569E-002
  263.0000000000  2.00319179819601345E-002
  264.0000000000  1.99092039438433233E-002
  265.0000000000  1.97898687226967240E-002
  266.0000000000  1.96736984513066204E-002
  267.0000000000  1.95605014941548916E-002
  268.0000000000  1.94500908155070817E-002
  269.0000000000  1.93423382295989654E-002
  270.0000000000  1.92370885540569247E-002
  271.0000000000  1.91341981495192215E-002
  272.0000000000  1.90335762729141322E-002
  273.0000000000  1.89350876279803515E-002
  274.0000000000  1.88386583139781294E-002
  275.0000000000  1.87441702826127710E-002
  276.0000000000  1.86515636469550827E-002
  277.0000000000  1.85607333616850667E-002
  278.0000000000  1.84716316114155177E-002
  279.0000000000  1.83841629509835514E-002
  280.0000000000  1.82982770923629801E-002
  281.0000000000  1.82139252503787930E-002
  282.0000000000  1.81310259928473272E-002
  283.0000000000  1.80495523592831830E-002
  284.0000000000  1.79694265007341869E-002
  285.0000000000  1.78906158416829442E-002
  286.0000000000  1.78130756933185808E-002
  287.0000000000  1.77367758217137350E-002
  288.0000000000  1.76616507818323498E-002
  289.0000000000  1.75876760633215667E-002
  290.0000000000  1.75148156244766540E-002
  291.0000000000  1.74430471141882038E-002
  292.0000000000  1.73723128877476540E-002
  293.0000000000  1.73025950648835192E-002
  294.0000000000  1.72338640317271086E-002
  295.0000000000  1.71661041491617539E-002
  296.0000000000  1.70992619732963647E-002
  297.0000000000  1.70333255175449949E-002
  298.0000000000  1.69682700763580385E-002
  299.0000000000  1.69040719614095281E-002
  300.0000000000  1.68407084697612675E-002
  301.0000000000  1.67781699172877552E-002
  302.0000000000  1.67164102646850665E-002
  303.0000000000  1.66554225473056761E-002
  304.0000000000  1.65951874935785781E-002
  305.0000000000  1.65356865447812140E-002
  306.0000000000  1.64769018429637981E-002
  307.0000000000  1.64188161945872935E-002
  308.0000000000  1.63614249159209635E-002
  309.0000000000  1.63046874492067673E-002
  310.0000000000  1.62486011524975993E-002
  311.0000000000  1.61931511914374937E-002
  312.0000000000  1.61383232215790429E-002
  313.0000000000  1.60841033895167129E-002
  314.0000000000  1.60304783101032911E-002
  315.0000000000  1.59774350447818847E-002
  316.0000000000  1.59249610814100606E-002
  317.0000000000  1.58730558314701398E-002
  318.0000000000  1.58216838429368067E-002
  319.0000000000  1.57708460182170995E-002
  320.0000000000  1.57205313901478405E-002
  321.0000000000  1.56707293097646527E-002
  322.0000000000  1.56214294552583510E-002
  323.0000000000  1.55726218183573906E-002
  324.0000000000  1.55242966916233627E-002
  325.0000000000  1.54764446561053148E-002
  326.0000000000  1.54290565699710669E-002
  327.0000000000  1.53821235574547188E-002
  328.0000000000  1.53356485778388674E-002
  329.0000000000  1.52895994933572865E-002
  330.0000000000  1.52439803646444716E-002
  331.0000000000  1.51987833012157125E-002
  332.0000000000  1.51540006097334867E-002
  333.0000000000  1.51096248078026463E-002
  334.0000000000  1.50656486164280068E-002
  335.0000000000  1.50220649524612782E-002
  336.0000000000  1.49788669216590620E-002
  337.0000000000  1.49360478119398010E-002
  338.0000000000  1.48936010870386326E-002
  339.0000000000  1.48515203802439544E-002
  340.0000000000  1.48097994886597917E-002
  341.0000000000  1.47684323675427720E-002
  342.0000000000  1.47274131249517382E-002
  343.0000000000  1.46867360165927607E-002
  344.0000000000  1.46464064253528647E-002
  345.0000000000  1.46063964409819391E-002
  346.0000000000  1.45667122019261797E-002
  347.0000000000  1.45273485240124955E-002
  348.0000000000  1.44883003303846181E-002
  349.0000000000  1.44495626652485498E-002
  350.0000000000  1.44111306900782665E-002
  351.0000000000  1.43729996799848436E-002
  352.0000000000  1.43351650201211100E-002
  353.0000000000  1.42976222023349919E-002
  354.0000000000  1.42603668218796997E-002
  355.0000000000  1.42233945742376022E-002
  356.0000000000  1.41867012521643687E-002
  357.0000000000  1.41502827427402167E-002
  358.0000000000  1.41141350245845842E-002
  359.0000000000  1.40782541651134352E-002
  360.0000000000  1.40426363180452540E-002
  361.0000000000  1.40072777207436161E-002
  362.0000000000  1.39721746920002943E-002
  363.0000000000  1.39373236294986214E-002
  364.0000000000  1.39027210077458108E-002
  365.0000000000  1.38683633757779035E-002
  366.0000000000  1.38342579847261504E-002
  367.0000000000  1.38003798938655109E-002
  368.0000000000  1.37667368677725221E-002
  369.0000000000  1.37333257474807624E-002
  370.0000000000  1.37001434244652387E-002
  371.0000000000  1.36671868533397856E-002
  372.0000000000  1.36344530501020245E-002
  373.0000000000  1.36019390905914861E-002
  374.0000000000  1.35696421087487806E-002
  375.0000000000  1.35375592952726720E-002
  376.0000000000  1.35056878959787241E-002
  377.0000000000  1.34740252104563751E-002
  378.0000000000  1.34425685906620629E-002
  379.0000000000  1.34113154395265610E-002
  380.0000000000  1.33802632097186347E-002
  381.0000000000  1.33494094023589582E-002
  382.0000000000  1.33187515657766653E-002
  383.0000000000  1.32882872943724806E-002
  384.0000000000  1.32580142274250079E-002
  385.0000000000  1.32279300480178108E-002
  386.0000000000  1.31980324819167549E-002
  387.0000000000  1.31683192966178808E-002
  388.0000000000  1.31387883002318517E-002
  389.0000000000  1.31094373405034048E-002
  390.0000000000  1.30802643039729105E-002
  391.0000000000  1.30512671149745074E-002
  392.0000000000  1.30224437347052913E-002
  393.0000000000  1.29937921603726636E-002
  394.0000000000  1.29653104244482620E-002
  395.0000000000  1.29369965936874110E-002
  396.0000000000  1.29088487684612119E-002
  397.0000000000  1.28808650819038917E-002
  398.0000000000  1.28530436992093655E-002
  399.0000000000  1.28253828168922723E-002
  400.0000000000  1.27978906080272736E-002
  401.0000000000  1.27705451674700043E-002
  402.0000000000  1.27433549961111225E-002
  403.0000000000  1.27163184185050682E-002
  404.0000000000  1.26894337771830124E-002
  405.0000000000  1.26626994420462324E-002
  406.0000000000  1.26361138096555692E-002
  407.0000000000  1.26096753027908903E-002
  408.0000000000  1.25833823698116021E-002
  409.0000000000  1.25572334841095312E-002
  410.0000000000  1.25312271436186506E-002
  411.0000000000  1.25053618701684854E-002
  412.0000000000  1.24796362091288415E-002
  413.0000000000  1.24540487287916335E-002
  414.0000000000  1.24285980199871915E-002
  415.0000000000  1.24032826954874054E-002
  416.0000000000  1.23781013897001912E-002
  417.0000000000  1.23530527580726357E-002
  418.0000000000  1.23281354767925677E-002
  419.0000000000  1.23033482422059137E-002
  420.0000000000  1.22786897706177456E-002
  421.0000000000  1.22541587976598976E-002
  422.0000000000  1.22297540780351710E-002
  423.0000000000  1.22054743851123249E-002
  424.0000000000  1.21813185105494881E-002
  425.0000000000  1.21572852639175721E-002
  426.0000000000  1.21333734723165776E-002
  427.0000000000  1.21095819801197990E-002
  428.0000000000  1.20859096485332884E-002
  429.0000000000  1.20623553553187435E-002
  430.0000000000  1.20389179945021851E-002
  431.0000000000  1.20155964759476319E-002
  432.0000000000  1.19923897252363076E-002
  433.0000000000  1.19692966830982073E-002
  434.0000000000  1.19463163054120969E-002
  435.0000000000  1.19234475627507663E-002
  436.0000000000  1.19006894401110230E-002
  437.0000000000  1.18780409366578965E-002
  438.0000000000  1.18555010655327919E-002
  439.0000000000  1.18330688534342698E-002
  440.0000000000  1.18107433405469919E-002
  441.0000000000  1.17885235801935551E-002
  442.0000000000  1.17664086385360633E-002
  443.0000000000  1.17443975944837575E-002
  444.0000000000  1.17224895393519546E-002
  445.0000000000  1.17006835767057282E-002
  446.0000000000  1.16789788220543755E-002
  447.0000000000  1.16573744027093085E-002
  448.0000000000  1.16358694576135235E-002
  449.0000000000  1.16144631369365925E-002
  450.0000000000  1.15931546021244003E-002
  451.0000000000  1.15719430255225575E-002
  452.0000000000  1.15508275902911350E-002
  453.0000000000  1.15298074901488690E-002
  454.0000000000  1.15088819292026301E-002
  455.0000000000  1.14880501217839992E-002
  456.0000000000  1.14673112923000531E-002
  457.0000000000  1.14466646749278311E-002
  458.0000000000  1.14261095136569679E-002
  459.0000000000  1.14056536774285178E-002
  460.0000000000  1.13852790297528372E-002
  461.0000000000  1.13649936252500083E-002
  462.0000000000  1.13447967499524793E-002
  463.0000000000  1.13246876938006835E-002
  464.0000000000  1.13046657554889407E-002
  465.0000000000  1.12847302422878215E-002
  466.0000000000  1.12648804699588823E-002
  467.0000000000  1.12451157625841347E-002
  468.0000000000  1.12254354524310429E-002
  469.0000000000  1.12058388798672581E-002
  470.0000000000  1.11863253931190343E-002
  471.0000000000  1.11668943482428062E-002
  472.0000000000  1.11475451090043975E-002
  473.0000000000  1.11282770466374359E-002
  474.0000000000  1.11090895398859857E-002
  475.0000000000  1.10899819746990147E-002
  476.0000000000  1.10709537443227646E-002
  477.0000000000  1.10520042490378501E-002
  478.0000000000  1.10331328960882047E-002
  479.0000000000  1.10143390995531831E-002
  480.0000000000  1.09956222802836123E-002
  481.0000000000  1.09769818657952101E-002
  482.0000000000  1.09584172901122656E-002
  483.0000000000  1.09399279936823746E-002
  484.0000000000  1.09215134233409117E-002
  485.0000000000  1.09031730321262899E-002
  486.0000000000  1.08849062792515383E-002
  487.0000000000  1.08667126299479833E-002
  488.0000000000  1.08485915554510370E-002
  489.0000000000  1.08305425328225624E-002
  490.0000000000  1.08125650449437671E-002
  491.0000000000  1.07946585803730954E-002
  492.0000000000  1.07768226332680683E-002
  493.0000000000  1.07590567033639672E-002
  494.0000000000  1.07413602957748822E-002
  495.0000000000  1.07237329210079224E-002
  496.0000000000  1.07061740948637407E-002
  497.0000000000  1.06886833383370572E-002
  498.0000000000  1.06712601775740268E-002
  499.0000000000  1.06539041437514470E-002
  500.0000000000  1.06366147730625471E-002
  501.0000000000  1.06193916065890903E-002
  502.0000000000  1.06022341902161088E-002
  503.0000000000  1.05851420747242742E-002
  504.0000000000  1.05681148154275206E-002
  505.0000000000  1.05511519724146297E-002
  506.0000000000  1.05342531102934345E-002
  507.0000000000  1.05174177981481876E-002
  508.0000000000  1.05006456095679823E-002
  509.0000000000  1.04839361224620120E-002
  510.0000000000  1.04672889191093077E-002
  511.0000000000  1.04507035860095243E-002
  512.0000000000  1.04341797138971515E-002
  513.0000000000  1.04177168975922996E-002
  514.0000000000  1.04013147361001757E-002
  515.0000000000  1.03849728323126556E-002
  516.0000000000  1.03686907932214467E-002
  517.0000000000  1.03524682296836090E-002
  518.0000000000  1.03363047563860277E-002
  519.0000000000  1.03201999919306786E-002
  520.0000000000  1.03041535585859378E-002
  521.0000000000  1.02881650823718473E-002
  522.0000000000  1.02722341929748495E-002
  523.0000000000  1.02563605236696276E-002
  524.0000000000  1.02405437113120001E-002
  525.0000000000  1.02247833963033941E-002
  526.0000000000  1.02090792224274196E-002
  527.0000000000  1.01934308370204008E-002
  528.0000000000  1.01778378906800526E-002
  529.0000000000  1.01623000374218009E-002
  530.0000000000  1.01468169345011461E-002
  531.0000000000  1.01313882424776125E-002
  532.0000000000  1.01160136250868504E-002
  533.0000000000  1.01006927492122145E-002
  534.0000000000  1.00854252848918691E-002
  535.0000000000  1.00702109052193123E-002
  536.0000000000  1.00550492864002194E-002
  537.0000000000  1.00399401075748074E-002
  538.0000000000  1.00248830508817832E-002
  539.0000000000  1.00098778014370282E-002
  540.0000000000  9.99492404712043481E-003
  541.0000000000  9.98002147886012381E-003
  542.0000000000  9.96516979023454041E-003
  543.0000000000  9.95036867772114419E-003
  544.0000000000  9.93561784047614083E-003
  545.0000000000  9.92091698045527437E-003
  546.0000000000  9.90626580221487529E-003
  547.0000000000  9.89166401302554732E-003
  548.0000000000  9.87711132274426973E-003
  549.0000000000  9.86260744384281907E-003
  550.0000000000  9.84815209130118774E-003
  551.0000000000  9.83374498268574371E-003
  552.0000000000  9.81938583803554366E-003
  553.0000000000  9.80507437981970043E-003
  554.0000000000  9.79081033299422643E-003
  555.0000000000  9.77659342488834682E-003
  556.0000000000  9.76242338524002662E-003
  557.0000000000  9.74829994610360018E-003
  558.0000000000  9.73422284182134945E-003
  559.0000000000  9.72019180915850711E-003
  560.0000000000  9.70620658699061778E-003
  561.0000000000  9.69226691650959538E-003
  562.0000000000  9.67837254115977430E-003
  563.0000000000  9.66452320650290631E-003
  564.0000000000  9.65071866026079306E-003
  565.0000000000  9.63695865235791871E-003
  566.0000000000  9.62324293477934134E-003
  567.0000000000  9.60957126160622011E-003
  568.0000000000  9.59594338899449895E-003
  569.0000000000  9.58235907514648488E-003
  570.0000000000  9.56881808024689917E-003
  571.0000000000  9.55532016649840443E-003
  572.0000000000  9.54186509808607752E-003
  573.0000000000  9.52845264112767154E-003
  574.0000000000  9.51508256367361582E-003
  575.0000000000  9.50175463567148881E-003
  576.0000000000  9.48846862895891263E-003
  577.0000000000  9.47522431722802594E-003
  578.0000000000  9.46202147601837851E-003
  579.0000000000  9.44885988271693122E-003
  580.0000000000  9.43573931647989639E-003
  581.0000000000  9.42266594891805198E-003
  582.0000000000  9.40962670279077429E-003
  583.0000000000  9.39662783187600326E-003
  584.0000000000  9.38366912338040038E-003
  585.0000000000  9.37075036512879933E-003
  586.0000000000  9.35787134670817977E-003
  587.0000000000  9.34503185931845337E-003
  588.0000000000  9.33223169581509637E-003
  589.0000000000  9.31947065067362246E-003
  590.0000000000  9.30674852003932074E-003
  591.0000000000  9.29406510159935806E-003
  592.0000000000  9.28142019463962242E-003
  593.0000000000  9.26881360004472299E-003
  594.0000000000  9.25624512017009238E-003
  595.0000000000  9.24371455894146266E-003
  596.0000000000  9.23122172181933820E-003
  597.0000000000  9.21876641573504685E-003
  598.0000000000  9.20634844909073990E-003
  599.0000000000  9.19396763178781384E-003
  600.0000000000  9.18162377517006689E-003
  601.0000000000  9.16931669199527732E-003
  602.0000000000  9.15704619647783602E-003
  603.0000000000  9.14481210416084878E-003
  604.0000000000  9.13261423211508827E-003
  605.0000000000  9.12045239866898783E-003
  606.0000000000  9.10832642356496081E-003
  607.0000000000  9.09623612785281921E-003
  608.0000000000  9.08418133398924965E-003
  609.0000000000  9.07216186568859939E-003
  610.0000000000  9.06017754804366859E-003
  611.0000000000  9.04822820732675837E-003
  612.0000000000  9.03631367118862272E-003
  613.0000000000  9.02443376858030888E-003
  614.0000000000  9.01258832959683787E-003
  615.0000000000  9.00077718560510220E-003
  616.0000000000  8.98900016928649848E-003
  617.0000000000  8.97725711444508079E-003
  618.0000000000  8.96554785617809102E-003
  619.0000000000  8.95387223068411231E-003
  620.0000000000  8.94223007542649384E-003
  621.0000000000  8.93062122899124233E-003
