  2.0000  -1.0000000000000000      
  3.0000  -1.0000000000000000      
  4.0000  -1.0000000000000000      
  5.0000 -0.99999999999999978      
  6.0000 -0.99999999999999145      
  7.0000 -0.99999999999924172      
  8.0000 -0.99999999997786326      
  9.0000 -0.99999999969468134      
  10.000 -0.99999999750862545      
  11.000 -0.99999998612198215      
  12.000 -0.99999994194307218      
  13.000 -0.99999980514786346      
  14.000 -0.99999944998788559      
  15.000 -0.99999864828803842      
  16.000 -0.99999703165364351      
  17.000 -0.99999405862912916      
  18.000 -0.99998899197689128      
  19.000 -0.99998088910756666      
  20.000 -0.99996860633717954      
  21.000 -0.99995081568090927      
  22.000 -0.99992603160053906      
  23.000 -0.99989264452495719      
  24.000 -0.99984895793200645      
  25.000 -0.99979322613274102      
  26.000 -0.99972369045995557      
  27.000 -0.99963861219246120      
  28.000 -0.99953630114987801      
  29.000 -0.99941513941463445      
  30.000 -0.99927360005401655      
  31.000 -0.99911026102231415      
  32.000 -0.99892381463077162      
  33.000 -0.99871307309695490      
  34.000 -0.99847697074308717      
  35.000 -0.99821456342201953      
  36.000 -0.99792502572480402      
  37.000 -0.99760764647770761      
  38.000 -0.99726182297852106      
  39.000 -0.99688705435929248      
  40.000 -0.99648293440010571      
  41.000 -0.99604914405947764      
  42.000 -0.99558544393330539      
  43.000 -0.99509166680700267      
  44.000 -0.99456771042480052      
  45.000 -0.99401353056600283      
  46.000 -0.99342913448978243      
  47.000 -0.99281457478730917      
  48.000 -0.99216994366190825      
  49.000 -0.99149536764391599      
  50.000 -0.99079100273622911      
  51.000 -0.99005702997871103      
  52.000 -0.98929365141403713      
  53.000 -0.98850108643381751      
  54.000 -0.98767956848152672      
  55.000 -0.98682934208757689      
  56.000 -0.98595066021152478      
  57.000 -0.98504378186667496      
  58.000 -0.98410897000309594      
  59.000 -0.98314648962609108      
  60.000 -0.98215660612844713      
  61.000 -0.98113958381614275      
  62.000 -0.98009568460864571      
  63.000 -0.97902516689636143      
  64.000 -0.97792828453923097      
  65.000 -0.97680528599183147      
  66.000 -0.97565641354164412      
  67.000 -0.97448190264838108      
  68.000 -0.97328198137340416      
  69.000 -0.97205686988933826      
  70.000 -0.97080678006093701      
  71.000 -0.96953191508917969      
  72.000 -0.96823246921136386      
  73.000 -0.96690862745072326      
  74.000 -0.96556056540974677      
  75.000 -0.96418844910199764      
  76.000 -0.96279243481776589      
  77.000 -0.96137266901937424      
  78.000 -0.95992928826240598      
  79.000 -0.95846241913950636      
  80.000 -0.95697217824376679      
  81.000 -0.95545867214901148      
  82.000 -0.95392199740458383      
  83.000 -0.95236224054249041      
  84.000 -0.95077947809496144      
  85.000 -0.94917377662070879      
  86.000 -0.94754519273831872      
  87.000 -0.94589377316537671      
  88.000 -0.94421955476207109      
  89.000 -0.94252256457812233      
  90.000 -0.94080281990202086      
  91.000 -0.93906032831161990      
  92.000 -0.93729508772524439      
  93.000 -0.93550708645253311      
  94.000 -0.93369630324429809      
  95.000 -0.93186270734075050      
  96.000 -0.93000625851748353      
  97.000 -0.92812690712865642      
  98.000 -0.92622459414684355      
  99.000 -0.92429925119907175      
  100.00 -0.92235080059857011      
  101.00 -0.92037915537179615      
  102.00 -0.91838421928031799      
  103.00 -0.91636588683714604      
  104.00 -0.91432404331712114      
  105.00 -0.91225856476097822      
  106.00 -0.91016931797270550      
  107.00 -0.90805616050983207      
  108.00 -0.90591894066626444      
  109.00 -0.90375749744731393      
  110.00 -0.90157166053652316      
  111.00 -0.89936125025392388      
  112.00 -0.89712607750533180      
  113.00 -0.89486594372228390      
  114.00 -0.89258064079220245      
  115.00 -0.89026995097837103      
  116.00 -0.88793364682927101      
  117.00 -0.88557149107683286      
  118.00 -0.88318323652311259      
  119.00 -0.88076862591490079      
  120.00 -0.87832739180573527      
  121.00 -0.87585925640475748      
  122.00 -0.87336393141185376      
  123.00 -0.87084111783843487      
  124.00 -0.86829050581323985      
  125.00 -0.86571177437245406      
  126.00 -0.86310459123344008      
  127.00 -0.86046861255130014      
  128.00 -0.85780348265747541      
  129.00 -0.85510883377952285      
  130.00 -0.85238428574116454      
  131.00 -0.84962944564165599      
  132.00 -0.84684390751346950      
  133.00 -0.84402725195721917      
  134.00 -0.84117904575270663      
  135.00 -0.83829884144490663      
  136.00 -0.83538617690363814      
  137.00 -0.83244057485562095      
  138.00 -0.82946154238753211      
  139.00 -0.82644857041863351      
  140.00 -0.82340113314146524      
  141.00 -0.82031868742904290      
  142.00 -0.81720067220693904      
  143.00 -0.81404650778858123      
  144.00 -0.81085559517204664      
  145.00 -0.80762731529660203      
  146.00 -0.80436102825721556      
  147.00 -0.80105607247526756      
  148.00 -0.79771176382368836      
  149.00 -0.79432739470480951      
  150.00 -0.79090223307928009      
  151.00 -0.78743552144452078      
  152.00 -0.78392647576134500      
  153.00 -0.78037428432761224      
  154.00 -0.77677810659805790      
  155.00 -0.77313707194983738      
  156.00 -0.76945027839378866      
  157.00 -0.76571679123202030      
  158.00 -0.76193564166316552      
  159.00 -0.75810582533751780      
  160.00 -0.75422630086534714      
  161.00 -0.75029598828295696      
  162.00 -0.74631376748253153      
  163.00 -0.74227847661355617      
  164.00 -0.73818891046560497      
  165.00 -0.73404381884451486      
  166.00 -0.72984190495652523      
  167.00 -0.72558182381769054      
  168.00 -0.72126218070883108      
  169.00 -0.71688152969934937      
  170.00 -0.71243837226623508      
  171.00 -0.70793115603740875      
  172.00 -0.70335827369083415      
  173.00 -0.69871806204229336      
  174.00 -0.69400880135478549      
  175.00 -0.68922871490071980      
  176.00 -0.68437596880351048      
  177.00 -0.67944867217720439      
  178.00 -0.67444487757024796      
  179.00 -0.66936258170158769      
  180.00 -0.66419972645300718      
  181.00 -0.65895420005025529      
  182.00 -0.65362383832672888      
  183.00 -0.64820642591761801      
  184.00 -0.64269969718057574      
  185.00 -0.63710133658338219      
  186.00 -0.63140897824334463      
  187.00 -0.62562020425186904      
  188.00 -0.61973254137665323      
  189.00 -0.61374345570932465      
  190.00 -0.60765034482393110      
  191.00 -0.60145052703557333      
  192.00 -0.59514122740007880      
  193.00 -0.58871956017246285      
  194.00 -0.58218250753703360      
  195.00 -0.57552689452412498      
  196.00 -0.56874936012300636      
  197.00 -0.56184632467150597      
  198.00 -0.55481395363505148      
  199.00 -0.54764811786898271      
  200.00 -0.54034435038049333      
  201.00 -0.53289779946787030      
  202.00 -0.52530317791647985      
  203.00 -0.51755470767898226      
  204.00 -0.50964605915950689      
  205.00 -0.50157028387320479      
  206.00 -0.49331973883759461      
  207.00 -0.48488600057958164      
  208.00 -0.47625976606558584      
  209.00 -0.46743073716673322      
  210.00 -0.45838748437332566      
  211.00 -0.44911728430506959      
  212.00 -0.43960592401962517      
  213.00 -0.42983746298781966      
  214.00 -0.41979394068391523      
  215.00 -0.40945501360796666      
  216.00 -0.39879749963936773      
  217.00 -0.38779479902586544      
  218.00 -0.37641614846943106      
  219.00 -0.36462564532232977      
  220.00 -0.35238094840707701      
  221.00 -0.33963151306386186      
  222.00 -0.32631613657635361      
  223.00 -0.31235944917624470      
  224.00 -0.29766673033019808      
  225.00 -0.28211594054951661      
  226.00 -0.26554485579741938      
  227.00 -0.24772895602518430      
  228.00 -0.22834016933577717      
  229.00 -0.20686064238503166      
  230.00 -0.18236932663465089      
  231.00 -0.15283815307323589      
  232.00 -0.11047814868613948      
  233.00  0.16737253946205088      
  234.00  0.13974437139730744      
  235.00  0.11014171969911146      
  236.00  8.22380000626417029E-002 
  237.00  6.14771357757062376E-002 
  238.00  4.83948026057614555E-002 
  239.00  4.02186667265365116E-002 
  240.00  3.48157386155634185E-002 
  241.00  3.10289111651371741E-002 
  242.00  2.82424515988566327E-002 
  243.00  2.61115298322174283E-002 
  244.00  2.44312582160048919E-002 
  245.00  2.30732258626851205E-002 
  246.00  2.19532062116378768E-002 
  247.00  2.10137933461105320E-002 
  248.00  2.02145717341508657E-002 
  249.00  1.95262908593463180E-002 
  250.00  1.89272726269678060E-002 
  251.00  1.84011173486027246E-002 
  252.00  1.79351936877623075E-002 
  253.00  1.75196177211844883E-002 
  254.00  1.71465461913626882E-002 
  255.00  1.68096768529970575E-002 
  256.00  1.65038885476533892E-002 
  257.00  1.62249775123193274E-002 
  258.00  1.59694612199103858E-002 
  259.00  1.57344304206503693E-002 
  260.00  1.55174361309491360E-002 
  261.00  1.53164023071923339E-002 
  262.00  1.51295576563938994E-002 
  263.00  1.49553818535927974E-002 
  264.00  1.47925627575702379E-002 
  265.00  1.46399620649333428E-002 
  266.00  1.44965875529550203E-002 
  267.00  1.43615704574671099E-002 
  268.00  1.42341469265758747E-002 
  269.00  1.41136427143493393E-002 
  270.00  1.39994604734567929E-002 
  271.00  1.38910691448543844E-002 
  272.00  1.37879950621027092E-002 
  273.00  1.36898144350539042E-002 
  274.00  1.35961469911691779E-002 
  275.00  1.35066505604299891E-002 
  276.00  1.34210164477721605E-002 
  277.00  1.33389654619051612E-002 
  278.00  1.32602444950862264E-002 
  279.00  1.31846235663459765E-002 
  280.00  1.31118932570402080E-002 
  281.00  1.30418624790351600E-002 
  282.00  1.29743565266196015E-002 
  283.00  1.29092153705769874E-002 
  284.00  1.28462921605958513E-002 
  285.00  1.27854519066872285E-002 
  286.00  1.27265703148964349E-002 
  287.00  1.26695327574211092E-002 
  288.00  1.26142333586045652E-002 
  289.00  1.25605741825651762E-002 
  290.00  1.25084645090609570E-002 
  291.00  1.24578201868246197E-002 
  292.00  1.24085630549970460E-002 
  293.00  1.23606204244026685E-002 
  294.00  1.23139246111492184E-002 
  295.00  1.22684125174998826E-002 
  296.00  1.22240252533742932E-002 
  297.00  1.21807077947977405E-002 
  298.00  1.21384086748932418E-002 
  299.00  1.20970797038992828E-002 
  300.00  1.20566757147386738E-002 
  301.00  1.20171543323124297E-002 
  302.00  1.19784757631578032E-002 
  303.00  1.19406026035662194E-002 
  304.00  1.19034996649531877E-002 
  305.00  1.18671338136309146E-002 
  306.00  1.18314738246567686E-002 
  307.00  1.17964902476757061E-002 
  308.00  1.17621552839395349E-002 
  309.00  1.17284426730464020E-002 
  310.00  1.16953275894147168E-002 
  311.00  1.16627865462319846E-002 
  312.00  1.16307973075677751E-002 
  313.00  1.15993388067749947E-002 
  314.00  1.15683910715560501E-002 
  315.00  1.15379351543722919E-002 
  316.00  1.15079530682535847E-002 
  317.00  1.14784277271127166E-002 
  318.00  1.14493428907422867E-002 
  319.00  1.14206831135064135E-002 
  320.00  1.13924336966633177E-002 
  321.00  1.13645806442548292E-002 
  322.00  1.13371106219730677E-002 
  323.00  1.13100109187485032E-002 
  324.00  1.12832694110878151E-002 
  325.00  1.12568745297636497E-002 
  326.00  1.12308152287567964E-002 
  327.00  1.12050809562802556E-002 
  328.00  1.11796616273949212E-002 
  329.00  1.11545475989487386E-002 
  330.00  1.11297296456172035E-002 
  331.00  1.11051989376562688E-002 
  332.00  1.10809470201473914E-002 
  333.00  1.10569657932657606E-002 
  334.00  1.10332474940335601E-002 
  335.00  1.10097846790964127E-002 
  336.00  1.09865702083880024E-002 
  337.00  1.09635972299741979E-002 
  338.00  1.09408591657000898E-002 
  339.00  1.09183496976612560E-002 
  340.00  1.08960627555276801E-002 
  341.00  1.08739925045284735E-002 
  342.00  1.08521333341400350E-002 
  343.00  1.08304798474705422E-002 
  344.00  1.08090268511631393E-002 
  345.00  1.07877693458320323E-002 
  346.00  1.07667025171878095E-002 
  347.00  1.07458217274043477E-002 
  348.00  1.07251225072957368E-002 
  349.00  1.07046005484505713E-002 
  350.00  1.06842516962544209E-002 
  351.00  1.06640719428625630E-002 
  352.00  1.06440574209756278E-002 
  353.00  1.06242043974660305E-002 
  354.00  1.06045092677575781E-002 
  355.00  1.05849685501837598E-002 
  356.00  1.05655788808363127E-002 
  357.00  1.05463370085274732E-002 
  358.00  1.05272397901075010E-002 
  359.00  1.05082841858745724E-002 
  360.00  1.04894672555104762E-002 
  361.00  1.04707861537605140E-002 
  362.00  1.04522381267742048E-002 
  363.00  1.04338205083109870E-002 
  364.00  1.04155307162372424E-002 
  365.00  1.03973662492364838E-002 
  366.00  1.03793246835834907E-002 
  367.00  1.03614036701102918E-002 
  368.00  1.03436009313426780E-002 
  369.00  1.03259142587219799E-002 
  370.00  1.03083415099547437E-002 
  371.00  1.02908806064618830E-002 
  372.00  1.02735295310267816E-002 
  373.00  1.02562863255002412E-002 
  374.00  1.02391490886475367E-002 
  375.00  1.02221159738746792E-002 
  376.00  1.02051851873312671E-002 
  377.00  1.01883549861696565E-002 
  378.00  1.01716236763138568E-002 
  379.00  1.01549896110455506E-002 
  380.00  1.01384511891495777E-002 
  381.00  1.01220068533862673E-002 
  382.00  1.01056550888571905E-002 
  383.00  1.00893944215982856E-002 
  384.00  1.00732234171161394E-002 
  385.00  1.00571406790379569E-002 
  386.00  1.00411448478467946E-002 
  387.00  1.00252345995386349E-002 
  388.00  1.00094086445352559E-002 
  389.00  9.99366572648341389E-003 
  390.00  9.97800462106113173E-003 
  391.00  9.96242413501846613E-003 
  392.00  9.94692310511879896E-003 
  393.00  9.93150039719381539E-003 
  394.00  9.91615490519137666E-003 
  395.00  9.90088555017365479E-003 
  396.00  9.88569127957816818E-003 
  397.00  9.87057106621591629E-003 
  398.00  9.85552390772426179E-003 
  399.00  9.84054882551532728E-003 
  400.00  9.82564486420756111E-003 
  401.00  9.81081109080150782E-003 
  402.00  9.79604659406874134E-003 
  403.00  9.78135048378447891E-003 
  404.00  9.76672189021599024E-003 
  405.00  9.75215996338363311E-003 
  406.00  9.73766387258478971E-003 
  407.00  9.72323280560516423E-003 
  408.00  9.70886596844167116E-003 
  409.00  9.69456258459189257E-003 
  410.00  9.68032189455669823E-003 
  411.00  9.66614315534286561E-003 
  412.00  9.65202564006517605E-003 
  413.00  9.63796863736376963E-003 
  414.00  9.62397145104887386E-003 
  415.00  9.61003339961052916E-003 
  416.00  9.59615381582779037E-003 
  417.00  9.58233204636371738E-003 
  418.00  9.56856745134615494E-003 
  419.00  9.55485940404798839E-003 
  420.00  9.54120729049634519E-003 
  421.00  9.52761050905337470E-003 
  422.00  9.51406847027413960E-003 
  423.00  9.50058059630976004E-003 
  424.00  9.48714632076530506E-003 
  425.00  9.47376508836583753E-003 
  426.00  9.46043635461535359E-003 
  427.00  9.44715958557651447E-003 
  428.00  9.43393425753669135E-003 
  429.00  9.42075985670953742E-003 
  430.00  9.40763587911419563E-003 
  431.00  9.39456183012765678E-003 
  432.00  9.38153722435686177E-003 
  433.00  9.36856158546106599E-003 
  434.00  9.35563444572551361E-003 
  435.00  9.34275534604722679E-003 
  436.00  9.32992383557973426E-003 
  437.00  9.31713947163359535E-003 
  438.00  9.30440181932823407E-003 
  439.00  9.29171045152088482E-003 
  440.00  9.27906494857921871E-003 
  441.00  9.26646489821791874E-003 
  442.00  9.25390989525709529E-003 
  443.00  9.24139954142333409E-003 
  444.00  9.22893344541364513E-003 
  445.00  9.21651122240518816E-003 
  446.00  9.20413249409790524E-003 
  447.00  9.19179688852267418E-003 
  448.00  9.17950403985656749E-003 
  449.00  9.16725358838021975E-003 
  450.00  9.15504518013676716E-003 
  451.00  9.14287846704553431E-003 
  452.00  9.13075310652544658E-003 
  453.00  9.11866876156608441E-003 
  454.00  9.10662510047188789E-003 
  455.00  9.09462179679110250E-003 
  456.00  9.08265852917367056E-003 
  457.00  9.07073498132149325E-003 
  458.00  9.05885084178947864E-003 
  459.00  9.04700580390027653E-003 
  460.00  9.03519956565901339E-003 
  461.00  9.02343182969644886E-003 
  462.00  9.01170230305581299E-003 
  463.00  9.00001069712885737E-003 
  464.00  8.98835672762032800E-003 
  465.00  8.97674011448401643E-003 
  466.00  8.96516058161722640E-003 
  467.00  8.95361785710946378E-003 
  468.00  8.94211167276637298E-003 
  469.00  8.93064176443658653E-003 
  470.00  8.91920787157118866E-003 
  471.00  8.90780973738714010E-003 
  472.00  8.89644710864700983E-003 
  473.00  8.88511973569450220E-003 
  474.00  8.87382737228392671E-003 
  475.00  8.86256977559440884E-003 
  476.00  8.85134670606646523E-003 
  477.00  8.84015792743753082E-003 
  478.00  8.82900320659274485E-003 
  479.00  8.81788231357205632E-003 
  480.00  8.80679502144232629E-003 
  481.00  8.79574110626890615E-003 
  482.00  8.78472034703037252E-003 
  483.00  8.77373252564694894E-003 
  484.00  8.76277742673181592E-003 
  485.00  8.75185483786822260E-003 
  486.00  8.74096454918316113E-003 
  487.00  8.73010635349658060E-003 
  488.00  8.71928004627164910E-003 
  489.00  8.70848542552948857E-003 
  490.00  8.69772229175680422E-003 
  491.00  8.68699044797693887E-003 
  492.00  8.67628969955802631E-003 
  493.00  8.66561985426272940E-003 
  494.00  8.65498072223402914E-003 
  495.00  8.64437211581048359E-003 
  496.00  8.63379384959017671E-003 
  497.00  8.62324574048756176E-003 
  498.00  8.61272760739240084E-003 
  499.00  8.60223927148950906E-003 
  500.00  8.59178055593190493E-003 
  501.00  8.58135128597581343E-003 
  502.00  8.57095128883855750E-003 
  503.00  8.56058039380513947E-003 
  504.00  8.55023843197244560E-003 
  505.00  8.53992523644109269E-003 
  506.00  8.52964064217331952E-003 
  507.00  8.51938448587219455E-003 
  508.00  8.50915660620898961E-003 
  509.00  8.49895684348922487E-003 
  510.00  8.48878503983740984E-003 
  511.00  8.47864103908335665E-003 
  512.00  8.46852468674796910E-003 
  513.00  8.45843582997929389E-003 
  514.00  8.44837431759515312E-003 
  515.00  8.43833999996945749E-003 
  516.00  8.42833272911036602E-003 
  517.00  8.41835235855370456E-003 
  518.00  8.40839874333454418E-003 
  519.00  8.39847174000851737E-003 
  520.00  8.38857120662339639E-003 
  521.00  8.37869700264093353E-003 
  522.00  8.36884898900080998E-003 
  523.00  8.35902702799984354E-003 
  524.00  8.34923098334883207E-003 
  525.00  8.33946072008728834E-003 
  526.00  8.32971610464028345E-003 
  527.00  8.31999700471897086E-003 
  528.00  8.31030328931348095E-003 
  529.00  8.30063482875686987E-003 
  530.00  8.29099149456880014E-003 
  531.00  8.28137315956922748E-003 
  532.00  8.27177969772918686E-003 
  533.00  8.26221098427737388E-003 
  534.00  8.25266689562909050E-003 
  535.00  8.24314730931519080E-003 
  536.00  8.23365210401050263E-003 
  537.00  8.22418115960488194E-003 
  538.00  8.21473435699715537E-003 
  539.00  8.20531157827986135E-003 
  540.00  8.19591270654740356E-003 
  541.00  8.18653762595289436E-003 
  542.00  8.17718622177920906E-003 
  543.00  8.16785838029687739E-003 
  544.00  8.15855398876408344E-003 
  545.00  8.14927293549772003E-003 
  546.00  8.14001510977391263E-003 
  547.00  8.13078040184933570E-003 
  548.00  8.12156870295410727E-003 
  549.00  8.11237990522073460E-003 
  550.00  8.10321390179069567E-003 
  551.00  8.09407058668654145E-003 
  552.00  8.08494985483321216E-003 
  553.00  8.07585160203672103E-003 
  554.00  8.06677572506231400E-003 
  555.00  8.05772212143551769E-003 
  556.00  8.04869068967661860E-003 
  557.00  8.03968132900223509E-003 
  558.00  8.03069393960242905E-003 
  559.00  8.02172842239201600E-003 
  560.00  8.01278467915977899E-003 
  561.00  8.00386261251873066E-003 
  562.00  7.99496212577821552E-003 
  563.00  7.98608312313575652E-003 
  564.00  7.97722550947810305E-003 
  565.00  7.96838919052333949E-003 
  566.00  7.95957407270719841E-003 
  567.00  7.95078006316884967E-003 
  568.00  7.94200706986458727E-003 
  569.00  7.93325500143993168E-003 
  570.00  7.92452376723673524E-003 
  571.00  7.91581327730739304E-003 
  572.00  7.90712344239352660E-003 
  573.00  7.89845417395440563E-003 
  574.00  7.88980538412431542E-003 
  575.00  7.88117698566281888E-003 
  576.00  7.87256889205423249E-003 
  577.00  7.86398101741525579E-003 
  578.00  7.85541327646654963E-003 
  579.00  7.84686558464642303E-003 
  580.00  7.83833785793319748E-003 
  581.00  7.82983001299442094E-003 
  582.00  7.82134196711581353E-003 
  583.00  7.81287363811600244E-003 
  584.00  7.80442494452415758E-003 
  585.00  7.79599580537393422E-003 
  586.00  7.78758614031715979E-003 
  587.00  7.77919586960251763E-003 
  588.00  7.77082491400449271E-003 
  589.00  7.76247319495126931E-003 
  590.00  7.75414063429735734E-003 
  591.00  7.74582715460780946E-003 
  592.00  7.73753267883847684E-003 
  593.00  7.72925713061312081E-003 
  594.00  7.72100043401735547E-003 
  595.00  7.71276251370522914E-003 
  596.00  7.70454329477843203E-003 
  597.00  7.69634270294972112E-003 
  598.00  7.68816066445765500E-003 
  599.00  7.67999710588185280E-003 
  600.00  7.67185195449116009E-003 
  601.00  7.66372513793101007E-003 
  602.00  7.65561658439395387E-003 
  603.00  7.64752622249886826E-003 
  604.00  7.63945398142595877E-003 
  605.00  7.63139979073912400E-003 
  606.00  7.62336358050674789E-003 
