  2.000000000000  -1.0000000000000000     
  3.000000000000  -1.0000000000000000     
  4.000000000000  -1.0000000000000000     
  5.000000000000  -1.0000000000000000     
  6.000000000000 -0.99999999999999978     
  7.000000000000 -0.99999999999997513     
  8.000000000000 -0.99999999999889089     
  9.000000000000 -0.99999999997866484     
  10.00000000000 -0.99999999977279741     
  11.00000000000 -0.99999999842613563     
  12.00000000000 -0.99999999210302426     
  13.00000000000 -0.99999996908082278     
  14.00000000000 -0.99999990037569453     
  15.00000000000 -0.99999972533049541     
  16.00000000000 -0.99999933278461073     
  17.00000000000 -0.99999853968884589     
  18.00000000000 -0.99999706976337799     
  19.00000000000 -0.99999453485950052     
  20.00000000000 -0.99999042118546622     
  21.00000000000 -0.99998408173817022     
  22.00000000000 -0.99997473539633008     
  23.00000000000 -0.99996147235963462     
  24.00000000000 -0.99994326505744824     
  25.00000000000 -0.99991898332227880     
  26.00000000000 -0.99988741250199953     
  27.00000000000 -0.99984727322235778     
  28.00000000000 -0.99979724165410000     
  29.00000000000 -0.99973596933915254     
  30.00000000000 -0.99966210185017079     
  31.00000000000 -0.99957429577119972     
  32.00000000000 -0.99947123367806245     
  33.00000000000 -0.99935163695735230     
  34.00000000000 -0.99921427643011851     
  35.00000000000 -0.99905798084190578     
  36.00000000000 -0.99888164334818685     
  37.00000000000 -0.99868422616771801     
  38.00000000000 -0.99846476360100900     
  39.00000000000 -0.99822236362081040     
  40.00000000000 -0.99795620824037345     
  41.00000000000 -0.99766555285665781     
  42.00000000000 -0.99734972475195049     
  43.00000000000 -0.99700812092077984     
  44.00000000000 -0.99664020537098419     
  45.00000000000 -0.99624550602955408     
  46.00000000000 -0.99582361136606257     
  47.00000000000 -0.99537416682977786     
  48.00000000000 -0.99489687118111014     
  49.00000000000 -0.99439147278412876     
  50.00000000000 -0.99385776591450536     
  51.00000000000 -0.99329558712636157     
  52.00000000000 -0.99270481171212221     
  53.00000000000 -0.99208535028137435     
  54.00000000000 -0.99143714547793882     
  55.00000000000 -0.99076016884859275     
  56.00000000000 -0.99005441787215798     
  57.00000000000 -0.98931991313307888     
  58.00000000000 -0.98855669575962035     
  59.00000000000 -0.98776482484209538     
  60.00000000000 -0.98694437519116751     
  61.00000000000 -0.98609543517024600     
  62.00000000000 -0.98521810469713045     
  63.00000000000 -0.98431249339237825     
  64.00000000000 -0.98337871886744832     
  65.00000000000 -0.98241690514536784     
  66.00000000000 -0.98142718120646388     
  67.00000000000 -0.98040967965169534     
  68.00000000000 -0.97936453547617341     
  69.00000000000 -0.97829188494563302     
  70.00000000000 -0.97719186456883467     
  71.00000000000 -0.97606461015913948     
  72.00000000000 -0.97491025597881253     
  73.00000000000 -0.97372893395991367     
  74.00000000000 -0.97252077299598505     
  75.00000000000 -0.97128589829906498     
  76.00000000000 -0.97002443081690282     
  77.00000000000 -0.96873648670557144     
  78.00000000000 -0.96742217685299425     
  79.00000000000 -0.96608160644920249     
  80.00000000000 -0.96471487459944893     
  81.00000000000 -0.96332207397654890     
  82.00000000000 -0.96190329050911705     
  83.00000000000 -0.96045860310257147     
  84.00000000000 -0.95898808339004804     
  85.00000000000 -0.95749179551053554     
  86.00000000000 -0.95596979589658093     
  87.00000000000 -0.95442213315599989     
  88.00000000000 -0.95284884783889334     
  89.00000000000 -0.95124997235074604     
  90.00000000000 -0.94962553082155643     
  91.00000000000 -0.94797553900128972     
  92.00000000000 -0.94630000416858240     
  93.00000000000 -0.94459892505121079     
  94.00000000000 -0.94287229175695797     
  95.00000000000 -0.94112008571356010     
  96.00000000000 -0.93934227961653760     
  97.00000000000 -0.93753883738375787     
  98.00000000000 -0.93570971411565629     
  99.00000000000 -0.93385485606009078     
  100.0000000000 -0.93197420058087310     
  101.0000000000 -0.93006767612905183     
  102.0000000000 -0.92813520221607693     
  103.0000000000 -0.92617668938800590     
  104.0000000000 -0.92419203919995463     
  105.0000000000 -0.92218114419001529     
  106.0000000000 -0.92014388785190560     
  107.0000000000 -0.91808014460562082     
  108.0000000000 -0.91598977985534891     
  109.0000000000 -0.91387264960112424     
  110.0000000000 -0.91172860091796681     
  111.0000000000 -0.90955747157318090     
  112.0000000000 -0.90735909005973614     
  113.0000000000 -0.90513327554081102     
  114.0000000000 -0.90287983778774783     
  115.0000000000 -0.90059857711079216     
  116.0000000000 -0.89828928428199650     
  117.0000000000 -0.89595174044967418     
  118.0000000000 -0.89358571704377565     
  119.0000000000 -0.89119097567156813     
  120.0000000000 -0.88876726800298567     
  121.0000000000 -0.88631433564500894     
  122.0000000000 -0.88383191000443839     
  123.0000000000 -0.88131971213838955     
  124.0000000000 -0.87877745259184636     
  125.0000000000 -0.87620483122158466     
  126.0000000000 -0.87360153700576415     
  127.0000000000 -0.87096724783846180     
  128.0000000000 -0.86830163030840879     
  129.0000000000 -0.86560433946116289     
  130.0000000000 -0.86287501854393001     
  131.0000000000 -0.86011329873221887     
  132.0000000000 -0.85731879883748885     
  133.0000000000 -0.85449112441770225     
  134.0000000000 -0.85162986948326203     
  135.0000000000 -0.84873461340516232     
  136.0000000000 -0.84580492218235492     
  137.0000000000 -0.84284034766651705     
  138.0000000000 -0.83984042713538576     
  139.0000000000 -0.83680468284020981     
  140.0000000000 -0.83373262076483634     
  141.0000000000 -0.83062373285025637     
  142.0000000000 -0.82747749272947790     
  143.0000000000 -0.82429335743837007     
  144.0000000000 -0.82107076628953879     
  145.0000000000 -0.81780914023932072     
  146.0000000000 -0.81450788020892495     
  147.0000000000 -0.81116637004474490     
  148.0000000000 -0.80778397073696606     
  149.0000000000 -0.80436002275054153     
  150.0000000000 -0.80089384448457390     
  151.0000000000 -0.79738473021507583     
  152.0000000000 -0.79383195355377356     
  153.0000000000 -0.79023476049644592     
  154.0000000000 -0.78659237215715350     
  155.0000000000 -0.78290398165013153     
  156.0000000000 -0.77916875746490610     
  157.0000000000 -0.77538583622623780     
  158.0000000000 -0.77155432533000390     
  159.0000000000 -0.76767329942627138     
  160.0000000000 -0.76374180440087591     
  161.0000000000 -0.75975884891323164     
  162.0000000000 -0.75572340753884371     
  163.0000000000 -0.75163441649997043     
  164.0000000000 -0.74749077918938189     
  165.0000000000 -0.74329135529849433     
  166.0000000000 -0.73903496330334673     
  167.0000000000 -0.73472038492708669     
  168.0000000000 -0.73034635379148227     
  169.0000000000 -0.72591155793003626     
  170.0000000000 -0.72141464522511245     
  171.0000000000 -0.71685421078156364     
  172.0000000000 -0.71222879991807420     
  173.0000000000 -0.70753691532790297     
  174.0000000000 -0.70277699968114282     
  175.0000000000 -0.69794745230526378     
  176.0000000000 -0.69304661361932551     
  177.0000000000 -0.68807276876282275     
  178.0000000000 -0.68302415732901844     
  179.0000000000 -0.67789895244174359     
  180.0000000000 -0.67269528289260649     
  181.0000000000 -0.66741120985792901     
  182.0000000000 -0.66204474927648738     
  183.0000000000 -0.65659385147580318     
  184.0000000000 -0.65105640620323513     
  185.0000000000 -0.64543025651770292     
  186.0000000000 -0.63971316766810016     
  187.0000000000 -0.63390285823212467     
  188.0000000000 -0.62799696255349868     
  189.0000000000 -0.62199306131100718     
  190.0000000000 -0.61588863985540887     
  191.0000000000 -0.60968111711183626     
  192.0000000000 -0.60336780425722969     
  193.0000000000 -0.59694590343526299     
  194.0000000000 -0.59041251484400881     
  195.0000000000 -0.58376457658584602     
  196.0000000000 -0.57699889267962057     
  197.0000000000 -0.57011206830997030     
  198.0000000000 -0.56310049819190333     
  199.0000000000 -0.55596036094273271     
  200.0000000000 -0.54868754304416867     
  201.0000000000 -0.54127762886690689     
  202.0000000000 -0.53372584292692049     
  203.0000000000 -0.52602704441345716     
  204.0000000000 -0.51817562082678026     
  205.0000000000 -0.51016546966030207     
  206.0000000000 -0.50198992897963945     
  207.0000000000 -0.49364169260605761     
  208.0000000000 -0.48511279795712436     
  209.0000000000 -0.47639444768746186     
  210.0000000000 -0.46747694521497801     
  211.0000000000 -0.45834965136598865     
  212.0000000000 -0.44900072895512733     
  213.0000000000 -0.43941701941209582     
  214.0000000000 -0.42958394008564155     
  215.0000000000 -0.41948520443021842     
  216.0000000000 -0.40910240362561440     
  217.0000000000 -0.39841492581814575     
  218.0000000000 -0.38739930055067240     
  219.0000000000 -0.37602892727316006     
  220.0000000000 -0.36427322817566243     
  221.0000000000 -0.35209689425300872     
  222.0000000000 -0.33945874454723057     
  223.0000000000 -0.32631057285354448     
  224.0000000000 -0.31259502748672263     
  225.0000000000 -0.29824340707520602     
  226.0000000000 -0.28317235180043498     
  227.0000000000 -0.26727896531958839     
  228.0000000000 -0.25043493428220254     
  229.0000000000 -0.23247712264828002     
  230.0000000000 -0.21319577591745942     
  231.0000000000 -0.19231811585555514     
  232.0000000000 -0.16949496470732672     
  233.0000000000 -0.14431606078319348     
  234.0000000000 -0.11649224372884337     
  235.0000000000 -8.67053474939512014E-002
  236.0000000000 -5.86549467458796769E-002
  237.0000000000 -3.78083566933682391E-002
  238.0000000000 -2.46910306950951508E-002
  239.0000000000 -1.65085049749329471E-002
  240.0000000000 -1.11143934597635052E-002
  241.0000000000 -7.34464444204974143E-003
  242.0000000000 -4.58029606924981181E-003
  243.0000000000 -2.47457522473837344E-003
  244.0000000000 -8.21772158474232128E-004
  245.0000000000  5.07348036080657039E-004
  246.0000000000  1.59739646426260151E-003
  247.0000000000  2.50609637819820819E-003
  248.0000000000  3.27391306467461618E-003
  249.0000000000  3.93034299705163903E-003
  250.0000000000  4.49718269709364904E-003
  251.0000000000  4.99083467239813672E-003
  252.0000000000  5.42408522247228575E-003
  253.0000000000  5.80678501829368088E-003
  254.0000000000  6.14690558114716623E-003
  255.0000000000  6.45069700689759884E-003
  256.0000000000  6.72331076243892767E-003
  257.0000000000  6.96897391289041934E-003
  258.0000000000  7.19118683119290836E-003
  259.0000000000  7.39295499625569619E-003
  260.0000000000  7.57658213623813026E-003
  261.0000000000  7.74431504029848838E-003
  262.0000000000  7.89785387257069260E-003
  263.0000000000  8.03872829433061042E-003
  264.0000000000  8.16825831936540681E-003
  265.0000000000  8.28758882452262924E-003
  266.0000000000  8.39771753513929298E-003
  267.0000000000  8.49951779555624398E-003
  268.0000000000  8.59383225559184893E-003
  269.0000000000  8.68119417487633882E-003
  270.0000000000  8.76227397019846421E-003
  271.0000000000  8.83767876336349900E-003
  272.0000000000  8.90774496050283915E-003
  273.0000000000  8.97303414568995095E-003
  274.0000000000  9.03379786901581383E-003
  275.0000000000  9.09050898582819400E-003
  276.0000000000  9.14335097669294328E-003
  277.0000000000  9.19273152533861548E-003
  278.0000000000  9.23877758523872217E-003
  279.0000000000  9.28185003299830669E-003
  280.0000000000  9.32209069181055838E-003
  281.0000000000  9.35963693329711077E-003
  282.0000000000  9.39478340509225518E-003
  283.0000000000  9.42756639216923986E-003
  284.0000000000  9.45826479986777713E-003
  285.0000000000  9.48694495262003556E-003
  286.0000000000  9.51373224304319365E-003
  287.0000000000  9.53868700575100092E-003
  288.0000000000  9.56203307875114206E-003
  289.0000000000  9.58380702279981733E-003
  290.0000000000  9.60410028362446155E-003
  291.0000000000  9.62294432353161255E-003
  292.0000000000  9.64053036193490698E-003
  293.0000000000  9.65687222402067391E-003
  294.0000000000  9.67203806458627469E-003
  295.0000000000  9.68603627931940991E-003
  296.0000000000  9.69904187876124979E-003
  297.0000000000  9.71104944815692761E-003
  298.0000000000  9.72211073686679583E-003
  299.0000000000  9.73227429831524660E-003
  300.0000000000  9.74158561762550335E-003
  301.0000000000  9.75003657189432715E-003
  302.0000000000  9.75777307048275588E-003
  303.0000000000  9.76477733084379906E-003
  304.0000000000  9.77108464257270271E-003
  305.0000000000  9.77672832313203344E-003
  306.0000000000  9.78173975259011286E-003
  307.0000000000  9.78614851024417476E-003
  308.0000000000  9.78993484048373830E-003
  309.0000000000  9.79322403252780305E-003
  310.0000000000  9.79598948512006018E-003
  311.0000000000  9.79825465249462013E-003
  312.0000000000  9.80004182216731579E-003
  313.0000000000  9.80137209439391199E-003
  314.0000000000  9.80226545881635047E-003
  315.0000000000  9.80274086504806519E-003
  316.0000000000  9.80281628816470629E-003
  317.0000000000  9.80246524248684636E-003
  318.0000000000  9.80179394554880901E-003
  319.0000000000  9.80077119726985302E-003
  320.0000000000  9.79941156674613012E-003
  321.0000000000  9.79772899722064494E-003
  322.0000000000  9.79573676039535712E-003
  323.0000000000  9.79344749516286583E-003
  324.0000000000  9.79087324407856840E-003
  325.0000000000  9.78802548722512711E-003
  326.0000000000  9.78491517383162090E-003
  327.0000000000  9.78155275181080697E-003
  328.0000000000  9.77790747490558942E-003
  329.0000000000  9.77407268249663730E-003
  330.0000000000  9.77001430819512962E-003
  331.0000000000  9.76574098626059595E-003
  332.0000000000  9.76126104826846586E-003
  333.0000000000  9.75658246519373051E-003
  334.0000000000  9.75171286620479805E-003
  335.0000000000  9.74665955614284485E-003
  336.0000000000  9.74142953199930162E-003
  337.0000000000  9.73602949861174238E-003
  338.0000000000  9.73046588301684778E-003
  339.0000000000  9.72474484851204579E-003
  340.0000000000  9.71887230735291041E-003
  341.0000000000  9.71285393305265643E-003
  342.0000000000  9.70669517183608832E-003
  343.0000000000  9.70040125364590722E-003
  344.0000000000  9.69394239486121023E-003
  345.0000000000  9.68739476243030140E-003
  346.0000000000  9.68072642523054583E-003
  347.0000000000  9.67394179311042990E-003
  348.0000000000  9.66704516186212004E-003
  349.0000000000  9.66004066429348995E-003
  350.0000000000  9.65293227751828908E-003
  351.0000000000  9.64572382975603659E-003
  352.0000000000  9.63841900716033706E-003
  353.0000000000  9.63102135986559915E-003
  354.0000000000  9.62353430808349231E-003
  355.0000000000  9.61596114756702036E-003
  356.0000000000  9.60830505506038435E-003
  357.0000000000  9.60056909332962505E-003
  358.0000000000  9.59275621593036476E-003
  359.0000000000  9.58486927196133820E-003
  360.0000000000  9.57691101018554036E-003
  361.0000000000  9.56888408333611551E-003
  362.0000000000  9.56079105197460422E-003
  363.0000000000  9.55263438827813616E-003
  364.0000000000  9.54441647962767092E-003
  365.0000000000  9.53613963198307601E-003
  366.0000000000  9.52777678147498364E-003
  367.0000000000  9.51938987402201064E-003
  368.0000000000  9.51095047255989812E-003
  369.0000000000  9.50246055143111334E-003
  370.0000000000  9.49392205777854770E-003
  371.0000000000  9.48533687439834239E-003
  372.0000000000  9.47670682260337571E-003
  373.0000000000  9.46803366413462300E-003
  374.0000000000  9.45931910368358331E-003
  375.0000000000  9.45056479089600998E-003
  376.0000000000  9.44177232246090625E-003
  377.0000000000  9.43294324407162321E-003
  378.0000000000  9.42407905233011434E-003
  379.0000000000  9.41518119650197605E-003
  380.0000000000  9.40625108024306655E-003
  381.0000000000  9.39729006320533244E-003
  382.0000000000  9.38829946274211125E-003
  383.0000000000  9.37928055524395177E-003
  384.0000000000  9.37023457769470269E-003
  385.0000000000  9.36116272912812519E-003
  386.0000000000  9.35206617172212873E-003
  387.0000000000  9.34294603234775423E-003
  388.0000000000  9.33380340360656646E-003
  389.0000000000  9.32463934504568215E-003
  390.0000000000  9.31545488437990343E-003
  391.0000000000  9.30625101845095060E-003
  392.0000000000  9.29702871437854128E-003
  393.0000000000  9.28778891045567434E-003
  394.0000000000  9.27853251711496796E-003
  395.0000000000  9.26926041804421175E-003
  396.0000000000  9.25997347074769550E-003
  397.0000000000  9.25067250778965899E-003
  398.0000000000  9.24135833717798505E-003
  399.0000000000  9.23203174356501677E-003
  400.0000000000  9.22267123916498122E-003
  401.0000000000  9.21332281136244546E-003
  402.0000000000  9.20396417480873197E-003
  403.0000000000  9.19459600650185394E-003
  404.0000000000  9.18521898521618141E-003
  405.0000000000  9.17583377025010805E-003
  406.0000000000  9.16644100217212099E-003
  407.0000000000  9.15704130324002108E-003
  408.0000000000  9.14763527811146560E-003
  409.0000000000  9.13822351439108616E-003
  410.0000000000  9.12880658299997094E-003
  411.0000000000  9.11938503882936402E-003
  412.0000000000  9.10995942118120183E-003
  413.0000000000  9.10053025422996598E-003
  414.0000000000  9.09109804755559026E-003
  415.0000000000  9.08166329639925607E-003
  416.0000000000  9.07222648233130258E-003
  417.0000000000  9.06278807345728410E-003
  418.0000000000  9.05334852492245545E-003
  419.0000000000  9.04390827928125418E-003
  420.0000000000  9.03446776680283392E-003
  421.0000000000  9.02502740596133890E-003
  422.0000000000  9.01558760362064504E-003
  423.0000000000  9.00614875546779103E-003
  424.0000000000  8.99671124633982799E-003
  425.0000000000  8.98727545046540399E-003
  426.0000000000  8.97784173181292999E-003
  427.0000000000  8.96841044444585123E-003
  428.0000000000  8.95898193265054488E-003
  429.0000000000  8.94955653138396201E-003
  430.0000000000  8.94013456634468184E-003
  431.0000000000  8.93071635445608081E-003
  432.0000000000  8.92130220390896511E-003
  433.0000000000  8.91189241450263125E-003
  434.0000000000  8.90248727787934513E-003
  435.0000000000  8.89308707774461027E-003
  436.0000000000  8.88369209004480354E-003
  437.0000000000  8.87430258317323251E-003
  438.0000000000  8.86491881829698514E-003
  439.0000000000  8.85554104940666775E-003
  440.0000000000  8.84616952353667330E-003
  441.0000000000  8.83680448107782013E-003
  442.0000000000  8.82744615574893032E-003
  443.0000000000  8.81809477498762817E-003
  444.0000000000  8.80875055992902389E-003
  445.0000000000  8.79941372573966873E-003
  446.0000000000  8.79008448168860923E-003
  447.0000000000  8.78076303121844148E-003
  448.0000000000  8.77144957227216082E-003
  449.0000000000  8.76214429735000522E-003
  450.0000000000  8.75284739366577469E-003
  451.0000000000  8.74355904318946386E-003
  452.0000000000  8.73427942300963878E-003
  453.0000000000  8.72500870517001204E-003
  454.0000000000  8.71574705708155761E-003
  455.0000000000  8.70649464138750773E-003
  456.0000000000  8.69725161629730792E-003
  457.0000000000  8.68801813555108993E-003
  458.0000000000  8.67879434863283450E-003
  459.0000000000  8.66956696082610279E-003
  460.0000000000  8.66036335693820547E-003
  461.0000000000  8.65116986739167260E-003
  462.0000000000  8.64198661869863827E-003
  463.0000000000  8.63281374064683860E-003
  464.0000000000  8.62365135942155803E-003
  465.0000000000  8.61449959745641536E-003
  466.0000000000  8.60535857376021340E-003
  467.0000000000  8.59622840390983356E-003
  468.0000000000  8.58710920011418466E-003
  469.0000000000  8.57800107132078438E-003
  470.0000000000  8.56890412329391893E-003
  471.0000000000  8.55981845870701363E-003
  472.0000000000  8.55074417714263291E-003
  473.0000000000  8.54168137536959193E-003
  474.0000000000  8.53263014708716128E-003
  475.0000000000  8.52359058333718167E-003
  476.0000000000  8.51456277233353376E-003
  477.0000000000  8.50554679962556293E-003
  478.0000000000  8.49654274814781729E-003
  479.0000000000  8.48755069830531284E-003
  480.0000000000  8.47857072798774425E-003
  481.0000000000  8.46960291266896093E-003
  482.0000000000  8.46064732542117781E-003
  483.0000000000  8.45170403702866224E-003
  484.0000000000  8.44277311600194480E-003
  485.0000000000  8.43385462867729530E-003
  486.0000000000  8.42494863915987935E-003
  487.0000000000  8.41605520950849950E-003
  488.0000000000  8.40717439974980607E-003
  489.0000000000  8.39830626780724288E-003
  490.0000000000  8.38945086975684262E-003
  491.0000000000  8.38060825964248579E-003
  492.0000000000  8.37177848979564487E-003
  493.0000000000  8.36296161057958898E-003
  494.0000000000  8.35415767063807380E-003
  495.0000000000  8.34536671681718190E-003
  496.0000000000  8.33658879436427469E-003
  497.0000000000  8.32782394679298932E-003
  498.0000000000  8.31907221599692548E-003
  499.0000000000  8.31033364234201599E-003
  500.0000000000  8.30160826453862910E-003
  501.0000000000  8.29289611983341501E-003
  502.0000000000  8.28419724410878189E-003
  503.0000000000  8.27551167162710044E-003
  504.0000000000  8.26683943529360477E-003
  505.0000000000  8.25818056669902489E-003
  506.0000000000  8.24953509604853252E-003
  507.0000000000  8.24090305219726815E-003
  508.0000000000  8.23228446277113335E-003
  509.0000000000  8.22367935408152562E-003
  510.0000000000  8.21508775124613067E-003
  511.0000000000  8.20650967819602783E-003
  512.0000000000  8.19794515766858467E-003
  513.0000000000  8.18939421125719491E-003
  514.0000000000  8.18085685942548935E-003
  515.0000000000  8.17233312157128466E-003
  516.0000000000  8.16382301596974003E-003
  517.0000000000  8.15532655992257105E-003
  518.0000000000  8.14684376965146839E-003
  519.0000000000  8.13837466041889002E-003
  520.0000000000  8.12991924649253406E-003
  521.0000000000  8.12147754118086596E-003
  522.0000000000  8.11304955686154017E-003
  523.0000000000  8.10463530500982188E-003
  524.0000000000  8.09623479618437614E-003
  525.0000000000  8.08784804010542757E-003
  526.0000000000  8.07947504566897123E-003
  527.0000000000  8.07111582088992918E-003
  528.0000000000  8.06277037292346677E-003
  529.0000000000  8.05443870828526087E-003
  530.0000000000  8.04612083256017740E-003
  531.0000000000  8.03781675062253953E-003
  532.0000000000  8.02952646664323311E-003
  533.0000000000  8.02124998401154699E-003
  534.0000000000  8.01298730547728155E-003
  535.0000000000  8.00473843302285104E-003
  536.0000000000  7.99650336801249750E-003
  537.0000000000  7.98828211109281483E-003
  538.0000000000  7.98007466229933016E-003
  539.0000000000  7.97188102109203101E-003
  540.0000000000  7.96370118617062417E-003
  541.0000000000  7.95553515573743653E-003
  542.0000000000  7.94738292741214991E-003
  543.0000000000  7.93924449812521971E-003
  544.0000000000  7.93111986441630279E-003
  545.0000000000  7.92300902213582958E-003
  546.0000000000  7.91491196663685059E-003
  547.0000000000  7.90682869275372013E-003
  548.0000000000  7.89875919481630717E-003
  549.0000000000  7.89070346664288991E-003
  550.0000000000  7.88266150152594491E-003
  551.0000000000  7.87463329231741227E-003
  552.0000000000  7.86661883144290641E-003
  553.0000000000  7.85861811076671302E-003
  554.0000000000  7.85063112177653011E-003
  555.0000000000  7.84265785547688665E-003
  556.0000000000  7.83469830250993482E-003
  557.0000000000  7.82675245307729028E-003
  558.0000000000  7.81882029691871594E-003
  559.0000000000  7.81090182342580874E-003
  560.0000000000  7.80299702165621056E-003
  561.0000000000  7.79510588012044536E-003
  562.0000000000  7.78722838718692856E-003
  563.0000000000  7.77936453062721966E-003
  564.0000000000  7.77151429801392624E-003
  565.0000000000  7.76367767655017360E-003
  566.0000000000  7.75585465306249944E-003
  567.0000000000  7.74804521404348634E-003
  568.0000000000  7.74024934574413237E-003
  569.0000000000  7.73246703398910995E-003
  570.0000000000  7.72469826442545582E-003
  571.0000000000  7.71694302227388107E-003
  572.0000000000  7.70920129250640684E-003
  573.0000000000  7.70147305988899689E-003
  574.0000000000  7.69375830878260558E-003
  575.0000000000  7.68605702337765706E-003
  576.0000000000  7.67836918753772579E-003
  577.0000000000  7.67069478489190715E-003
  578.0000000000  7.66303379887744995E-003
  579.0000000000  7.65538621251948825E-003
  580.0000000000  7.64775200877920724E-003
  581.0000000000  7.64012714953565819E-003
  582.0000000000  7.63251976063372695E-003
  583.0000000000  7.62492569970163458E-003
  584.0000000000  7.61734494860633049E-003
  585.0000000000  7.60977748912239349E-003
  586.0000000000  7.60222330287518844E-003
  587.0000000000  7.59468237134086621E-003
  588.0000000000  7.58715467569714974E-003
  589.0000000000  7.57964019695123170E-003
  590.0000000000  7.57213891596109079E-003
  591.0000000000  7.56465081339996459E-003
  592.0000000000  7.55717586976345501E-003
  593.0000000000  7.54971406534821199E-003
  594.0000000000  7.54226538027324978E-003
  595.0000000000  7.53482979460073921E-003
  596.0000000000  7.52740728805889603E-003
  597.0000000000  7.51999784040435770E-003
  598.0000000000  7.51260143113796630E-003
  599.0000000000  7.50521803958292821E-003
  600.0000000000  7.49784764502692269E-003
  601.0000000000  7.49049022657999330E-003
  602.0000000000  7.48314576314612623E-003
  603.0000000000  7.47581423364351849E-003
  604.0000000000  7.46849561668483375E-003
  605.0000000000  7.46118989091115736E-003
  606.0000000000  7.45389703478593901E-003
  607.0000000000  7.44661702663051983E-003
  608.0000000000  7.43934984471650296E-003
  609.0000000000  7.43209546716627756E-003
  610.0000000000  7.42485387198854596E-003
  611.0000000000  7.41762503713516708E-003
  612.0000000000  7.41040894038746956E-003
  613.0000000000  7.40320555948414949E-003
  614.0000000000  7.39601487211416497E-003
  615.0000000000  7.38883685573199500E-003
  616.0000000000  7.38167148793422712E-003
  617.0000000000  7.37451874591954493E-003
  618.0000000000  7.36737860708558401E-003
  619.0000000000  7.36025104860971169E-003
  620.0000000000  7.35313604770482243E-003
  621.0000000000  7.34603358134222617E-003
