  2.0000   1.0000000000000000      
  3.0000   1.0000000000000000      
  4.0000   1.0000000000000000      
  5.0000   1.0000000000000000      
  6.0000   1.0000000000000000      
  7.0000  0.99999999999999589      
  8.0000  0.99999999999977118      
  9.0000  0.99999999999475475      
  10.000  0.99999999993572275      
  11.000  0.99999999950049645      
  12.000  0.99999999724146704      
  13.000  0.99999998828537229      
  14.000  0.99999995952804865      
  15.000  0.99999988145202878      
  16.000  0.99999969633073715      
  17.000  0.99999930343786136      
  18.000  0.99999854262944887      
  19.000  0.99999717807604926      
  20.000  0.99999488392733027      
  21.000  0.99999123336612983      
  22.000  0.99998569199407528      
  23.000  0.99997761592951340      
  24.000  0.99996625449727328      
  25.000  0.99995075700846114      
  26.000  0.99993018288567126      
  27.000  0.99990351427492075      
  28.000  0.99986967027533813      
  29.000  0.99982752198101166      
  30.000  0.99977590763799484      
  31.000  0.99971364734958390      
  32.000  0.99963955689711170      
  33.000  0.99955246036984169      
  34.000  0.99945120140918886      
  35.000  0.99933465296618729      
  36.000  0.99920172554623066      
  37.000  0.99905137397261279      
  38.000  0.99888260274220253      
  39.000  0.99869447007506407      
  40.000  0.99848609077736616      
  41.000  0.99825663804580445      
  42.000  0.99800534434404153      
  43.000  0.99773150147905376      
  44.000  0.99743445999925062      
  45.000  0.99711362802793446      
  46.000  0.99676846963601862      
  47.000  0.99639850284760367      
  48.000  0.99600329736157600      
  49.000  0.99558247206215600      
  50.000  0.99513569238161048      
  51.000  0.99466266756924315      
  52.000  0.99416314791246096      
  53.000  0.99363692194816600      
  54.000  0.99308381369598508      
  55.000  0.99250367993888866      
  56.000  0.99189640757153108      
  57.000  0.99126191103210959      
  58.000  0.99060012982966106      
  59.000  0.98991102617537741      
  60.000  0.98919458272373628      
  61.000  0.98845080042690081      
  62.000  0.98767969650389453      
  63.000  0.98688130252449080      
  64.000  0.98605566260646538      
  65.000  0.98520283172386269      
  66.000  0.98432287412312935      
  67.000  0.98341586184338203      
  68.000  0.98248187333664094      
  69.000  0.98152099218356770      
  70.000  0.98053330590005194      
  71.000  0.97951890482990667      
  72.000  0.97847788111891254      
  73.000  0.97741032776548109      
  74.000  0.97631633774331128      
  75.000  0.97519600319151656      
  76.000  0.97404941466787598      
  77.000  0.97287666046099930      
  78.000  0.97167782595741203      
  79.000  0.97045299305973887      
  80.000  0.96920223965235353      
  81.000  0.96792563911108276      
  82.000  0.96662325985370912      
  83.000  0.96529516492824441      
  84.000  0.96394141163609248      
  85.000  0.96256205118742044      
  86.000  0.96115712838620837      
  87.000  0.95972668134261208      
  88.000  0.95827074121042255      
  89.000  0.95678933194754323      
  90.000  0.95528247009753442      
  91.000  0.95375016459040052      
  92.000  0.95219241656090481      
  93.000  0.95060921918280239      
  94.000  0.94900055751747203      
  95.000  0.94736640837552688      
  96.000  0.94570674019004719      
  97.000  0.94402151290017255      
  98.000  0.94231067784384026      
  99.000  0.94057417765852092      
  100.00  0.93881194618887176      
  101.00  0.93702390840024719      
  102.00  0.93520998029709212      
  103.00  0.93337006884523621      
  104.00  0.93150407189718343      
  105.00  0.92961187811949952      
  106.00  0.92769336692142834      
  107.00  0.92574840838390782      
  108.00  0.92377686318815022      
  109.00  0.92177858254300171      
  110.00  0.91975340811027417      
  111.00  0.91770117192728828      
  112.00  0.91562169632584678      
  113.00  0.91351479384688683      
  114.00  0.91138026715004128      
  115.00  0.90921790891736476      
  116.00  0.90702750175045177      
  117.00  0.90480881806019808      
  118.00  0.90256161994842965      
  119.00  0.90028565908062474      
  120.00  0.89798067654894953      
  121.00  0.89564640272479390      
  122.00  0.89328255710001492      
  123.00  0.89088884811603708      
  124.00  0.88846497297997273      
  125.00  0.88601061746688381      
  126.00  0.88352545570729446      
  127.00  0.88100914995902324      
  128.00  0.87846135036239459      
  129.00  0.87588169467784083      
  130.00  0.87326980800487797      
  131.00  0.87062530248140724      
  132.00  0.86794777696226344      
  133.00  0.86523681667586438      
  134.00  0.86249199285781142      
  135.00  0.85971286236022981      
  136.00  0.85689896723559111      
  137.00  0.85404983429374082      
  138.00  0.85116497463078000      
  139.00  0.84824388312844778      
  140.00  0.84528603792258017      
  141.00  0.84229089983921246      
  142.00  0.83925791179685105      
  143.00  0.83618649817343127      
  144.00  0.83307606413646129      
  145.00  0.82992599493485675      
  146.00  0.82673565515100100      
  147.00  0.82350438791159331      
  148.00  0.82023151405592254      
  149.00  0.81691633126030383      
  150.00  0.81355811311754400      
  151.00  0.81015610817049544      
  152.00  0.80670953889897701      
  153.00  0.80321760065967118      
  154.00  0.79967946057894990      
  155.00  0.79609425639909182      
  156.00  0.79246109527889264      
  157.00  0.78877905255039771      
  158.00  0.78504717043430894      
  159.00  0.78126445671761080      
  160.00  0.77742988339815400      
  161.00  0.77354238530228447      
  162.00  0.76960085868320216      
  163.00  0.76560415980952934      
  164.00  0.76155110355562750      
  165.00  0.75744046200742821      
  166.00  0.75327096310004560      
  167.00  0.74904128930603386      
  168.00  0.74475007639587121      
  169.00  0.74039591229493096      
  170.00  0.73597733606366034      
  171.00  0.73149283702974166      
  172.00  0.72694085410226861      
  173.00  0.72231977529810143      
  174.00  0.71762793750893561      
  175.00  0.71286362653371516      
  176.00  0.70802507739392018      
  177.00  0.70311047493829049      
  178.00  0.69811795472758831      
  179.00  0.69304560416833905      
  180.00  0.68789146383620925      
  181.00  0.68265352889441566      
  182.00  0.67732975047019983      
  183.00  0.67191803680382356      
  184.00  0.66641625393133719      
  185.00  0.66082222560747916      
  186.00  0.65513373212261516      
  187.00  0.64934850762292395      
  188.00  0.64346423551215914      
  189.00  0.63747854150251859      
  190.00  0.63138898389669174      
  191.00  0.62519304072630710      
  192.00  0.61888809344347506      
  193.00  0.61247140695754676      
  194.00  0.60594010591926817      
  195.00  0.59929114726583987      
  196.00  0.59252128913670732      
  197.00  0.58562705633434320      
  198.00  0.57860470252182217      
  199.00  0.57145016930870352      
  200.00  0.56415904227329294      
  201.00  0.55672650380291600      
  202.00  0.54914728240893007      
  203.00  0.54141559789855387      
  204.00  0.53352510145917065      
  205.00  0.52546880935271667      
  206.00  0.51723902849591508      
  207.00  0.50882727173134590      
  208.00  0.50022416002072534      
  209.00  0.49141930810559786      
  210.00  0.48240118928963927      
  211.00  0.47315697383609584      
  212.00  0.46367233393939289      
  213.00  0.45393120609440257      
  214.00  0.44391549876982700      
  215.00  0.43360472915393283      
  216.00  0.42297556680796644      
  217.00  0.41200125345062188      
  218.00  0.40065085521131999      
  219.00  0.38888828419830279      
  220.00  0.37667099562793749      
  221.00  0.36394821772470065      
  222.00  0.35065848992053472      
  223.00  0.33672614354745711      
  224.00  0.32205610304068144      
  225.00  0.30652589493776938      
  226.00  0.28997274624332547      
  227.00  0.27217141267662526      
  228.00  0.25279281400722819      
  229.00  0.23131758603249741      
  230.00  0.20682215276861449      
  231.00  0.17727331168993743      
  232.00  0.13486478012980152      
  233.00 -0.14431422349061451      
  234.00 -0.11648975545468376      
  235.00 -8.67020125217798920E-002 
  236.00 -5.86509328317816880E-002 
  237.00 -3.78046459054317552E-002 
  238.00 -2.46879853713508624E-002 
  239.00 -1.65060892272634874E-002 
  240.00 -1.11123202260259291E-002 
  241.00 -7.34290549935678882E-003 
  242.00 -4.57877870329070902E-003 
  243.00 -2.47331888658663956E-003 
  244.00 -8.20605528815576690E-004 
  245.00  5.08405446794313320E-004 
  246.00  1.59834904502531572E-003 
  247.00  2.50690607012415967E-003 
  248.00  3.27468376988804266E-003 
  249.00  3.93107047547402999E-003 
  250.00  4.49784595438984525E-003 
  251.00  4.99148660941273192E-003 
  252.00  5.42468280841035266E-003 
  253.00  5.80736469258624766E-003 
  254.00  6.14741226473825009E-003 
  255.00  6.45115738846868680E-003 
  256.00  6.72374539108488989E-003 
  257.00  6.96939997747847428E-003 
  258.00  7.19162029447772966E-003 
  259.00  7.39332956997884594E-003 
  260.00  7.57698864150313511E-003 
  261.00  7.74468368165770471E-003 
  262.00  7.89819469770947080E-003 
  263.00  8.03904956006817883E-003 
  264.00  8.16856698000378856E-003 
  265.00  8.28789101353066826E-003 
  266.00  8.39801894323244369E-003 
  267.00  8.49982400448112685E-003 
  268.00  8.59407401588896391E-003 
  269.00  8.68144675581561387E-003 
  270.00  8.76254272777998722E-003 
  271.00  8.83789582029237408E-003 
  272.00  8.90798224178723785E-003 
  273.00  8.97322807356459862E-003 
  274.00  9.03401565756212221E-003 
  275.00  9.09068903655452232E-003 
  276.00  9.14355860363258444E-003 
  277.00  9.19290509218484431E-003 
  278.00  9.23898301243042397E-003 
  279.00  9.28202362232610767E-003 
  280.00  9.32223750447036537E-003 
  281.00  9.35981680877517874E-003 
  282.00  9.39493721014628136E-003 
  283.00  9.42775962285935520E-003 
  284.00  9.45843170566718072E-003 
  285.00  9.48708918701157700E-003 
  286.00  9.51385703526597126E-003 
  287.00  9.53885049386826722E-003 
  288.00  9.56217600030839776E-003 
  289.00  9.58393200247797949E-003 
  290.00  9.60420968685582466E-003 
  291.00  9.62309362859770090E-003 
  292.00  9.64066237326477449E-003 
  293.00  9.65698895847566519E-003 
  294.00  9.67214138278649216E-003 
  295.00  9.68618302727008995E-003 
  296.00  9.69917303622480631E-003 
  297.00  9.71116666059401723E-003 
  298.00  9.72221556889962812E-003 
  299.00  9.73236812880884372E-003 
  300.00  9.74166966321377004E-003 
  301.00  9.75016268221651217E-003 
  302.00  9.75788709487090955E-003 
  303.00  9.76488040225831355E-003 
  304.00  9.77117787320480602E-003 
  305.00  9.77681270554597859E-003 
  306.00  9.78181617330164954E-003 
  307.00  9.78621776165766732E-003 
  308.00  9.79004529076377139E-003 
  309.00  9.79332502988938813E-003 
  310.00  9.79608180151103625E-003 
  311.00  9.79833907815219618E-003 
  312.00  9.80011907088140788E-003 
  313.00  9.80144281145811647E-003 
  314.00  9.80233022784915420E-003 
  315.00  9.80280021435220306E-003 
  316.00  9.80287069626939456E-003 
  317.00  9.80255868998369806E-003 
  318.00  9.80188035849494099E-003 
  319.00  9.80085106308337117E-003 
  320.00  9.79948541137787288E-003 
  321.00  9.79779730176488783E-003 
  322.00  9.79579996496227068E-003 
  323.00  9.79350600267991922E-003 
  324.00  9.79092742362297486E-003 
  325.00  9.78807567707917769E-003 
  326.00  9.78496168419695778E-003 
  327.00  9.78159586731663921E-003 
  328.00  9.77798817744712778E-003 
  329.00  9.77414811978860598E-003 
  330.00  9.77008477764229610E-003 
  331.00  9.76580683509808978E-003 
  332.00  9.76132259778950129E-003 
  333.00  9.75664001293097272E-003 
  334.00  9.75176668776356337E-003 
  335.00  9.74670990681403282E-003 
  336.00  9.74147664853575179E-003 
  337.00  9.73607360053563298E-003 
  338.00  9.73050717407630827E-003 
  339.00  9.72478351779670902E-003 
  340.00  9.71890853042367553E-003 
  341.00  9.71288787300750300E-003 
  342.00  9.70672698031194159E-003 
  343.00  9.70043107154339168E-003 
  344.00  9.69400516054719219E-003 
  345.00  9.68745406552073973E-003 
  346.00  9.68078241790237826E-003 
  347.00  9.67399467123186696E-003 
  348.00  9.66709510890240153E-003 
  349.00  9.66008785226080136E-003 
  350.00  9.65297686756372286E-003 
  351.00  9.64576597312571948E-003 
  352.00  9.63845884562175570E-003 
  353.00  9.63105902653893509E-003 
  354.00  9.62356992784663134E-003 
  355.00  9.61599483773056818E-003 
  356.00  9.60833692573714870E-003 
  357.00  9.60059924796752284E-003 
  358.00  9.59278475181690737E-003 
  359.00  9.58489628047942688E-003 
  360.00  9.57693657726110814E-003 
  361.00  9.56890828977208230E-003 
  362.00  9.56081397382035902E-003 
  363.00  9.55265609702848906E-003 
  364.00  9.54443704262786241E-003 
  365.00  9.53615911259930726E-003 
  366.00  9.52782453103395710E-003 
  367.00  9.51943544715305734E-003 
  368.00  9.51099393829935025E-003 
  369.00  9.50250201263713734E-003 
  370.00  9.49396161193050148E-003 
  371.00  9.48537461407283899E-003 
  372.00  9.47674283548849417E-003 
  373.00  9.46806803348465564E-003 
  374.00  9.45935190840430096E-003 
  375.00  9.45059610589993326E-003 
  376.00  9.44180221889467930E-003 
  377.00  9.43297178945101678E-003 
  378.00  9.42410631078161032E-003 
  379.00  9.41520722887645434E-003 
  380.00  9.40627594438581127E-003 
  381.00  9.39731381410524591E-003 
  382.00  9.38832215255303026E-003 
  383.00  9.37930223361149729E-003 
  384.00  9.37025529185575579E-003 
  385.00  9.36118252383977278E-003 
  386.00  9.35208508972351638E-003 
  387.00  9.34296411417534500E-003 
  388.00  9.33382068782862007E-003 
  389.00  9.32465586836883631E-003 
  390.00  9.31547068176286075E-003 
  391.00  9.30626612313290025E-003 
  392.00  9.29704315799995129E-003 
  393.00  9.28780272312934585E-003 
  394.00  9.27854572754682749E-003 
  395.00  9.26927305351199493E-003 
  396.00  9.25998555730700446E-003 
  397.00  9.25068407018159178E-003 
  398.00  9.24136939904940391E-003 
  399.00  9.23204232737617758E-003 
  400.00  9.22270361592580912E-003 
  401.00  9.21335400344958089E-003 
  402.00  9.20399420740380947E-003 
  403.00  9.19462492466749381E-003 
  404.00  9.18524683213206572E-003 
  405.00  9.17586058734798371E-003 
  406.00  9.16646682913579980E-003 
  407.00  9.15706617823275337E-003 
  408.00  9.14765923770488598E-003 
  409.00  9.13824659361495151E-003 
  410.00  9.12882881551979608E-003 
  411.00  9.11940645697484342E-003 
  412.00  9.10998005593199878E-003 
  413.00  9.10055013538624280E-003 
  414.00  9.09111720363142695E-003 
  415.00  9.08168175484291851E-003 
  416.00  9.07224426946839912E-003 
  417.00  9.06280521459024158E-003 
  418.00  9.05336504436604628E-003 
  419.00  9.04392420032706923E-003 
  420.00  9.03448311190402364E-003 
  421.00  9.02504219664734819E-003 
  422.00  9.01560186055405666E-003 
  423.00  9.00616249853669615E-003 
  424.00  8.99672449462940449E-003 
  425.00  8.98728822236449787E-003 
  426.00  8.97785404497852824E-003 
  427.00  8.96842231584571437E-003 
  428.00  8.95899337857741784E-003 
  429.00  8.94956756751241755E-003 
  430.00  8.94014520776664767E-003 
  431.00  8.93072661565952330E-003 
  432.00  8.92131209884894361E-003 
  433.00  8.91190195656577089E-003 
  434.00  8.90249648000462912E-003 
  435.00  8.89309595228127137E-003 
  436.00  8.88370064897259226E-003 
  437.00  8.87431083796741405E-003 
  438.00  8.86492678002070988E-003 
  439.00  8.85554872864702247E-003 
  440.00  8.84617693057521137E-003 
  441.00  8.83681162570582046E-003 
  442.00  8.82745304750187643E-003 
  443.00  8.81810142296046706E-003 
  444.00  8.80875697291827464E-003 
  445.00  8.79941991215815733E-003 
  446.00  8.79009044970757714E-003 
  447.00  8.78076878863964794E-003 
  448.00  8.77145512669841310E-003 
  449.00  8.76214965600752294E-003 
  450.00  8.75285256355340380E-003 
  451.00  8.74356403106446578E-003 
  452.00  8.73428423533084697E-003 
  453.00  8.72501334821151886E-003 
  454.00  8.71575153684744919E-003 
  455.00  8.70649896368291820E-003 
  456.00  8.69725578672841948E-003 
  457.00  8.68802215949671108E-003 
  458.00  8.67879823124440009E-003 
  459.00  8.66958414709984027E-003 
  460.00  8.66038004803471040E-003 
  461.00  8.65118607106296622E-003 
  462.00  8.64200234934031641E-003 
  463.00  8.63282901224948773E-003 
  464.00  8.62366618549970099E-003 
  465.00  8.61451399111246019E-003 
  466.00  8.60537254776971849E-003 
  467.00  8.59624197054387196E-003 
  468.00  8.58712237135961232E-003 
  469.00  8.57801385874523703E-003 
  470.00  8.56891653812397180E-003 
  471.00  8.55983051184239230E-003 
  472.00  8.55075587917042412E-003 
  473.00  8.54169273649318939E-003 
  474.00  8.53264117728258498E-003 
  475.00  8.52360129222518026E-003 
  476.00  8.51457316925063878E-003 
  477.00  8.50555689365251055E-003 
  478.00  8.49655254808112659E-003 
  479.00  8.48756021267860206E-003 
  480.00  8.47857996502199285E-003 
  481.00  8.46961188043593438E-003 
  482.00  8.46065603170842451E-003 
  483.00  8.45171248938214603E-003 
  484.00  8.44278132178288843E-003 
  485.00  8.43386259495559898E-003 
  486.00  8.42495637285622934E-003 
  487.00  8.41606271734463007E-003 
  488.00  8.40718168817744527E-003 
  489.00  8.39831334315732647E-003 
  490.00  8.38945773818267071E-003 
  491.00  8.38061492708419564E-003 
  492.00  8.37178496196600008E-003 
  493.00  8.36296789313450972E-003 
  494.00  8.35416376895636859E-003 
  495.00  8.34537263624213210E-003 
  496.00  8.33659453998336630E-003 
  497.00  8.32782952355870520E-003 
  498.00  8.31907762876937795E-003 
  499.00  8.31033889576104912E-003 
  500.00  8.30161336320145438E-003 
  501.00  8.29290106816671369E-003 
  502.00  8.28420204635449409E-003 
  503.00  8.27551633196321745E-003 
  504.00  8.26684395779153647E-003 
  505.00  8.25818495526675633E-003 
  506.00  8.24953935448746734E-003 
  507.00  8.24090718424486113E-003 
  508.00  8.23228847197299274E-003 
  509.00  8.22368324396194339E-003 
  510.00  8.21509152521571195E-003 
  511.00  8.20651333954458551E-003 
  512.00  8.19794870957935018E-003 
  513.00  8.18939765683524001E-003 
  514.00  8.18086020170483152E-003 
  515.00  8.17233636348646542E-003 
  516.00  8.16382616037003572E-003 
  517.00  8.15532960959330921E-003 
  518.00  8.14684672725718428E-003 
  519.00  8.13837752858148633E-003 
  520.00  8.12992202776285922E-003 
  521.00  8.12148023799608154E-003 
  522.00  8.11305217162328063E-003 
  523.00  8.10463784004866739E-003 
  524.00  8.09623725379537973E-003 
  525.00  8.08785042246995545E-003 
  526.00  8.07947735491865160E-003 
  527.00  8.07111805907112512E-003 
  528.00  8.06277254210385763E-003 
  529.00  8.05444081038331205E-003 
  530.00  8.04612286947303801E-003 
  531.00  8.03781872424025323E-003 
  532.00  8.02952837874926217E-003 
  533.00  8.02125183636803740E-003 
  534.00  8.01298909976821960E-003 
  535.00  8.00474017088959044E-003 
  536.00  7.99650505104665399E-003 
  537.00  7.98828374087889870E-003 
  538.00  7.98007624037211372E-003 
  539.00  7.97188254889391601E-003 
  540.00  7.96370266511559066E-003 
  541.00  7.95553658725367541E-003 
  542.00  7.94738431283548152E-003 
  543.00  7.93924583880567525E-003 
  544.00  7.93112116159022662E-003 
  545.00  7.92301027706088234E-003 
  546.00  7.91491318052095494E-003 
  547.00  7.90682986677637700E-003 
  548.00  7.89876033009306866E-003 
  549.00  7.89070456431062439E-003 
  550.00  7.88266256263625564E-003 
  551.00  7.87463431795742963E-003 
  552.00  7.86661982257896852E-003 
  553.00  7.85861906840068514E-003 
  554.00  7.85063204687475036E-003 
  555.00  7.84265874901990401E-003 
  556.00  7.83469916537882227E-003 
  557.00  7.82675328616733168E-003 
  558.00  7.81882110108256256E-003 
  559.00  7.81090259951611188E-003 
  560.00  7.80299777043325093E-003 
  561.00  7.79510660245819054E-003 
  562.00  7.78722908375328871E-003 
  563.00  7.77936520220379180E-003 
  564.00  7.77151494536809651E-003 
  565.00  7.76367830035695761E-003 
  566.00  7.75585525400401821E-003 
  567.00  7.74804579280186090E-003 
  568.00  7.74024990298727289E-003 
  569.00  7.73246757031387233E-003 
  570.00  7.72469878044290681E-003 
  571.00  7.71694351858087657E-003 
  572.00  7.70920176972822446E-003 
  573.00  7.70147351852301654E-003 
  574.00  7.69375874944699945E-003 
  575.00  7.68605744656269962E-003 
  576.00  7.67836959378342954E-003 
  577.00  7.67069517470275741E-003 
  578.00  7.66303417267266695E-003 
  579.00  7.65538657084618990E-003 
  580.00  7.64775235209214088E-003 
  581.00  7.64013149906617173E-003 
  582.00  7.63252399413971716E-003 
  583.00  7.62492981955631421E-003 
  584.00  7.61734895727528283E-003 
  585.00  7.60978138909251811E-003 
  586.00  7.60222709654811979E-003 
  587.00  7.59468606100455190E-003 
  588.00  7.58715826365374824E-003 
  589.00  7.57964368541053091E-003 
  590.00  7.57214230716840575E-003 
  591.00  7.56465410948692352E-003 
  592.00  7.55717907281905354E-003 
  593.00  7.54971717742591863E-003 
  594.00  7.54226840342653304E-003 
  595.00  7.53483273072674820E-003 
  596.00  7.52741013914004498E-003 
  597.00  7.52000060829516315E-003 
  598.00  7.51260411767162850E-003 
  599.00  7.50522064662106914E-003 
  600.00  7.49785017426773948E-003 
  601.00  7.49049267977852651E-003 
  602.00  7.48314814197925671E-003 
  603.00  7.47581653976681082E-003 
  604.00  7.46849785176806336E-003 
  605.00  7.46119205650330741E-003 
  606.00  7.45389913245730895E-003 
