  2.000000000000  -1.0000000000000000     
  3.000000000000  -1.0000000000000000     
  4.000000000000  -1.0000000000000000     
  5.000000000000  -1.0000000000000000     
  6.000000000000 -0.99999999999999978     
  7.000000000000 -0.99999999999997513     
  8.000000000000 -0.99999999999889089     
  9.000000000000 -0.99999999997866484     
  10.00000000000 -0.99999999977279741     
  11.00000000000 -0.99999999842613563     
  12.00000000000 -0.99999999210302426     
  13.00000000000 -0.99999996908082278     
  14.00000000000 -0.99999990037569453     
  15.00000000000 -0.99999972533049541     
  16.00000000000 -0.99999933278461073     
  17.00000000000 -0.99999853968884589     
  18.00000000000 -0.99999706976337799     
  19.00000000000 -0.99999453485950052     
  20.00000000000 -0.99999042118546622     
  21.00000000000 -0.99998408173817022     
  22.00000000000 -0.99997473539633008     
  23.00000000000 -0.99996147235963462     
  24.00000000000 -0.99994326505744824     
  25.00000000000 -0.99991898332227847     
  26.00000000000 -0.99988741250199864     
  27.00000000000 -0.99984727322235556     
  28.00000000000 -0.99979724165409467     
  29.00000000000 -0.99973596933913955     
  30.00000000000 -0.99966210185014237     
  31.00000000000 -0.99957429577114032     
  32.00000000000 -0.99947123367794555     
  33.00000000000 -0.99935163695713192     
  34.00000000000 -0.99921427642972138     
  35.00000000000 -0.99905798084121700     
  36.00000000000 -0.99888164334818552     
  37.00000000000 -0.99868422616771535     
  38.00000000000 -0.99846476360100378     
  39.00000000000 -0.99822236362080097     
  40.00000000000 -0.99795620824035702     
  41.00000000000 -0.99766555285662972     
  42.00000000000 -0.99734972475190420     
  43.00000000000 -0.99700812092070412     
  44.00000000000 -0.99664020537086384     
  45.00000000000 -0.99624550602936712     
  46.00000000000 -0.99582361136577746     
  47.00000000000 -0.99537416682935143     
  48.00000000000 -0.99489687118048287     
  49.00000000000 -0.99439147278322149     
  50.00000000000 -0.99385776591321218     
  51.00000000000 -0.99329558712454502     
  52.00000000000 -0.99270481170960390     
  53.00000000000 -0.99208535027792810     
  54.00000000000 -0.99143714547327755     
  55.00000000000 -0.99076016884236096     
  56.00000000000 -0.99005441786391457     
  57.00000000000 -0.98931991313315282     
  58.00000000000 -0.98855669575971594     
  59.00000000000 -0.98776482484221795     
  60.00000000000 -0.98694437519132250     
  61.00000000000 -0.98609543517043929     
  62.00000000000 -0.98521810469736892     
  63.00000000000 -0.98431249339266869     
  64.00000000000 -0.98337871886779804     
  65.00000000000 -0.98241690514578328     
  66.00000000000 -0.98142718120695205     
  67.00000000000 -0.98040967965226078     
  68.00000000000 -0.97936453547681857     
  69.00000000000 -0.97829188494635844     
  70.00000000000 -0.97719186456963603     
  71.00000000000 -0.97606461016000723     
  72.00000000000 -0.97491025597973002     
  73.00000000000 -0.97372893396085591     
  74.00000000000 -0.97252077299691364     
  75.00000000000 -0.97128589829993017     
  76.00000000000 -0.97002443081763745     
  77.00000000000 -0.96873648670608825     
  78.00000000000 -0.96742217685318121     
  79.00000000000 -0.96608160644892060     
  80.00000000000 -0.96471487459852623     
  81.00000000000 -0.96332207397477654     
  82.00000000000 -0.96190329050624190     
  83.00000000000 -0.96045860309829290     
  84.00000000000 -0.95898808338400932     
  85.00000000000 -0.95749179550232033     
  86.00000000000 -0.95596979589667619     
  87.00000000000 -0.95442213315612590     
  88.00000000000 -0.95284884783905510     
  89.00000000000 -0.95124997235095132     
  90.00000000000 -0.94962553082181267     
  91.00000000000 -0.94797553900160758     
  92.00000000000 -0.94630000416897120     
  93.00000000000 -0.94459892505168597     
  94.00000000000 -0.94287229175753562     
  95.00000000000 -0.94112008571426031     
  96.00000000000 -0.93934227961738670     
  97.00000000000 -0.93753883738478905     
  98.00000000000 -0.93570971411691206     
  99.00000000000 -0.93385485606162566     
  100.0000000000 -0.93197420058275782     
  101.0000000000 -0.93006767613137953     
  102.0000000000 -0.92813520221896861     
  103.0000000000 -0.92617668939161901     
  104.0000000000 -0.92419203920449444     
  105.0000000000 -0.92218114419574904     
  106.0000000000 -0.92014388785917800     
  107.0000000000 -0.91808014461487897     
  108.0000000000 -0.91598977985249552     
  109.0000000000 -0.91387264959808101     
  110.0000000000 -0.91172860091478314     
  111.0000000000 -0.90955747156993572     
  112.0000000000 -0.90735909005654636     
  113.0000000000 -0.90513327553784406     
  114.0000000000 -0.90287983778523784     
  115.0000000000 -0.90059857710905822     
  116.0000000000 -0.89828928428146959     
  117.0000000000 -0.89595174045092740     
  118.0000000000 -0.89358571704756251     
  119.0000000000 -0.89119097567887207     
  120.0000000000 -0.88876726801507966     
  121.0000000000 -0.88631433566353068     
  122.0000000000 -0.88383191003148265     
  123.0000000000 -0.88131971217662031     
  124.0000000000 -0.87877745264463625     
  125.0000000000 -0.87620483129318527     
  126.0000000000 -0.87360153710151356     
  127.0000000000 -0.87096724796503477     
  128.0000000000 -0.86830163047412401     
  129.0000000000 -0.86560433967635131     
  130.0000000000 -0.86287501882138273     
  131.0000000000 -0.86011329908772383     
  132.0000000000 -0.85731879929047561     
  133.0000000000 -0.85449112448328624     
  134.0000000000 -0.85162986957423858     
  135.0000000000 -0.84873461352933433     
  136.0000000000 -0.84580492234962767     
  137.0000000000 -0.84284034788940621     
  138.0000000000 -0.83984042742964193     
  139.0000000000 -0.83680468322557933     
  140.0000000000 -0.83373262084509769     
  141.0000000000 -0.83062373296144010     
  142.0000000000 -0.82747749288156069     
  143.0000000000 -0.82429335764418332     
  144.0000000000 -0.82107076656550360     
  145.0000000000 -0.81780914060635868     
  146.0000000000 -0.81450788031304078     
  147.0000000000 -0.81116637018818416     
  148.0000000000 -0.80778397093275722     
  149.0000000000 -0.80436002301559528     
  150.0000000000 -0.80089384484072634     
  151.0000000000 -0.79738473034047530     
  152.0000000000 -0.79383195372655524     
  153.0000000000 -0.79023476073270649     
  154.0000000000 -0.78659237247794489     
  155.0000000000 -0.78290398178145693     
  156.0000000000 -0.77916875764679427     
  157.0000000000 -0.77538583647639348     
  158.0000000000 -0.77155432567176740     
  159.0000000000 -0.76767329958555441     
  160.0000000000 -0.76374180462204677     
  161.0000000000 -0.75975884921828118     
  162.0000000000 -0.75572340795686133     
  163.0000000000 -0.75163441671803000     
  164.0000000000 -0.74749077949215037     
  165.0000000000 -0.74329135571607141     
  166.0000000000 -0.73903496353953746     
  167.0000000000 -0.73472038525630678     
  168.0000000000 -0.73034635424716554     
  169.0000000000 -0.72591155820710029     
  170.0000000000 -0.72141464561167989     
  171.0000000000 -0.71685421131691096     
  172.0000000000 -0.71222880026501978     
  173.0000000000 -0.70753691581090805     
  174.0000000000 -0.70277700000834165     
  175.0000000000 -0.69794745276211911     
  176.0000000000 -0.69304661425174852     
  177.0000000000 -0.68807276921266258     
  178.0000000000 -0.68302415795165183     
  179.0000000000 -0.67789895289950552     
  180.0000000000 -0.67269528352452534     
  181.0000000000 -0.66741121033578088     
  182.0000000000 -0.66204474993268436     
  183.0000000000 -0.65659385236728729     
  184.0000000000 -0.65105640689513988     
  185.0000000000 -0.64543025744969562     
  186.0000000000 -0.63971316840329484     
  187.0000000000 -0.63390285921157186     
  188.0000000000 -0.62799696333497312     
  189.0000000000 -0.62199306233839602     
  190.0000000000 -0.61588864068074178     
  191.0000000000 -0.60968111818064796     
  192.0000000000 -0.60336780562435721     
  193.0000000000 -0.59694590453227869     
  194.0000000000 -0.59041251622504887     
  195.0000000000 -0.58376457769284340     
  196.0000000000 -0.57699889405159066     
  197.0000000000 -0.57011206999313990     
  198.0000000000 -0.56310049953265051     
  199.0000000000 -0.55596036256794468     
  200.0000000000 -0.54868754500115513     
  201.0000000000 -0.54127763121193839     
  202.0000000000 -0.53372584479355889     
  203.0000000000 -0.52602704665000655     
  204.0000000000 -0.51817562351117430     
  205.0000000000 -0.51016547289690350     
  206.0000000000 -0.50198993291175287     
  207.0000000000 -0.49364169587718620     
  208.0000000000 -0.48511280204658930     
  209.0000000000 -0.47639445289057836     
  210.0000000000 -0.46747694985567112     
  211.0000000000 -0.45834965756880097     
  212.0000000000 -0.44900073745695057     
  213.0000000000 -0.43941702780804770     
  214.0000000000 -0.42958394875596911     
  215.0000000000 -0.41948521751355833     
  216.0000000000 -0.40910241829589244     
  217.0000000000 -0.39841494305417480     
  218.0000000000 -0.38739931637051472     
  219.0000000000 -0.37602894291353528     
  220.0000000000 -0.36427324483101464     
  221.0000000000 -0.35209691334056004     
  222.0000000000 -0.33945876322130686     
  223.0000000000 -0.32631059310781341     
  224.0000000000 -0.31259504745217859     
  225.0000000000 -0.29824342583919528     
  226.0000000000 -0.28317237255091610     
  227.0000000000 -0.26727898537924433     
  228.0000000000 -0.25043495547981398     
  229.0000000000 -0.23247714297545308     
  230.0000000000 -0.21319579813894984     
  231.0000000000 -0.19231813733830583     
  232.0000000000 -0.16949498780066641     
  233.0000000000 -0.14431608344783120     
  234.0000000000 -0.11649226668532808     
  235.0000000000 -8.67053705156113352E-002
  236.0000000000 -5.86549704268728433E-002
  237.0000000000 -3.78083802045683370E-002
  238.0000000000 -2.46910539919760197E-002
  239.0000000000 -1.65085275515082230E-002
  240.0000000000 -1.11144166838244018E-002
  241.0000000000 -7.34466727776350581E-003
  242.0000000000 -4.58031898035926588E-003
  243.0000000000 -2.47459669162708451E-003
  244.0000000000 -8.21794424723520933E-004
  245.0000000000  5.07325732883145974E-004
  246.0000000000  1.59737445676455536E-003
  247.0000000000  2.50607604147035090E-003
  248.0000000000  3.27389215399875866E-003
  249.0000000000  3.93032179225372147E-003
  250.0000000000  4.49716202624017569E-003
  251.0000000000  4.99081303877346727E-003
  252.0000000000  5.42406418618668340E-003
  253.0000000000  5.80676344236508157E-003
  254.0000000000  6.14688569885402103E-003
  255.0000000000  6.45067801173127009E-003
  256.0000000000  6.72329195187160167E-003
  257.0000000000  6.96895461220492507E-003
  258.0000000000  7.19116631937311013E-003
  259.0000000000  7.39293651387384898E-003
  260.0000000000  7.57656125627192978E-003
  261.0000000000  7.74429535947263048E-003
  262.0000000000  7.89783498701268627E-003
  263.0000000000  8.03870984218235662E-003
  264.0000000000  8.16823996592574986E-003
  265.0000000000  8.28757024348902860E-003
  266.0000000000  8.39769839092241455E-003
  267.0000000000  8.49949772509006607E-003
  268.0000000000  8.59381591844510240E-003
  269.0000000000  8.68117659327083402E-003
  270.0000000000  8.76225471603220285E-003
  271.0000000000  8.83766277142683521E-003
  272.0000000000  8.90772699527531131E-003
  273.0000000000  8.97301906751835077E-003
  274.0000000000  9.03378049127212535E-003
  275.0000000000  9.09049425145269652E-003
  276.0000000000  9.14333356107732698E-003
  277.0000000000  9.19271661133791440E-003
  278.0000000000  9.23875951259844896E-003
  279.0000000000  9.28183440511531899E-003
  280.0000000000  9.32207717296762439E-003
  281.0000000000  9.35961999995527094E-003
  282.0000000000  9.39476860919796763E-003
  283.0000000000  9.42754740511020373E-003
  284.0000000000  9.45824805473449715E-003
  285.0000000000  9.48693018367663399E-003
  286.0000000000  9.51371920633192758E-003
  287.0000000000  9.53866958755611449E-003
  288.0000000000  9.56201755469976433E-003
  289.0000000000  9.58379318745983255E-003
  290.0000000000  9.60408794443878833E-003
  291.0000000000  9.62292717246526763E-003
  292.0000000000  9.64051492117334874E-003
  293.0000000000  9.65685832540685851E-003
  294.0000000000  9.67202554634383205E-003
  295.0000000000  9.68601819093350969E-003
  296.0000000000  9.69902543555889451E-003
  297.0000000000  9.71103450561372483E-003
  298.0000000000  9.72209715066441049E-003
  299.0000000000  9.73226193885778912E-003
  300.0000000000  9.74157436840528135E-003
  301.0000000000  9.75001942495623553E-003
  302.0000000000  9.75775732334227541E-003
  303.0000000000  9.76476287577554558E-003
  304.0000000000  9.77107136762356276E-003
  305.0000000000  9.77671612661623612E-003
  306.0000000000  9.78172854218684051E-003
  307.0000000000  9.78613820191043260E-003
  308.0000000000  9.78991816239727086E-003
  309.0000000000  9.79320856255583294E-003
  310.0000000000  9.79597514386654211E-003
  311.0000000000  9.79824135280438213E-003
  312.0000000000  9.80002948397640239E-003
  313.0000000000  9.80136064428904774E-003
  314.0000000000  9.80225482928887004E-003
  315.0000000000  9.80273099403916603E-003
  316.0000000000  9.80280711859649045E-003
  317.0000000000  9.80244928959450590E-003
  318.0000000000  9.80177900122214396E-003
  319.0000000000  9.80075720694628671E-003
  320.0000000000  9.79939846582311702E-003
  321.0000000000  9.79771672578522157E-003
  322.0000000000  9.79572526282623812E-003
  323.0000000000  9.79343671985333231E-003
  324.0000000000  9.79086314303856398E-003
  325.0000000000  9.78801601586098968E-003
  326.0000000000  9.78490629071870899E-003
  327.0000000000  9.78154441842349343E-003
  328.0000000000  9.77789169704834649E-003
  329.0000000000  9.77405776013284822E-003
  330.0000000000  9.77000020548501880E-003
  331.0000000000  9.76572765542016441E-003
  332.0000000000  9.76124844443404527E-003
  333.0000000000  9.75657054632250720E-003
  334.0000000000  9.75170159283322846E-003
  335.0000000000  9.74664889118770361E-003
  336.0000000000  9.74141944075768151E-003
  337.0000000000  9.73601994841288843E-003
  338.0000000000  9.73045684322215720E-003
  339.0000000000  9.72473629030190523E-003
  340.0000000000  9.71886420364143078E-003
  341.0000000000  9.71284625835977522E-003
  342.0000000000  9.70668790225204248E-003
  343.0000000000  9.70039436663228116E-003
  344.0000000000  9.69392775253652417E-003
  345.0000000000  9.68738078258724045E-003
  346.0000000000  9.68071308801654595E-003
  347.0000000000  9.67392906714792389E-003
  348.0000000000  9.66703301739357812E-003
  349.0000000000  9.66002907315299808E-003
  350.0000000000  9.65292121295391325E-003
  351.0000000000  9.64571326640850657E-003
  352.0000000000  9.63840892100620295E-003
  353.0000000000  9.63101172808222827E-003
  354.0000000000  9.62352510902064751E-003
  355.0000000000  9.61595236069712200E-003
  356.0000000000  9.60829666085061262E-003
  357.0000000000  9.60056107325613084E-003
  358.0000000000  9.59274855243563707E-003
  359.0000000000  9.58486194829788474E-003
  360.0000000000  9.57690401048694184E-003
  361.0000000000  9.56887739248912794E-003
  362.0000000000  9.56078465563336977E-003
  363.0000000000  9.55262827281444515E-003
  364.0000000000  9.54441063208122387E-003
  365.0000000000  9.53613403999753473E-003
  366.0000000000  9.52776295466861711E-003
  367.0000000000  9.51937655359103019E-003
  368.0000000000  9.51093764938804043E-003
  369.0000000000  9.50244820582213379E-003
  370.0000000000  9.49391017082490407E-003
  371.0000000000  9.48532542806646006E-003
  372.0000000000  9.47669579954890651E-003
  373.0000000000  9.46802304779481574E-003
  374.0000000000  9.45930887814228072E-003
  375.0000000000  9.45055494094049209E-003
  376.0000000000  9.44176283351794154E-003
  377.0000000000  9.43293410212220351E-003
  378.0000000000  9.42407024399471993E-003
  379.0000000000  9.41517270889136171E-003
  380.0000000000  9.40624290106484295E-003
  381.0000000000  9.39728218062185761E-003
  382.0000000000  9.38829186539891225E-003
  383.0000000000  9.37927323229104104E-003
  384.0000000000  9.37022751868710202E-003
  385.0000000000  9.36115592402586572E-003
  386.0000000000  9.35205961095419980E-003
  387.0000000000  9.34293970664867857E-003
  388.0000000000  9.33379730412298159E-003
  389.0000000000  9.32463346329370779E-003
  390.0000000000  9.31544921218829813E-003
  391.0000000000  9.30624554798953341E-003
  392.0000000000  9.29702343808713749E-003
  393.0000000000  9.28778382110806433E-003
  394.0000000000  9.27852760781178176E-003
  395.0000000000  9.26925568204239880E-003
  396.0000000000  9.25996890170210918E-003
  397.0000000000  9.25066809946883950E-003
  398.0000000000  9.24135408374127110E-003
  399.0000000000  9.23202763923569591E-003
  400.0000000000  9.22265859061610627E-003
  401.0000000000  9.21331052148843810E-003
  402.0000000000  9.20395224076031582E-003
  403.0000000000  9.19458441738640886E-003
  404.0000000000  9.18520773045372607E-003
  405.0000000000  9.17582283961593248E-003
  406.0000000000  9.16643038577547031E-003
  407.0000000000  9.15703099151699007E-003
  408.0000000000  9.14762526182499869E-003
  409.0000000000  9.13821378455992317E-003
  410.0000000000  9.12879713096970136E-003
  411.0000000000  9.11937585618005642E-003
  412.0000000000  9.10995049984109073E-003
  413.0000000000  9.10052158636887043E-003
  414.0000000000  9.09108962553517586E-003
  415.0000000000  9.08165511286540550E-003
  416.0000000000  9.07221853015016677E-003
  417.0000000000  9.06278034575791480E-003
  418.0000000000  9.05334101501154009E-003
  419.0000000000  9.04390098066443215E-003
  420.0000000000  9.03446067326996172E-003
  421.0000000000  9.02502051140174899E-003
  422.0000000000  9.01558090217946528E-003
  423.0000000000  9.00614224144646869E-003
  424.0000000000  8.99670491422455143E-003
  425.0000000000  8.98726929491289184E-003
  426.0000000000  8.97783574767885284E-003
  427.0000000000  8.96840462669246108E-003
  428.0000000000  8.95897627643194028E-003
  429.0000000000  8.94955103196082291E-003
  430.0000000000  8.94012921919795644E-003
  431.0000000000  8.93071115513777158E-003
  432.0000000000  8.92129714812028851E-003
  433.0000000000  8.91188749812954484E-003
  434.0000000000  8.90248249687175530E-003
  435.0000000000  8.89308242818032113E-003
  436.0000000000  8.88368756812951688E-003
  437.0000000000  8.87429818531870751E-003
  438.0000000000  8.86491454087234843E-003
  439.0000000000  8.85553688896578706E-003
  440.0000000000  8.84616547676131404E-003
  441.0000000000  8.83680054467816944E-003
  442.0000000000  8.82744232661991646E-003
  443.0000000000  8.81809105007391736E-003
  444.0000000000  8.80874693626765293E-003
  445.0000000000  8.79941020045293953E-003
  446.0000000000  8.79008105194856171E-003
  447.0000000000  8.78075969437475123E-003
  448.0000000000  8.77144632568871430E-003
  449.0000000000  8.76214113847595399E-003
  450.0000000000  8.75284432000711377E-003
  451.0000000000  8.74355605240850764E-003
  452.0000000000  8.73427651273317451E-003
  453.0000000000  8.72500587315983012E-003
  454.0000000000  8.71574430112787013E-003
  455.0000000000  8.70649195939421361E-003
  456.0000000000  8.69724900618251695E-003
  457.0000000000  8.68801559529686074E-003
  458.0000000000  8.67879187631359628E-003
  459.0000000000  8.66955607168051756E-003
  460.0000000000  8.66035269076093073E-003
  461.0000000000  8.65115942363559043E-003
  462.0000000000  8.64197639243968752E-003
  463.0000000000  8.63280372709596122E-003
  464.0000000000  8.62364155381811770E-003
  465.0000000000  8.61448999526714942E-003
  466.0000000000  8.60534917049449177E-003
  467.0000000000  8.59621919517650213E-003
  468.0000000000  8.58710018164998701E-003
  469.0000000000  8.57799223895483465E-003
  470.0000000000  8.56889547294770182E-003
  471.0000000000  8.55980998641570068E-003
  472.0000000000  8.55073587906218791E-003
  473.0000000000  8.54167324762755698E-003
  474.0000000000  8.53262218603845213E-003
  475.0000000000  8.52358278532960867E-003
  476.0000000000  8.51455513385701579E-003
  477.0000000000  8.50553931719133516E-003
  478.0000000000  8.49653541838790716E-003
  479.0000000000  8.48754351794411832E-003
  480.0000000000  8.47856369380650676E-003
  481.0000000000  8.46959602151997615E-003
  482.0000000000  8.46064057422069027E-003
  483.0000000000  8.45169742277818159E-003
  484.0000000000  8.44276663575271868E-003
  485.0000000000  8.43384827958004735E-003
  486.0000000000  8.42494241840796576E-003
  487.0000000000  8.41604911437343617E-003
  488.0000000000  8.40716842753153060E-003
  489.0000000000  8.39830041591937970E-003
  490.0000000000  8.38944513561301619E-003
  491.0000000000  8.38060264079132367E-003
  492.0000000000  8.37177298375024748E-003
  493.0000000000  8.36295621496674357E-003
  494.0000000000  8.35415238311298936E-003
  495.0000000000  8.34536153512743795E-003
  496.0000000000  8.33658371628587247E-003
  497.0000000000  8.32781897010903549E-003
  498.0000000000  8.31906733859710812E-003
  499.0000000000  8.31032886212312860E-003
  500.0000000000  8.30160357947562488E-003
  501.0000000000  8.29289152797940687E-003
  502.0000000000  8.28419274345293388E-003
  503.0000000000  8.27550726027226347E-003
  504.0000000000  8.26683511140657856E-003
  505.0000000000  8.25817632844660920E-003
  506.0000000000  8.24953094164726508E-003
  507.0000000000  8.24089897992053011E-003
  508.0000000000  8.23228047088520043E-003
  509.0000000000  8.22367544093793867E-003
  510.0000000000  8.21508391521064141E-003
  511.0000000000  8.20650591769123139E-003
  512.0000000000  8.19794147112418159E-003
  513.0000000000  8.18939059714551831E-003
  514.0000000000  8.18085331628282120E-003
  515.0000000000  8.17232964791259064E-003
  516.0000000000  8.16381961037393467E-003
  517.0000000000  8.15532322099699059E-003
  518.0000000000  8.14684049603897620E-003
  519.0000000000  8.13837145079077118E-003
  520.0000000000  8.12991609950586280E-003
  521.0000000000  8.12147445557087622E-003
  522.0000000000  8.11304653137057130E-003
  523.0000000000  8.10463233840863495E-003
  524.0000000000  8.09623188730057564E-003
  525.0000000000  8.08784518776661798E-003
  526.0000000000  8.07947224871696790E-003
  527.0000000000  8.07111307821628543E-003
  528.0000000000  8.06276768342684136E-003
  529.0000000000  8.05443607086431257E-003
  530.0000000000  8.04611824616330296E-003
  531.0000000000  8.03781421426208453E-003
  532.0000000000  8.02952397925338346E-003
  533.0000000000  8.02124754465438627E-003
  534.0000000000  8.01298491315804995E-003
  535.0000000000  8.00473608683205384E-003
  536.0000000000  7.99650106699090202E-003
  537.0000000000  7.98827985435934806E-003
  538.0000000000  7.98007244898002455E-003
  539.0000000000  7.97187885025607557E-003
  540.0000000000  7.96369905702931646E-003
  541.0000000000  7.95553306745233613E-003
  542.0000000000  7.94738087912350011E-003
  543.0000000000  7.93924248911537234E-003
  544.0000000000  7.93111789385392285E-003
  545.0000000000  7.92300708925353092E-003
  546.0000000000  7.91491007069566876E-003
  547.0000000000  7.90682683302890155E-003
  548.0000000000  7.89875737059020366E-003
  549.0000000000  7.89070167717653703E-003
  550.0000000000  7.88265974617985421E-003
  551.0000000000  7.87463157042367357E-003
  552.0000000000  7.86661714228387154E-003
  553.0000000000  7.85861645374552609E-003
  554.0000000000  7.85062949623238637E-003
  555.0000000000  7.84265626083424650E-003
  556.0000000000  7.83469673816483692E-003
  557.0000000000  7.82675091836892989E-003
  558.0000000000  7.81881879130708057E-003
  559.0000000000  7.81090034636378050E-003
  560.0000000000  7.80299557251851184E-003
  561.0000000000  7.79510445845943423E-003
  562.0000000000  7.78722699236311655E-003
  563.0000000000  7.77936316219296486E-003
  564.0000000000  7.77151295540789988E-003
  565.0000000000  7.76367635928920663E-003
  566.0000000000  7.75585336064210651E-003
  567.0000000000  7.74804394601602553E-003
  568.0000000000  7.74024810161222376E-003
  569.0000000000  7.73246581328379534E-003
  570.0000000000  7.72469706669909328E-003
  571.0000000000  7.71694184707172326E-003
  572.0000000000  7.70920013943054983E-003
  573.0000000000  7.70147192846337703E-003
  574.0000000000  7.69375719863774066E-003
  575.0000000000  7.68605593405879972E-003
  576.0000000000  7.67836811866828839E-003
  577.0000000000  7.67069373608819660E-003
  578.0000000000  7.66303276968471891E-003
  579.0000000000  7.65538520262509792E-003
  580.0000000000  7.64775101781367539E-003
  581.0000000000  7.64011872549730242E-003
  582.0000000000  7.63251144562104855E-003
  583.0000000000  7.62491749301119626E-003
  584.0000000000  7.61733684865362193E-003
  585.0000000000  7.60976949446501294E-003
  586.0000000000  7.60221541201389073E-003
  587.0000000000  7.59467458281903873E-003
  588.0000000000  7.58714698805817989E-003
  589.0000000000  7.57963260880956113E-003
  590.0000000000  7.57213142590273947E-003
  591.0000000000  7.56464342011042845E-003
  592.0000000000  7.55716857185007029E-003
  593.0000000000  7.54970686148226378E-003
  594.0000000000  7.54225826916155029E-003
  595.0000000000  7.53482277492167896E-003
  596.0000000000  7.52740035861165779E-003
  597.0000000000  7.51999099986733199E-003
  598.0000000000  7.51259467828901961E-003
  599.0000000000  7.50521137324255960E-003
  600.0000000000  7.49784106398720951E-003
  601.0000000000  7.49048372963301290E-003
  602.0000000000  7.48313934916922108E-003
  603.0000000000  7.47580790145718765E-003
  604.0000000000  7.46848936521615769E-003
  605.0000000000  7.46118371900905686E-003
  606.0000000000  7.45389094135617825E-003
  607.0000000000  7.44661101065702269E-003
  608.0000000000  7.43934390507661192E-003
  609.0000000000  7.43208960284391651E-003
  610.0000000000  7.42484808193211165E-003
  611.0000000000  7.41761932032858340E-003
  612.0000000000  7.41040329585018753E-003
  613.0000000000  7.40319998624983100E-003
  614.0000000000  7.39600936918805019E-003
  615.0000000000  7.38883142219748379E-003
  616.0000000000  7.38166612274682166E-003
  617.0000000000  7.37451344824791022E-003
  618.0000000000  7.36737337602733078E-003
  619.0000000000  7.36024588323402895E-003
  620.0000000000  7.35313094707379378E-003
  621.0000000000  7.34602854462451660E-003
