  2.000000000000  -3.5000000000000000     
  3.000000000000  -3.5000000000000000     
  4.000000000000  -3.5000000000000000     
  5.000000000000  -3.4999999999999929     
  6.000000000000  -3.4999999999980620     
  7.000000000000  -3.4999999998931512     
  8.000000000000  -3.4999999978382110     
  9.000000000000  -3.4999999775805346     
  10.00000000000  -3.4999998543619562     
  11.00000000000  -3.4999993267594807     
  12.00000000000  -3.4999975887043178     
  13.00000000000  -3.4999929027649586     
  14.00000000000  -3.4999820957887087     
  15.00000000000  -3.4999600751236395     
  16.00000000000  -3.4999194612208688     
  17.00000000000  -3.4998504022514281     
  18.00000000000  -3.4997405919947209     
  19.00000000000  -3.4995754765351159     
  20.00000000000  -3.4993386082782378     
  21.00000000000  -3.4990120966500231     
  22.00000000000  -3.4985771040195224     
  23.00000000000  -3.4980143425942427     
  24.00000000000  -3.4973045395281588     
  25.00000000000  -3.4964288475279512     
  26.00000000000  -3.4953691887509697     
  27.00000000000  -3.4941085278367803     
  28.00000000000  -3.4926310750443728     
  29.00000000000  -3.4909224255640119     
  30.00000000000  -3.4889696421527545     
  31.00000000000  -3.4867612899390377     
  32.00000000000  -3.4842874321442356     
  33.00000000000  -3.4815395950087256     
  34.00000000000  -3.4785107096445085     
  35.00000000000  -3.4751950368746485     
  36.00000000000  -3.4715880812366287     
  37.00000000000  -3.4676864982311235     
  38.00000000000  -3.4634879986477602     
  39.00000000000  -3.4589912527835089     
  40.00000000000  -3.4541957967093646     
  41.00000000000  -3.4491019421608073     
  42.00000000000  -3.4437106911498949     
  43.00000000000  -3.4380236560108566     
  44.00000000000  -3.4320429852508978     
  45.00000000000  -3.4257712955762760     
  46.00000000000  -3.4192116095833409     
  47.00000000000  -3.4123672996199677     
  48.00000000000  -3.4052420370919210     
  49.00000000000  -3.3978397470947543     
  50.00000000000  -3.3901645679890633     
  51.00000000000  -3.3822208155450406     
  52.00000000000  -3.3740129512736359     
  53.00000000000  -3.3655455545637620     
  54.00000000000  -3.3568232982551209     
  55.00000000000  -3.3478509272920443     
  56.00000000000  -3.3386332401234151     
  57.00000000000  -3.3291750725359655     
  58.00000000000  -3.3194812835959695     
  59.00000000000  -3.3095567436455697     
  60.00000000000  -3.2994063235915210     
  61.00000000000  -3.2890348859540723     
  62.00000000000  -3.2784472769734601     
  63.00000000000  -3.2676483198003954     
  64.00000000000  -3.2566428085837940     
  65.00000000000  -3.2454355033205302     
  66.00000000000  -3.2340311253491678     
  67.00000000000  -3.2224343533854434     
  68.00000000000  -3.2106498200114295     
  69.00000000000  -3.1986821085433013     
  70.00000000000  -3.1865357502141478     
  71.00000000000  -3.1742152216184873     
  72.00000000000  -3.1617249423377904     
  73.00000000000  -3.1490692729268428     
  74.00000000000  -3.1362525126988059     
  75.00000000000  -3.1232788979863373     
  76.00000000000  -3.1101526003419551     
  77.00000000000  -3.0968777248684036     
  78.00000000000  -3.0834583086349023     
  79.00000000000  -3.0698983191719158     
  80.00000000000  -3.0562016530393343     
  81.00000000000  -3.0423721344649826     
  82.00000000000  -3.0284135140516724     
  83.00000000000  -3.0143294675522028     
  84.00000000000  -3.0001235946755100     
  85.00000000000  -2.9857994181422072     
  86.00000000000  -2.9713603824548418     
  87.00000000000  -2.9568098530865261     
  88.00000000000  -2.9421511155696383     
  89.00000000000  -2.9273873746895940     
  90.00000000000  -2.9125217537503487     
  91.00000000000  -2.8975572939114178     
  92.00000000000  -2.8824969535958065     
  93.00000000000  -2.8673436079677974     
  94.00000000000  -2.8521000484411161     
  95.00000000000  -2.8367689824387936     
  96.00000000000  -2.8213530328545540     
  97.00000000000  -2.8058547379299625     
  98.00000000000  -2.7902765510157845     
  99.00000000000  -2.7746208404217141     
  100.0000000000  -2.7588898893165150     
  101.0000000000  -2.7430858956744073     
  102.0000000000  -2.7272109722633080     
  103.0000000000  -2.7112671466275526     
  104.0000000000  -2.6952563613111096     
  105.0000000000  -2.6791804737029112     
  106.0000000000  -2.6630412563002648     
  107.0000000000  -2.6468403967966583     
  108.0000000000  -2.6305794982196513     
  109.0000000000  -2.6142600790760029     
  110.0000000000  -2.5978835734544714     
  111.0000000000  -2.5814513313409049     
  112.0000000000  -2.5649646185065911     
  113.0000000000  -2.5484246167904230     
  114.0000000000  -2.5318324241643300     
  115.0000000000  -2.5151890548138169     
  116.0000000000  -2.4984954391440555     
  117.0000000000  -2.4817524239736106     
  118.0000000000  -2.4649607722603291     
  119.0000000000  -2.4481211631993536     
  120.0000000000  -2.4312341920696476     
  121.0000000000  -2.4143003700199914     
  122.0000000000  -2.3973201240127637     
  123.0000000000  -2.3802937962809749     
  124.0000000000  -2.3632216441212490     
  125.0000000000  -2.3461038393704592     
  126.0000000000  -2.3289404680350279     
  127.0000000000  -2.3117315294475662     
  128.0000000000  -2.2944769356948571     
  129.0000000000  -2.2771765107622857     
  130.0000000000  -2.2598299895506351     
  131.0000000000  -2.2424370170065235     
  132.0000000000  -2.2249971466698133     
  133.0000000000  -2.2075098394724337     
  134.0000000000  -2.1899744623822812     
  135.0000000000  -2.1723902865279419     
  136.0000000000  -2.1547564855284609     
  137.0000000000  -2.1370721333995806     
  138.0000000000  -2.1193362025282001     
  139.0000000000  -2.1015475609697805     
  140.0000000000  -2.0837049698917505     
  141.0000000000  -2.0658070807838360     
  142.0000000000  -2.0478524319734301     
  143.0000000000  -2.0298394452131081     
  144.0000000000  -2.0117664219763203     
  145.0000000000  -1.9936315389041050     
  146.0000000000  -1.9754328435275785     
  147.0000000000  -1.9571682489191469     
  148.0000000000  -1.9388355282488132     
  149.0000000000  -1.9204323088841442     
  150.0000000000  -1.9019560654061667     
  151.0000000000  -1.8834041127008994     
  152.0000000000  -1.8647735976064548     
  153.0000000000  -1.8460614905126480     
  154.0000000000  -1.8272645753703634     
  155.0000000000  -1.8083794394740216     
  156.0000000000  -1.7894024614333677     
  157.0000000000  -1.7703297986683308     
  158.0000000000  -1.7511573730689518     
  159.0000000000  -1.7318808552101947     
  160.0000000000  -1.7124956473055692     
  161.0000000000  -1.6929968635762203     
  162.0000000000  -1.6733793092086340     
  163.0000000000  -1.6536374563116034     
  164.0000000000  -1.6337654173717706     
  165.0000000000  -1.6137569155377469     
  166.0000000000  -1.5936052510472349     
  167.0000000000  -1.5733032639612130     
  168.0000000000  -1.5528432916105273     
  169.0000000000  -1.5322171207123274     
  170.0000000000  -1.5114159329505203     
  171.0000000000  -1.4904302429725056     
  172.0000000000  -1.4692498274243180     
  173.0000000000  -1.4478636437250063     
  174.0000000000  -1.4262597358481037     
  175.0000000000  -1.4044251256406963     
  176.0000000000  -1.3823456862496946     
  177.0000000000  -1.3600059933866921     
  178.0000000000  -1.3373891509878648     
  179.0000000000  -1.3144765837116679     
  180.0000000000  -1.2912477902240389     
  181.0000000000  -1.2676800459711863     
  182.0000000000  -1.2437480432846977     
  183.0000000000  -1.2194234516511067     
  184.0000000000  -1.1946743742963186     
  185.0000000000  -1.1694646711280572     
  186.0000000000  -1.1437531034024375     
  187.0000000000  -1.1174922400838556     
  188.0000000000  -1.0906270386370123     
  189.0000000000  -1.0630929720356916     
  190.0000000000  -1.0348135107611136     
  191.0000000000  -1.0056966638658005     
  192.0000000000 -0.97563010741890688     
  193.0000000000 -0.94447412043643897     
  194.0000000000 -0.91205098160839415     
  195.0000000000 -0.87812837168949676     
  196.0000000000 -0.84239201710030842     
  197.0000000000 -0.80439754836765698     
  198.0000000000 -0.76347815832024679     
  199.0000000000 -0.71854507249684363     
  200.0000000000 -0.66757233325668697     
  201.0000000000 -0.60578822534155408     
  202.0000000000 -0.51148138507601337     
  203.0000000000   1.0826395978987737     
  204.0000000000   1.0586602091945314     
  205.0000000000   1.0343812631281124     
  206.0000000000   1.0097967376997634     
  207.0000000000  0.98490198190328915     
  208.0000000000  0.95969419119288724     
  209.0000000000  0.93417299899768835     
  210.0000000000  0.90834120701255938     
  211.0000000000  0.88220567821083584     
  212.0000000000  0.85577841229793383     
  213.0000000000  0.82907781928203983     
  214.0000000000  0.80213019118545259     
  215.0000000000  0.77497134891515318     
  216.0000000000  0.74764840133673460     
  217.0000000000  0.72022149743396779     
  218.0000000000  0.69276537638543445     
  219.0000000000  0.66537043591362499     
  220.0000000000  0.63814295591687553     
  221.0000000000  0.61120407270531074     
  222.0000000000  0.58468713704819320     
  223.0000000000  0.55873324906954436     
  224.0000000000  0.53348506832916187     
  225.0000000000  0.50907939487453191     
  226.0000000000  0.48563940843157127     
  227.0000000000  0.46326767740596980     
  228.0000000000  0.44204099233422661     
  229.0000000000  0.42200772489047889     
  230.0000000000  0.40318788237403347     
  231.0000000000  0.38557550242842803     
  232.0000000000  0.36914268455761601     
  233.0000000000  0.35384443931642184     
  234.0000000000  0.33962362961785786     
  235.0000000000  0.32641548202139448     
  236.0000000000  0.31415137628518575     
  237.0000000000  0.30276181237544519     
  238.0000000000  0.29217858650686190     
  239.0000000000  0.28233628022628088     
  240.0000000000  0.27317319451692129     
  241.0000000000  0.26463186032535924     
  242.0000000000  0.25665924133538320     
  243.0000000000  0.24920672391572651     
  244.0000000000  0.24222996702153354     
  245.0000000000  0.23568866690669543     
  246.0000000000  0.22954627527984409     
  247.0000000000  0.22376969782605433     
  248.0000000000  0.21832899093759955     
  249.0000000000  0.21319706827206619     
  250.0000000000  0.20834942344995816     
  251.0000000000  0.20376387298400178     
  252.0000000000  0.19942032069900695     
  253.0000000000  0.19530054381051404     
  254.0000000000  0.19138799988094823     
  255.0000000000  0.18766765367938848     
  256.0000000000  0.18412582175793865     
  257.0000000000  0.18075003422689939     
  258.0000000000  0.17752891110163233     
  259.0000000000  0.17445205212688480     
  260.0000000000  0.17150993902142922     
  261.0000000000  0.16869384797239234     
  262.0000000000  0.16599577207970953     
  263.0000000000  0.16340835178114410     
  264.0000000000  0.16092481317914381     
  265.0000000000  0.15853891273932166     
  266.0000000000  0.15624488811088960     
  267.0000000000  0.15403741367393220     
  268.0000000000  0.15191156131677386     
  269.0000000000  0.14986276462365186     
  270.0000000000  0.14788678730571181     
  271.0000000000  0.14597969442003272     
  272.0000000000  0.14413782645439502     
  273.0000000000  0.14235777631523372     
  274.0000000000  0.14063636816456981     
  275.0000000000  0.13897063848215230     
  276.0000000000  0.13735781888559276     
  277.0000000000  0.13579532055984256     
  278.0000000000  0.13428072012674491     
  279.0000000000  0.13281174680556518     
  280.0000000000  0.13138627073128634     
  281.0000000000  0.13000229231368962     
  282.0000000000  0.12865793253206720     
  283.0000000000  0.12735142407314753     
  284.0000000000  0.12608110319130078     
  285.0000000000  0.12484540244140273     
  286.0000000000  0.12364284366343760     
  287.0000000000  0.12247203189422165     
  288.0000000000  0.12133164960677661     
  289.0000000000  0.12022045140815840     
  290.0000000000  0.11913725934909597     
  291.0000000000  0.11808095823613077     
  292.0000000000  0.11705049162566314     
  293.0000000000  0.11604485813929655     
  294.0000000000  0.11506310769756532     
  295.0000000000  0.11410433855605071     
  296.0000000000  0.11316769406176796     
  297.0000000000  0.11225235996264654     
  298.0000000000  0.11135756193822277     
  299.0000000000  0.11048256295351361     
  300.0000000000  0.10962666130950829     
  301.0000000000  0.10878918829934899     
  302.0000000000  0.10796950654935109     
  303.0000000000  0.10716700795875346     
  304.0000000000  0.10638111228954940     
  305.0000000000  0.10561126534381066     
  306.0000000000  0.10485693776831920     
  307.0000000000  0.10411762343116540     
  308.0000000000  0.10339283841292679     
  309.0000000000  0.10268211954976351     
  310.0000000000  0.10198502358864692     
  311.0000000000  0.10130112586869533     
  312.0000000000  0.10063001958743956     
  313.0000000000  9.99713147682592396E-002
  314.0000000000  9.93246373111551090E-002
  315.0000000000  9.86896284077288244E-002
  316.0000000000  9.80659435141686409E-002
  317.0000000000  9.74532518754240296E-002
  318.0000000000  9.68512357405764135E-002
  319.0000000000  9.62595896378651006E-002
  320.0000000000  9.56780199735505626E-002
  321.0000000000  9.51062443634496935E-002
  322.0000000000  9.45439910115708632E-002
  323.0000000000  9.39909984012178429E-002
  324.0000000000  9.34470147189011280E-002
  325.0000000000  9.29117973168897271E-002
  326.0000000000  9.23851124818673708E-002
  327.0000000000  9.18667349031140196E-002
  328.0000000000  9.13564473557712253E-002
  329.0000000000  9.08540402285640952E-002
  330.0000000000  9.03593113595900638E-002
  331.0000000000  8.98720656233275295E-002
  332.0000000000  8.93921145383988480E-002
  333.0000000000  8.89192761603040532E-002
  334.0000000000  8.84533746822468436E-002
  335.0000000000  8.79942402344417174E-002
  336.0000000000  8.75417085230087849E-002
  337.0000000000  8.70956207692090978E-002
  338.0000000000  8.66558233668846961E-002
  339.0000000000  8.62221677275852028E-002
  340.0000000000  8.57945099663835198E-002
  341.0000000000  8.53727108815286878E-002
  342.0000000000  8.49566356534955380E-002
  343.0000000000  8.45461537284022263E-002
  344.0000000000  8.41411385382392629E-002
  345.0000000000  8.37414675161819444E-002
  346.0000000000  8.33470218267920587E-002
  347.0000000000  8.29576862521320541E-002
  348.0000000000  8.25733490803708392E-002
  349.0000000000  8.21939018668731702E-002
  350.0000000000  8.18192394735108436E-002
  351.0000000000  8.14492598366219900E-002
  352.0000000000  8.10838638806728740E-002
  353.0000000000  8.07229554351791140E-002
  354.0000000000  8.03664410240339661E-002
  355.0000000000  8.00142299270684698E-002
  356.0000000000  7.96662339741245340E-002
  357.0000000000  7.93223674813119534E-002
  358.0000000000  7.89825471894499281E-002
  359.0000000000  7.86466920729531199E-002
  360.0000000000  7.83147234228716987E-002
  361.0000000000  7.79865646579403216E-002
  362.0000000000  7.76621412793428861E-002
  363.0000000000  7.73413807994209196E-002
  364.0000000000  7.70242126989179876E-002
  365.0000000000  7.67105682582632786E-002
  366.0000000000  7.64003806527947527E-002
  367.0000000000  7.60935847850408020E-002
  368.0000000000  7.57901172541730755E-002
  369.0000000000  7.54899163007500679E-002
  370.0000000000  7.51929217782476567E-002
  371.0000000000  7.48990749987105270E-002
  372.0000000000  7.46083188410800180E-002
  373.0000000000  7.43205975965976207E-002
  374.0000000000  7.40358569504719621E-002
  375.0000000000  7.37540439380463403E-002
  376.0000000000  7.34751069022671899E-002
  377.0000000000  7.31989954780766783E-002
  378.0000000000  7.29256604526108271E-002
  379.0000000000  7.26550538807192586E-002
  380.0000000000  7.23871289447264865E-002
  381.0000000000  7.21218399458219556E-002
  382.0000000000  7.18591422704836363E-002
  383.0000000000  7.15989923578702059E-002
  384.0000000000  7.13413476684392339E-002
  385.0000000000  7.10861666772951428E-002
  386.0000000000  7.08334087496803044E-002
  387.0000000000  7.05830342578886299E-002
  388.0000000000  7.03350044561155546E-002
  389.0000000000  7.00892814789831203E-002
  390.0000000000  6.98458283162851634E-002
  391.0000000000  6.96046087886870724E-002
  392.0000000000  6.93655875239407027E-002
  393.0000000000  6.91287299578951381E-002
  394.0000000000  6.88940022170176636E-002
  395.0000000000  6.86613712419536781E-002
  396.0000000000  6.84308046692402722E-002
  397.0000000000  6.82022708361387092E-002
  398.0000000000  6.79757387611731601E-002
  399.0000000000  6.77511781262500890E-002
  400.0000000000  6.75285592578161176E-002
  401.0000000000  6.73078531100506083E-002
  402.0000000000  6.70890312710418768E-002
  403.0000000000  6.68720658527983125E-002
  404.0000000000  6.66569296177586396E-002
  405.0000000000  6.64435958674715471E-002
  406.0000000000  6.62320384521023764E-002
  407.0000000000  6.60222317562184913E-002
  408.0000000000  6.58141506848076291E-002
  409.0000000000  6.56077706499729185E-002
  410.0000000000  6.54030675577813025E-002
  411.0000000000  6.52000177957822447E-002
  412.0000000000  6.49985982433795711E-002
  413.0000000000  6.47987861682385868E-002
  414.0000000000  6.46005593541283396E-002
  415.0000000000  6.44038959956085288E-002
  416.0000000000  6.42087747113199436E-002
  417.0000000000  6.40151745331811184E-002
  418.0000000000  6.38230748963971167E-002
  419.0000000000  6.36324556294892152E-002
  420.0000000000  6.34432969447488171E-002
  421.0000000000  6.32555794290846074E-002
  422.0000000000  6.30692840347195915E-002
  423.0000000000  6.28843920706218529E-002
  424.0000000000  6.27008852152340923E-002
  425.0000000000  6.25187454219148231E-002
  426.0000000000  6.23379550418593914E-002
  427.0000000000  6.21584967280622430E-002
  428.0000000000  6.19803534499135111E-002
  429.0000000000  6.18035084859619444E-002
  430.0000000000  6.16279454167366555E-002
  431.0000000000  6.14536481175420035E-002
  432.0000000000  6.12806007521241175E-002
  433.0000000000  6.11087877657948628E-002
  434.0000000000  6.09381938790352976E-002
  435.0000000000  6.07688040814173963E-002
  436.0000000000  6.06006036469669343E-002
  437.0000000000  6.04335780412974116E-002
  438.0000000000  6.02677130477232842E-002
  439.0000000000  6.01029946729170067E-002
  440.0000000000  5.99394091637966420E-002
  441.0000000000  5.97769430023165765E-002
  442.0000000000  5.96155829004404655E-002
  443.0000000000  5.94553157948908145E-002
  444.0000000000  5.92961288425539537E-002
  445.0000000000  5.91380094154508248E-002
  446.0000000000  5.89809450962428608E-002
  447.0000000000  5.88249236737506051E-002
  448.0000000000  5.86699331387505463E-002
  449.0000000000  5.85159616790851822E-002
  450.0000000000  5.83629976763447439E-002
  451.0000000000  5.82110297213576794E-002
  452.0000000000  5.80600465286418357E-002
  453.0000000000  5.79100370567646530E-002
  454.0000000000  5.77609904207091046E-002
  455.0000000000  5.76128959096394583E-002
  456.0000000000  5.74657429829108016E-002
  457.0000000000  5.73195212671354648E-002
  458.0000000000  5.71742205522279973E-002
  459.0000000000  5.70298307885621775E-002
  460.0000000000  5.68863420833305572E-002
  461.0000000000  5.67437446976813351E-002
  462.0000000000  5.66020290436290777E-002
  463.0000000000  5.64611856807056001E-002
  464.0000000000  5.63212053135627860E-002
  465.0000000000  5.61820787886304490E-002
  466.0000000000  5.60437970915628678E-002
  467.0000000000  5.59063513647863955E-002
  468.0000000000  5.57697328232919093E-002
  469.0000000000  5.56339328751313256E-002
  470.0000000000  5.54989430361294486E-002
  471.0000000000  5.53647549484562324E-002
  472.0000000000  5.52313603777494500E-002
  473.0000000000  5.50987512113025601E-002
  474.0000000000  5.49669194554870955E-002
  475.0000000000  5.48358572334641317E-002
  476.0000000000  5.47055567830282904E-002
  477.0000000000  5.45760104545673780E-002
  478.0000000000  5.44472107087411103E-002
  479.0000000000  5.43191501144987127E-002
  480.0000000000  5.41918213472847438E-002
  481.0000000000  5.40652171868375789E-002
  482.0000000000  5.39393305152357019E-002
  483.0000000000  5.38141543151838542E-002
  484.0000000000  5.36896816682442754E-002
  485.0000000000  5.35659057524658019E-002
  486.0000000000  5.34428198608650762E-002
  487.0000000000  5.33204173212742383E-002
  488.0000000000  5.31986916121035130E-002
  489.0000000000  5.30776362826355028E-002
  490.0000000000  5.29572449697738104E-002
  491.0000000000  5.28375113983146835E-002
  492.0000000000  5.27184293778896265E-002
  493.0000000000  5.25999928021299579E-002
  494.0000000000  5.24821956469115336E-002
  495.0000000000  5.23650319698722236E-002
  496.0000000000  5.22484959077305286E-002
  497.0000000000  5.21325816747667189E-002
  498.0000000000  5.20172835632862693E-002
  499.0000000000  5.19025959406742357E-002
  500.0000000000  5.17885132475054619E-002
  501.0000000000  5.16750300001601187E-002
  502.0000000000  5.15621407828099759E-002
  503.0000000000  5.14498402533774407E-002
  504.0000000000  5.13381231358419968E-002
  505.0000000000  5.12269842310858481E-002
  506.0000000000  5.11164184084699769E-002
  507.0000000000  5.10064205660519174E-002
  508.0000000000  5.08969857119903474E-002
  509.0000000000  5.07881088824219951E-002
  510.0000000000  5.06797852518765871E-002
  511.0000000000  5.05720099438708090E-002
  512.0000000000  5.04647782195067895E-002
  513.0000000000  5.03580853770799752E-002
  514.0000000000  5.02519267761589936E-002
  515.0000000000  5.01462978334224832E-002
  516.0000000000  5.00411940219327098E-002
  517.0000000000  4.99366108707295087E-002
  518.0000000000  4.98325439647409330E-002
  519.0000000000  4.97289889410878413E-002
  520.0000000000  4.96259414918688510E-002
  521.0000000000  4.95233973612373563E-002
  522.0000000000  4.94213523436826049E-002
  523.0000000000  4.93198022862474730E-002
  524.0000000000  4.92187430844404847E-002
  525.0000000000  4.91181706836299886E-002
  526.0000000000  4.90180810775797532E-002
  527.0000000000  4.89184703073510391E-002
  528.0000000000  4.88193344615750410E-002
  529.0000000000  4.87206696738838804E-002
  530.0000000000  4.86224721249250078E-002
  531.0000000000  4.85247380388195426E-002
  532.0000000000  4.84274636842509099E-002
  533.0000000000  4.83306453735651842E-002
  534.0000000000  4.82342794616114623E-002
  535.0000000000  4.81383623625520479E-002
  536.0000000000  4.80428904800164550E-002
  537.0000000000  4.79478603110013377E-002
  538.0000000000  4.78532683751158455E-002
  539.0000000000  4.77591112314292784E-002
  540.0000000000  4.76653854782993838E-002
  541.0000000000  4.75720877526964528E-002
  542.0000000000  4.74792147290791014E-002
  543.0000000000  4.73867631195553154E-002
  544.0000000000  4.72947296729680153E-002
  545.0000000000  4.72031111743470219E-002
  546.0000000000  4.71119044445068511E-002
  547.0000000000  4.70211063396507034E-002
  548.0000000000  4.69307137505408437E-002
  549.0000000000  4.68407236021280635E-002
  550.0000000000  4.67511328530841944E-002
  551.0000000000  4.66619384953194868E-002
  552.0000000000  4.65731375535925821E-002
  553.0000000000  4.64847270848036537E-002
  554.0000000000  4.63967041779453290E-002
  555.0000000000  4.63090659531847151E-002
  556.0000000000  4.62218095617199232E-002
  557.0000000000  4.61349321850246866E-002
  558.0000000000  4.60484310350743747E-002
  559.0000000000  4.59623033531102385E-002
  560.0000000000  4.58765464099866738E-002
  561.0000000000  4.57911575051503233E-002
  562.0000000000  4.57061339666161442E-002
  563.0000000000  4.56214731502465470E-002
  564.0000000000  4.55371724398190778E-002
  565.0000000000  4.54532292462221793E-002
  566.0000000000  4.53696410240084919E-002
  567.0000000000  4.52864052040907669E-002
  568.0000000000  4.52035192941801153E-002
  569.0000000000  4.51209808105742446E-002
  570.0000000000  4.50387872952888874E-002
  571.0000000000  4.49569363153262055E-002
  572.0000000000  4.48754254627954582E-002
  573.0000000000  4.47942523539261589E-002
  574.0000000000  4.47134146292404722E-002
  575.0000000000  4.46329099532344897E-002
  576.0000000000  4.45527360136857634E-002
  577.0000000000  4.44728905217725567E-002
  578.0000000000  4.43933712113948609E-002
  579.0000000000  4.43141758392398069E-002
  580.0000000000  4.42353021842280120E-002
  581.0000000000  4.41567480471437984E-002
  582.0000000000  4.40785112507153104E-002
  583.0000000000  4.40005896390445392E-002
  584.0000000000  4.39229810773225718E-002
  585.0000000000  4.38456834518426292E-002
  586.0000000000  4.37686946691728876E-002
  587.0000000000  4.36920126567641037E-002
  588.0000000000  4.36156353616167086E-002
  589.0000000000  4.35395607508657773E-002
  590.0000000000  4.34637868113090242E-002
  591.0000000000  4.33883115490722587E-002
  592.0000000000  4.33131329891284916E-002
  593.0000000000  4.32382491756760010E-002
  594.0000000000  4.31636581712081940E-002
  595.0000000000  4.30893580568335599E-002
  596.0000000000  4.30153469318480253E-002
  597.0000000000  4.29416229133754920E-002
  598.0000000000  4.28681841363453137E-002
  599.0000000000  4.27950287530679679E-002
  600.0000000000  4.27221549332377562E-002
  601.0000000000  4.26495608634889500E-002
  602.0000000000  4.25772447477161323E-002
  603.0000000000  4.25052048216660386E-002
  604.0000000000  4.24334392903522178E-002
  605.0000000000  4.23619464228993728E-002
  606.0000000000  4.22907244881311900E-002
