   10.0 -0.99999999999155675     
   11.0 -0.99999999997441891     
   12.0 -0.99999999979795673     
   13.0 -0.99999999882773150     
   14.0 -0.99999999466041467     
   15.0 -0.99999997995876511     
   16.0 -0.99999993573437085     
   17.0 -0.99999981902232160     
   18.0 -0.99999954277617509     
   19.0 -0.99999894613122842     
   20.0 -0.99999775391799917     
   21.0 -0.99999552533859015     
   22.0 -0.99999159287275885     
   23.0 -0.99998499357831150     
   24.0 -0.99997439584283510     
   25.0 -0.99995802523127342     
   26.0 -0.99993359331146991     
   27.0 -0.99989823322479832     
   28.0 -0.99984844534857520     
   29.0 -0.99978005572227935     
   30.0 -0.99968818907139312     
   31.0 -0.99956725733747909     
   32.0 -0.99941096369563909     
   33.0 -0.99921232118215420     
   34.0 -0.99896368432377391     
   35.0 -0.99865679159578014     
   36.0 -0.99828281615957015     
   37.0 -0.99783242214204060     
   38.0 -0.99729582372857151     
   39.0 -0.99666284443403708     
   40.0 -0.99592297426050524     
   41.0 -0.99506542271711884     
   42.0 -0.99407916611398139     
   43.0 -0.99295298792613518     
   44.0 -0.99167551145456434     
   45.0 -0.99023522425733224     
   46.0 -0.98862049430347154     
   47.0 -0.98681957787621233     
   48.0 -0.98482061958906353     
   49.0 -0.98261164482121621     
   50.0 -0.98018054518727760     
   51.0 -0.97751505750919399     
   52.0 -0.97460273668038389     
   53.0 -0.97143092304681500     
   54.0 -0.96798670442095802     
   55.0 -0.96425687311427710     
   56.0 -0.96022787803987453     
   57.0 -0.95588577167192468     
   58.0 -0.95121615189342745     
   59.0 -0.94620409796572613     
   60.0 -0.94083410033162818     
   61.0 -0.93508998308774549     
   62.0 -0.92895481813614933     
   63.0 -0.92241082968593346     
   64.0 -0.91543928713598188     
   65.0 -0.90802038425901144     
   66.0 -0.90013310216366871     
   67.0 -0.89175505246680753     
   68.0 -0.88286229686226358     
   69.0 -0.87342913798356347     
   70.0 -0.86342787531044907     
   71.0 -0.85282851838593388     
   72.0 -0.84159844711032172     
   73.0 -0.82970200670994998     
   74.0 -0.81710002075840804     
   75.0 -0.80374920054940002     
   76.0 -0.78960142248086407     
   77.0 -0.77460283499056781     
   78.0 -0.75869274282058052     
   79.0 -0.74180219646594170     
   80.0 -0.72385218476095381     
   81.0 -0.70475128456819747     
   82.0 -0.68439255279370248     
   83.0 -0.66264933729917996     
   84.0 -0.63936950596956832     
   85.0 -0.61436729298659076     
   86.0 -0.58741143057357037     
   87.0 -0.55820725226670032     
   88.0 -0.52636852300023662     
   89.0 -0.49137068086234759     
   90.0 -0.45246779176859547     
   91.0 -0.40853124646692418     
   92.0 -0.35769478233643470     
   93.0 -0.29641037458487496     
   94.0 -0.21593379292559439     
   95.0 -6.51129137049160506E-002
   96.0 -7.26496812822437920E-008
   97.0 -2.97928662481356196E-008
   98.0 -1.34583507019895429E-011
   99.0 -4.03750521059686288E-012
   100. -1.21125156317905895E-012
   101.  1.35928065199527949E-011
   102.  4.07784195598583943E-012
   103. -1.22035438805612856E-011
   104. -4.84431736839077339E-012
   105. -4.54553253024600707E-012
   106. -1.36365975907380228E-012
   107.  9.01422890310753159E-012
   108.  8.54417276603944921E-012
   109.  2.56325182981183509E-012
   110.  7.68975548943550687E-013
   111.  4.65411548448813945E-012
   112.  1.39623464534644208E-012
   113.  4.18870393603932785E-013
   114. -4.78354704607429700E-012
   115. -1.43506411382228950E-012
   116. -4.30519234146686973E-013
   117. -8.04115248339972765E-012
   118. -2.41234574501991862E-012
   119. -7.23703723505975666E-013
   120. -2.17111117051792760E-013
   121.  9.85491697280044198E-012
   122.  2.95647509184013340E-012
   123.  8.86942527552040101E-013
   124. -8.59810179011178048E-012
   125. -1.27014900038013015E-011
   126.  9.92523974844693132E-012
   127.  2.97757192453407972E-012
   128. -7.46249651401097521E-012
   129. -2.23874895420329256E-012
   130. -6.71624686260987849E-013
   131.  1.09540988795141057E-011
   132.  1.37498307719082132E-011
   133. -1.10601578152331537E-011
   134. -3.31804734456994709E-012
   135. -9.95414203370984450E-013
   136. -2.98624261011295355E-013
   137.  6.26370945144350475E-012
   138.  1.87911283543305142E-012
   139.  5.63733850629915468E-013
   140.  1.69120155188974640E-013
   141.  8.90113165535341781E-012
   142.  1.20050570041153387E-011
   143. -1.25622002284457106E-011
   144. -3.76866006853371414E-012
   145. -5.63478262142119000E-012
   146. -1.19612725916190459E-011
   147. -1.17030010816499185E-011
   148.  5.59287329430942195E-012
   149.  1.67786198829282658E-012
   150.  5.03358596487848056E-013
   151.  1.51007578946354447E-013
   152.  4.53022736839063392E-014
   153.  1.35906821051719068E-014
   154.  4.07720463155157267E-015
   155.  1.22316138946547188E-015
   156.  6.39727260143271978E-012
   157.  1.91918178042981642E-012
   158.  5.75754534128945007E-013
   159.  1.72726360238683522E-013
   160.  5.18179080716050668E-014
   161.  1.55453724214815226E-014
   162.  4.66361172644445771E-015
   163.  1.39908351793333747E-015
   164.  1.01762850185894254E-011
   165.  3.05288550557682842E-012
   166.  9.15865651673048850E-013
   167.  2.74759695501914675E-013
   168.  8.24279086505744026E-014
   169. -1.27996205037881005E-011
   170. -3.83988615113643015E-012
   171. -1.36791216079961240E-011
   172. -4.10373648239883818E-012
   173.  9.46290296484643401E-012
   174.  2.83887088945393037E-012
   175.  1.31445518631486449E-011
   176.  3.94336555894459380E-012
   177. -2.23632110386098835E-008
   178. -7.02155264400526864E-012
   179.  1.25866440523932776E-011
   180.  3.77599321571798359E-012
   181.  1.13279796471539508E-012
   182.  3.39839389414618523E-013
   183. -4.89435346582717328E-012
   184. -1.46830603974815207E-012
   185.  8.82675009850596781E-012
   186. -1.20225805689337500E-011
   187. -3.60677417068012597E-012
   188. -1.08203225120403779E-012
   189. -3.24609675361211337E-013
   190. -9.73829026083634263E-014
   191. -2.92148707825090380E-014
   192. -8.76446123475271203E-015
   193. -2.62933837042581424E-015
   194.  1.09663125693870951E-011
   195.  1.46615724834938023E-011
   196.  4.39847174504814197E-012
   197. -5.10747792836068900E-012
   198. -1.53224337850820694E-012
   199.  1.22318016106841675E-011
   200.  3.66954048320525121E-012
   201.  1.10086214496157569E-012
   202. -1.27982145081841480E-011
   203.  4.58188529645365507E-012
   204.  9.95963631635202991E-012
   205.  2.98789089490560930E-012
   206.  8.96367268471682789E-013
   207. -1.09639528561035581E-011
   208. -3.28918585683106840E-012
   209. -1.30601863239712149E-011
   210.  1.13532405732408410E-011
   211.  3.40597217197225230E-012
   212.  1.02179165159167601E-012
   213. -1.10770677838242918E-011
   214. -3.32312033514728818E-012
   215. -9.96936100544186455E-013
   216. -2.99080830163255977E-013
   217. -8.97242490489768082E-014
   218. -6.73915458647716153E-012
   219. -2.02174637594314894E-012
   220. -6.06523912782944804E-013
   221.  1.00879765473570715E-011
   222.  5.42172942616343259E-012
   223.  1.62651882784903010E-012
   224.  4.87955648354709071E-013
   225. -1.28260471800543056E-011
   226. -3.84781415401629298E-012
   227. -1.15434424620488822E-012
   228. -3.46303273861466485E-013
   229. -1.43809754855962303E-011
   230.  9.97763842332903719E-012
   231.  2.99329152699871164E-012
   232.  8.97987458099613654E-013
   233.  2.69396237429884116E-013
   234.  8.08188712289652349E-014
   235.  1.09926458587961510E-011
   236.  3.29779375763884531E-012
   237.  9.89338127291653835E-013
   238.  2.96801438187496171E-013
   239.  8.90404314562488714E-014
   240.  5.16932434093816623E-012
   241.  1.55079730228145003E-012
   242.  9.86831065684694830E-012
   243.  2.96049319705408497E-012
   244.  8.88147959116225492E-013
   245.  2.66444387734867728E-013
   246.  7.99333163204603185E-014
   247.  2.39799948961380968E-014
   248.  7.19399846884143157E-015
   249.  2.15819954065243010E-015
   250.  6.47459862195729149E-016
   251.  1.94237958658718784E-016
   252.  5.82713875976156500E-017
   253.  1.74814162792846987E-017
   254.  5.24442488378541023E-018
   255. -4.95449000017845637E-012
   256. -1.48634700005353723E-012
   257. -4.45904100016061251E-013
   258. -1.33771230004818375E-013
   259. -4.01313690014455227E-014
   260. -7.96888271823229240E-012
   261. -2.39066481546968804E-012
   262. -7.17199444640906534E-013
   263. -2.15159833392272041E-013
   264. -6.45479500176816325E-014
   265. -1.93643850053044948E-014
   266.  5.24212778069847706E-012
   267.  1.57263833420954328E-012
   268.  4.71791500262863105E-013
   269.  5.12004120072302891E-012
   270.  1.53601236021690900E-012
   271.  6.91646864702319906E-012
   272. -4.66111222080788560E-012
   273. -1.39833366624236608E-012
   274. -1.08480834264084118E-011
   275. -3.25442502792252387E-012
   276. -1.31840897315477885E-011
   277.  5.99435414894685345E-012
   278.  1.79830624468405603E-012
   279.  5.39491873405216810E-013
   280.  7.56649892274086666E-012
   281. -9.66216806926611396E-012
   282. -5.58411183821886920E-012
   283.  6.90681218129216680E-012
   284.  2.07204365438765053E-012
   285. -1.08640614440101676E-011
   286.  5.45852404414422443E-012
   287. -6.79598292798851829E-012
   288. -8.86607160101046384E-012
   289. -5.13028412952553844E-012
   290. -5.01371644328860440E-012
   291.  1.24350905798051003E-011
   292.  3.73052717394153137E-012
   293.  1.11915815218245949E-012
   294. -1.46522165455420433E-011
   295. -4.39566496366261397E-012
   296. -7.85542977694264503E-012
   297. -2.35662893308279416E-012
   298. -7.06988679924838327E-013
   299.  1.23218524283795448E-011
   300. -7.11814231855747465E-012
   301. -2.13544269556724288E-012
   302. -7.20639584137962661E-012
   303. -9.93943427769150418E-012
   304. -1.48721752651163087E-011
   305.  2.63300588865535842E-012
   306.  7.89901766596607444E-013
   307.  2.36970529978982314E-013
   308.  7.10911589936946942E-014
   309.  2.13273476981084095E-014
   310.  1.12048057726900692E-011
   311.  3.36144173180702077E-012
   312.  4.93267663409484842E-012
   313.  1.47980299022845477E-012
   314.  5.54766357740878938E-012
   315. -1.12932173073005699E-011
   316.  5.14391134369241059E-012
   317.  6.76399260511672483E-012
   318.  2.02919778153501745E-012
   319.  6.08759334460505396E-013
   320.  1.82627800338151669E-013
   321.  5.47883401014455008E-014
   322.  1.64365020304336502E-014
   323.  8.19325466927719165E-012
   324.  2.45797640078315782E-012
   325.  7.37392920234947547E-013
   326.  2.21217876070484325E-013
   327.  6.63653628211452974E-014
   328. -6.56413684819552462E-012
   329. -1.96924105445865738E-012
   330. -5.90772316337597256E-013
   331. -1.77231694901279217E-013
   332. -5.31695084703837752E-014
   333. -1.59508525411151326E-014
   334. -4.78525576233454072E-015
   335.  5.32791117030697740E-012
   336.  1.59837335109209338E-012
   337.  4.79512005327628176E-013
   338.  5.01067874485209628E-012
   339.  5.10016113847768730E-012
   340.  1.53004834154330627E-012
   341.  4.59014502462991921E-013
   342. -8.33683694883008399E-012
   343.  9.59520506036307768E-012
   344.  6.67064685122102022E-012
   345.  2.00119405536630655E-012
   346.  6.00358216609891965E-013
   347.  1.80107464982967620E-013
   348.  5.23356670943153111E-012
   349. -5.46126104536182452E-012
   350.  5.14748585414153413E-012
   351.  1.54424575624246064E-012
   352.  5.12860466757129696E-012
   353. -1.05148707023286605E-011
   354. -3.15446121069859910E-012
   355. -9.46338363209580054E-013
   356. -2.83901508962874016E-013
   357.  5.78522154666082166E-012
   358. -4.86529874069410054E-012
   359. -1.45958962220823032E-012
   360.  1.05371704405324266E-011
   361.  3.16115113215972799E-012
   362.  8.52983023096224348E-012
   363.  2.55894906928867369E-012
   364.  7.67684720786602188E-013
   365.  9.49870154709497197E-012
   366.  9.13328573004104636E-012
   367.  1.33084514218249875E-011
   368.  3.99253542654749625E-012
   369.  1.19776062796424887E-012
   370. -4.61673066870068505E-012
   371. -1.38501920061020568E-012
   372. -1.38390698745023097E-011
   373. -4.15172096235069325E-012
   374. -1.24551628870520822E-012
   375. -3.73654886611562505E-013
   376.  7.75099386811627250E-012
   377.  8.09714473713506136E-012
   378.  2.42914342114051889E-012
   379. -9.56062156564411371E-012
   380.  6.83569906772377553E-012
   381. -8.80209600651891947E-012
   382.  1.49166585847463456E-011
   383.  4.47499757542390465E-012
   384.  1.34249927262717139E-012
   385.  4.02749781788151418E-013
   386.  4.98192215425208788E-012
   387.  1.49457664627562653E-012
   388.  4.48372993882688119E-013
   389.  1.34511898164806446E-013
   390.  4.03535694494419338E-014
   391. -7.99069471945244785E-012
   392. -5.71932681166784278E-012
   393. -1.71579804350035332E-012
   394. -6.73178390626928713E-012
   395.  6.88896938828508157E-012
   396.  7.47209646887990110E-012
   397.  2.24162894066397049E-012
   398.  6.72488682199191309E-013
   399.  2.01746604659757373E-013
   400.  6.05239813979272269E-014
   401.  1.81571944193781681E-014
   402.  5.44715832581345074E-015
   403.  1.63414749774403569E-015
   404.  4.90244249323210866E-016
   405.  1.47073274796963270E-016
   406.  4.41219824390889834E-017
   407.  1.32365947317266950E-017
   408.  3.97097841951800881E-018
   409.  4.30883026401183623E-012
   410.  1.29264907920355095E-012
   411.  3.87794723761065305E-013
   412. -7.06422132687716596E-012
   413. -7.32489272368967468E-012
   414. -2.19746781710690273E-012
   415.  9.57609842692244192E-012
   416.  2.87282952807673274E-012
   417.  8.61848858423019983E-013
   418.  7.03456518342357764E-012
   419. -1.20348935184132184E-011
   420. -3.61046805552396681E-012
   421.  1.08288557852552099E-011
   422. -8.74619508401761650E-012
   423.  5.15949757159474278E-012
   424.  1.54784927147842324E-012
   425.  4.94054009796958777E-012
   426.  1.48216202939087641E-012
   427.  8.85711796023091975E-012
   428.  2.65713538806927625E-012
   429.  7.97140616420783117E-013
   430.  1.10878640426207802E-011
   431. -5.91913271313591003E-012
   432. -6.50585738312578210E-012
   433. -1.95175721493773495E-012
   434. -1.03479376788457964E-011
   435. -3.10438130365373925E-012
   436. -9.31314391096121775E-013
   437.  1.27986734651382635E-011
   438.  7.01536833912514583E-012
   439.  2.10461050173754391E-012
   440.  6.31383150521263214E-013
   441.  1.89414945156378974E-013
   442.  5.68244835469136923E-014
   443. -6.78410851877030956E-012
   444. -2.03523255563109287E-012
   445. -6.10569766689327860E-013
   446. -1.83170930006798378E-013
   447. -5.49512790020395135E-014
   448. -5.15829331324241209E-012
   449. -5.34465450325482770E-012
   450. -1.60339635097644847E-012
   451. -4.81018905292934541E-013
   452. -1.44305671587880373E-013
   453. -4.32917014763641219E-014
   454. -1.29875104429092403E-014
   455. -3.89625313287277305E-015
   456. -1.16887593986183191E-015
   457. -3.50662781958549594E-016
   458.  1.15073466630898060E-011
   459.  3.45220399892694243E-012
   460.  1.03566119967808289E-012
   461.  3.10698359903424867E-013
   462.  9.32095079710274754E-014
   463.  2.79628523913082477E-014
   464.  8.38885571739247430E-015
   465. -1.12862342518804817E-011
   466.  5.27101086235521418E-012
   467.  1.58130325870656425E-012
   468.  4.74390977611969316E-013
   469.  1.42317293283590795E-013
   470.  1.06854064745904416E-011
   471. -8.61939105042376597E-012
   472. -2.58581731512713011E-012
   473. -7.75745194538139196E-013
   474. -2.32723558361441799E-013
   475. -6.98170675084325448E-014
   476. -2.09451202525297647E-014
   477. -6.28353607575892941E-015
   478. -1.88506082272767882E-015
   479. -5.65518246818303765E-016
   480. -1.69655474045491179E-016
   481.  6.29742753675636983E-012
   482.  1.88922826102691111E-012
   483.  5.66768478308073333E-013
   484. -6.04047720603630379E-012
   485.  5.27856670448767122E-012
   486.  7.27119184245002457E-012
   487. -1.06519401470484746E-011
   488. -3.19558204411454206E-012
   489.  7.26222269003803091E-012
   490. -7.09806099569721842E-012
   491. -2.12941829870916553E-012
   492. -6.38825489612749779E-013
   493. -1.91647646883824944E-013
   494. -5.74942940651475033E-014
   495.  1.45054627259725712E-011
   496.  4.35163881779177200E-012
   497.  1.30549164533753192E-012
   498.  3.91647493601259577E-013
   499.  1.17494248080377913E-013
   500.  3.52482744241133791E-014
   501.  1.05744823272340156E-014
   502. -9.58583445102189794E-012
   503. -2.87575033530657019E-012
   504. -8.62725100591971219E-013
   505. -2.58817530177591426E-013
   506. -7.76452590532774481E-014
   507. -2.32935777159832407E-014
   508. -1.35840577940596442E-011
   509. -4.07521733821789357E-012
   510.  1.14734048919652372E-011
   511.  3.44202146758957117E-012
   512.  1.03260644027687151E-012
   513. -6.69202430788767489E-012
   514. -2.00760729236630295E-012
   515. -6.02282187709891007E-013
   516.  1.10685742853258075E-011
   517.  3.32057228559774224E-012
   518. -6.21117557929951485E-012
   519. -1.86335267378985462E-012
   520. -5.59005802136956547E-013
   521. -1.67701740641086984E-013
   522. -1.17079177146832870E-011
   523. -3.51237531440498740E-012
   524. -1.05371259432149622E-012
   525. -3.16113778296448947E-013
   526. -9.48341334889346942E-014
   527. -5.21820149216420507E-012
   528. -1.56546044764926168E-012
   529. -4.69638134294778667E-013
   530.  1.38060075747831836E-011
   531.  4.14180227243495541E-012
   532.  1.24254068173048679E-012
   533.  3.72762204519146056E-013
   534.  1.11828661355743827E-013
   535.  3.35485984067231582E-014
   536.  1.00645795220169493E-014
   537.  1.36397186840319762E-011
   538.  4.09191560520959287E-012
   539.  1.22757468156287810E-012
   540. -6.52199258073546159E-012
   541. -1.95659777422063864E-012
   542. -1.16065740822283111E-011
   543. -3.48197222466849366E-012
   544. -1.11508092415434113E-011
   545. -3.34524277246302371E-012
   546.  1.08380521600582996E-011
   547.  3.25141564801749021E-012
   548.  7.83087605698163418E-012
   549.  2.34926281709449074E-012
   550. -5.05993503469889009E-012
   551. -1.51798051040966719E-012
   552.  4.83483297309198191E-012
   553. -7.44688763756097007E-012
   554. -2.23406629126829102E-012
   555. -6.70219887380487428E-013
   556. -6.14227609204559992E-012
   557. -1.84268282761368030E-012
   558. -5.52804848284104090E-013
   559. -1.65841454485231227E-013
   560. -4.97524363455693732E-014
   561. -1.49257309036708170E-014
   562. -4.47771927110124573E-015
   563. -3.87782460413520024E-012
   564.  5.42084805225281585E-012
   565.  1.62625441567584524E-012
   566.  4.87876324702753612E-013
   567.  1.46362897410826084E-013
   568.  6.81653077857017643E-012
   569.  2.04495923357105341E-012
   570. -1.11659440501163044E-011
   571. -1.41188774409673576E-011
   572. -4.23566323229020728E-012
   573. -1.27069896968706218E-012
   574. -3.81209690906118696E-013
   575. -1.14362907271835629E-013
   576. -3.43088721815506912E-014
   577. -1.02926616544652099E-014
   578. -1.05077288093228055E-011
   579.  7.00507245616110046E-012
   580.  2.10152173684833062E-012
   581.  6.18468623774964802E-012
   582.  1.85540587132489441E-012
   583.  7.67388016954652031E-012
   584.  1.12039559107574708E-011
   585.  3.36118677322724158E-012
   586.  7.21477379197313600E-012
   587.  2.16443213759194096E-012
   588. -8.03189055669426721E-012
   589.  4.82673301189577859E-012
   590.  1.44801990356873390E-012
   591.  4.34405971070620331E-013
   592.  1.30321791321186099E-013
   593.  3.90965373963558323E-014
   594. -1.04554455001012905E-011
   595.  8.22324081434989540E-012
   596.  2.46697224430496894E-012
   597.  7.40091673291490845E-013
   598.  2.22027501987447314E-013
   599. -5.93662520088080798E-012
   600. -1.78098756026424256E-012
   601.  1.19729182263361702E-011
   602.  3.59187546790085169E-012
   603.  1.07756264037025575E-012
   604.  3.23268792111076725E-013
   605.  9.69806376333230427E-014
   606.  2.90941912899969204E-014
   607.  1.49749638445622136E-011
   608.  4.49248915336866506E-012
   609.  1.34774674601059952E-012
