  10.000   3.4999999225496397     
  11.000   3.4999996208072628     
  12.000   3.4999985752777274     
  13.000   3.4999956333283562     
  14.000   3.4999885953859167     
  15.000   3.4999737925463501     
  16.000   3.4999457241492733     
  17.000   3.4998968189614117     
  18.000   3.4998173551094491     
  19.000   3.4996955418881321     
  20.000   3.4995177422103447     
  21.000   3.4992687994265985     
  22.000   3.4989324285328189     
  23.000   3.4984916330411515     
  24.000   3.4979291151629694     
  25.000   3.4972276560586897     
  26.000   3.4963704500099455     
  27.000   3.4953413841688445     
  28.000   3.4941252613284486     
  29.000   3.4927079666701437     
  30.000   3.4910765834343800     
  31.000   3.4892194629674904     
  32.000   3.4871262560255580     
  33.000   3.4847879121150855     
  34.000   3.4821966533658042     
  35.000   3.4793459288184865     
  36.000   3.4762303545461122     
  37.000   3.4728456435391126     
  38.000   3.4691885297359200     
  39.000   3.4652566887119125     
  40.000   3.4610486576096062     
  41.000   3.4565637561225793     
  42.000   3.4518020099144620     
  43.000   3.4467640774676185     
  44.000   3.4414511810391462     
  45.000   3.4358650421463253     
  46.000   3.4300078217683168     
  47.000   3.4238820655236539     
  48.000   3.4174906532836777     
  49.000   3.4108367537134066     
  50.000   3.4039237830631737     
  51.000   3.3967553681468319     
  52.000   3.3893353132003394     
  53.000   3.3816675703310350     
  54.000   3.3737562132637979     
  55.000   3.3656054140933498     
  56.000   3.3572194227605254     
  57.000   3.3486025489826581     
  58.000   3.3397591463832179     
  59.000   3.3306935985825445     
  60.000   3.3214103070290002     
  61.000   3.3119136803328875     
  62.000   3.3022081251251674     
  63.000   3.2922980377625004     
  64.000   3.2821877974002653     
  65.000   3.2718817598002543     
  66.000   3.2613842519496412     
  67.000   3.2506995673523766     
  68.000   3.2398319618993736     
  69.000   3.2287856502355874     
  70.000   3.2175648025526709     
  71.000   3.2061735417456574     
  72.000   3.1946159408806629     
  73.000   3.1828960209284416     
  74.000   3.1710177487254438     
  75.000   3.1589850351300490     
  76.000   3.1468017333098812     
  77.000   3.1344716373576738     
  78.000   3.1219984806750114     
  79.000   3.1093859348222574     
  80.000   3.0966376082945462     
  81.000   3.0837570454225385     
  82.000   3.0707477253559019     
  83.000   3.0576130611234031     
  84.000   3.0443563987647453     
  85.000   3.0309810165304270     
  86.000   3.0174901241465895     
  87.000   3.0038868621424535     
  88.000   2.9901743012007169     
  89.000   2.9763554417511431     
  90.000   2.9624332132598625     
  91.000   2.9484104739292678     
  92.000   2.9342900102778837     
  93.000   2.9200745368070766     
  94.000   2.9057666957186195     
  95.000   2.8913690566812411     
  96.000   2.8768841166441224     
  97.000   2.8623142996951327     
  98.000   2.8476619569222557     
  99.000   2.8329293665061819     
  100.00   2.8181187334759596     
  101.00   2.8032321898649886     
  102.00   2.7882717947192086     
  103.00   2.7732395341687330     
  104.00   2.7581373215246905     
  105.00   2.7429669973980824     
  106.00   2.7277303297980340     
  107.00   2.7124290144371743     
  108.00   2.6970646746756608     
  109.00   2.6816388618386053     
  110.00   2.6661530553611446     
  111.00   2.6506086629706851     
  112.00   2.6350070208682697     
  113.00   2.6193493938653361     
  114.00   2.6036369757100362     
  115.00   2.5878708890206843     
  116.00   2.5720521855779777     
  117.00   2.5561818464193915     
  118.00   2.5402607819493928     
  119.00   2.5242898319857625     
  120.00   2.5082697659802555     
  121.00   2.4922012828231868     
  122.00   2.4760850109925507     
  123.00   2.4599215084857327     
  124.00   2.4437112627087973     
  125.00   2.4274546905189780     
  126.00   2.4111521378478900     
  127.00   2.3948038796405964     
  128.00   2.3784101195676688     
  129.00   2.3619709896739023     
  130.00   2.3454865501758948     
  131.00   2.3289567887982159     
  132.00   2.3123816204289458     
  133.00   2.2957608864757253     
  134.00   2.2790943543845721     
  135.00   2.2623817166896316     
  136.00   2.2456225903517284     
  137.00   2.2288165157800179     
  138.00   2.2119629560033913     
  139.00   2.1950612953297299     
  140.00   2.1781108382857086     
  141.00   2.1611108081976118     
  142.00   2.1440603459220804     
  143.00   2.1269585079781770     
  144.00   2.1098042649256987     
  145.00   2.0925964996101354     
  146.00   2.0753340048259385     
  147.00   2.0580154811794977     
  148.00   2.0406395347945860     
  149.00   2.0232046743304535     
  150.00   2.0057093084351658     
  151.00   1.9881517423305068     
  152.00   1.9705301745066937     
  153.00   1.9528426931893117     
  154.00   1.9350872720119534     
  155.00   1.9172617660250695     
  156.00   1.8993639066366061     
  157.00   1.8813912968324948     
  158.00   1.8633414052854884     
  159.00   1.8452115606547359     
  160.00   1.8269989446887931     
  161.00   1.8087005854376157     
  162.00   1.7903133491370422     
  163.00   1.7718339321244669     
  164.00   1.7532588512409268     
  165.00   1.7345844341345704     
  166.00   1.7158068081199880     
  167.00   1.6969218880407779     
  168.00   1.6779253634343816     
  169.00   1.6588126839283501     
  170.00   1.6395790434943793     
  171.00   1.6202193631280251     
  172.00   1.6007282715436095     
  173.00   1.5811000843767520     
  174.00   1.5613287807038914     
  175.00   1.5414079773177596     
  176.00   1.5213309001456508     
  177.00   1.5010903524866157     
  178.00   1.4806786795835301     
  179.00   1.4600877293249095     
  180.00   1.4393088077463059     
  181.00   1.4183326296119247     
  182.00   1.3971492624775290     
  183.00   1.3757480638894972     
  184.00   1.3541176096406566     
  185.00   1.3322456130645302     
  186.00   1.3101188323559860     
  187.00   1.2877229648504298     
  188.00   1.2650425251279309     
  189.00   1.2420607051462409     
  190.00   1.2187592109030305     
  191.00   1.1951180729072564     
  192.00   1.1711154239949364     
  193.00   1.1467272372304920     
  194.00   1.1219270154194920     
  195.00   1.0966854204771395     
  196.00   1.0709698278270792     
  197.00   1.0447437867781026     
  198.00   1.0179663607123091     
  199.00  0.99059131378870269     
  200.00  0.96256609698663653     
  201.00  0.93383057073146924     
  202.00  0.90431537409818341     
  203.00  0.87393981485214312     
  204.00  0.84260909428793229     
  205.00  0.81021059326506983     
  206.00  0.77660879846904618     
  207.00  0.74163820644566480     
  208.00  0.70509312423809867     
  209.00  0.66671252769924250     
  210.00  0.62615669268392993     
  211.00  0.58296937465326093     
  212.00  0.53651283990635168     
  213.00  0.48584729942921889     
  214.00  0.42948249335119948     
  215.00  0.36478225813921838     
  216.00  0.28614244249170090     
  217.00  0.17574608302980296     
  218.00  6.20054436011539019E-007
  219.00  1.24790924370207143E-007
  220.00  1.22012122810184380E-007
  221.00  1.22005916935294707E-007
  222.00  1.04320162588429092E-007
  223.00  1.04311738626382231E-007
  224.00  1.52734572395483316E-007
  225.00  7.29684259015180060E-012
  226.00  2.18905277704553994E-012
  227.00  6.56715833113662022E-013
  228.00 -3.16604568895124896E-012
  229.00 -4.56899511254730401E-012
  230.00 -3.24665078205053670E-012
  231.00  3.26208183766543493E-012
  232.00 -5.40178072781886377E-008
  233.00 -5.40170387128450204E-008
  234.00  6.70287397733087385E-008
  235.00  3.30747379987082251E-012
  236.00  1.31309583070372567E-011
  237.00  3.22058851967511616E-012
  238.00  9.66176555902534524E-013
  239.00 -1.68086451946526339E-012
  240.00 -5.04259355839579017E-013
  241.00  2.83148102336703980E-012
  242.00  8.49444307010111457E-013
  243.00 -3.14049910339511323E-012
  244.00 -9.42149731018535261E-013
  245.00 -2.82644919305560336E-013
  246.00 -8.47934757916680604E-014
  247.00 -4.47302488095102915E-008
  248.00 -3.47749246875214789E-012
  249.00  1.29062627585622563E-012
  250.00  3.87187882756867690E-013
  251.00  2.97384063715247887E-012
  252.00  8.92152191145743257E-013
  253.00 -2.78154527200167556E-012
  254.00 -8.13039408930905893E-013
  255.00 -1.37221876931673250E-012
  256.00  5.57893918647919974E-012
  257.00  1.67368175594375920E-012
  258.00  5.02104526783127597E-013
  259.00  1.50631358034938289E-013
  260.00  4.51894074104815196E-014
  261.00  1.79086114183688145E-012
  262.00  5.37258342551064839E-013
  263.00  4.32107168234923160E-012
  264.00  2.74810913638325665E-011
  265.00 -2.34610896759833162E-011
  266.00  2.16097449073014271E-012
  267.00 -1.41146749083954124E-011
  268.00 -4.23440247251862338E-012
  269.00 -1.27032074175558677E-012
  270.00  6.84149987115458093E-012
  271.00  2.05244996134637525E-012
  272.00  6.15734988403912816E-013
  273.00  1.84720496521173850E-013
  274.00  5.54161489563521664E-014
  275.00  1.66248446869056455E-014
  276.00  4.98745340607169554E-015
  277.00  1.49623602182150917E-015
  278.00  1.43587484336574046E-011
  279.00  4.30762453009722139E-012
  280.00 -1.50111883696132644E-011
  281.00 -4.50335651088397899E-012
  282.00 -2.32989146674965485E-011
  283.00 -7.60202832953900045E-012
  284.00 -2.28060849886170078E-012
  285.00 -6.84182549658510194E-013
  286.00 -1.42566266686212287E-011
  287.00 -4.27698800058636926E-012
  288.00  9.43936775555938751E-013
  289.00  2.83181032666781867E-013
  290.00  8.49543098000346410E-014
  291.00  2.54862929400103772E-014
  292.00  7.64588788200311315E-015
  293.00  2.29376636460093110E-015
  294.00 -1.35294132226992881E-012
  295.00  2.85854865293999349E-011
  296.00 -2.25728195252733259E-012
  297.00 -3.69930314457536651E-013
  298.00 -1.10979094337261359E-013
  299.00 -3.32937283011784480E-014
  300.00 -9.98811849035355460E-015
  301.00 -2.99643554710606007E-015
  302.00 -8.98930664131821176E-016
  303.00 -3.45507997797316282E-012
  304.00  2.75808311968879252E-011
  305.00  8.27424935906637918E-012
  306.00  2.48227480771991391E-012
  307.00  7.44682442315974376E-013
  308.00  2.23404732694792353E-013
  309.00  1.96689573932104538E-012
  310.00  3.45393279236352716E-012
  311.00  1.03617983770905782E-012
  312.00  3.10853951312717145E-013
  313.00  9.32561853938151638E-014
  314.00  2.79768556181445794E-014
  315.00  8.07404309468726002E-013
  316.00  2.42221292840617397E-013
  317.00  7.26663878521852897E-014
  318.00  2.17999163556555869E-014
  319.00  6.53997490669668238E-015
  320.00  1.96199247200900440E-015
  321.00  5.88597741602701241E-016
  322.00  1.76579322480810293E-016
  323.00  5.29737967442430584E-017
  324.00  1.58921390232729496E-017
  325.00  4.76764170698188487E-018
  326.00  1.43029251209456485E-018
  327.00 -1.09391394387375053E-012
  328.00 -1.54671766193175249E-011
  329.00 -4.64015298579525859E-012
  330.00 -1.39204589573857750E-012
  331.00 -4.17613768721573320E-013
  332.00 -1.25284130616472001E-013
  333.00  4.64558361466647907E-013
  334.00  4.24636429971433163E-012
  335.00  1.27390928991430005E-012
  336.00  1.20299930332599714E-011
  337.00 -4.02824229695333661E-012
  338.00 -1.20847268908600123E-012
  339.00 -4.89532205547204992E-012
  340.00 -1.46859661664161465E-012
  341.00 -2.50008270405538027E-011
  342.00 -7.50024811216614275E-012
  343.00 -2.25007443364984347E-012
  344.00 -6.75022330094953163E-013
  345.00 -2.02506699028486014E-013
  346.00  8.43096589455971594E-012
  347.00  2.52928976836791575E-012
  348.00  7.58786930510374806E-013
  349.00  2.27636079153112432E-013
  350.00  6.82908237459337346E-014
  351.00 -7.00605884586397888E-013
  352.00 -2.10181765375918397E-013
  353.00 -6.30545296127755191E-014
  354.00 -4.15113018770862643E-012
  355.00  7.99821554414193000E-014
  356.00 -4.75329974143801161E-012
  357.00 -1.51658434218369501E-012
  358.00 -1.54536051648288031E-011
  359.00  4.47120576768753227E-008
  360.00  3.50362304891043523E-012
  361.00  1.05108691467313105E-012
  362.00  5.81443260736380110E-012
  363.00  1.74432978220914033E-012
  364.00  5.23298934662741917E-013
  365.00  1.56989680398822656E-013
  366.00  4.70969041196468221E-014
  367.00  1.41290712358940441E-014
  368.00  4.23872137076821339E-015
  369.00  1.27161641123046386E-015
  370.00  3.81484923369139276E-016
  371.00 -3.51610901872761532E-012
  372.00 -1.05483270561828484E-012
  373.00 -3.16449811685485613E-013
  374.00  2.37238275456878147E-012
  375.00  3.62906857645861102E-012
  376.00  1.08872057293758363E-012
  377.00  3.26616171881275230E-013
  378.00 -1.34655750397244519E-011
  379.00 -4.03967251191733701E-012
  380.00 -1.21190175357520155E-012
  381.00 -6.11831651697301888E-013
  382.00  3.46512311800425433E-012
  383.00 -1.54441758343263965E-011
  384.00  3.38292662995189306E-011
  385.00  1.01487798898556802E-011
  386.00  3.04463396695670453E-012
  387.00 -2.83529304383946765E-012
  388.00 -8.50587913151839649E-013
  389.00 -2.55176373945552177E-013
  390.00 -7.65529121836655926E-014
  391.00 -2.29658736550996879E-014
  392.00 -6.88976209652991899E-015
  393.00 -2.06692862895897664E-015
  394.00 -6.20078588687693466E-016
  395.00 -1.86023576606308119E-016
  396.00 -5.58070729818923962E-017
  397.00 -1.67421218945677090E-017
  398.00  1.75282757505128210E-011
  399.00 -1.97921982530487303E-012
  400.00 -5.93765947591462393E-013
  401.00 -1.78129784277438879E-013
  402.00 -5.34389352832315528E-014
  403.00 -1.60316805849694633E-014
  404.00 -4.80950417549083457E-015
  405.00 -2.63480707058586869E-012
  406.00 -7.90442121175760687E-013
  407.00 -2.73383780256737186E-011
  408.00 -8.20151340770211557E-012
  409.00 -3.33804757611472575E-012
  410.00 -1.00141427283441805E-012
  411.00 -3.00424281850325213E-013
  412.00 -2.49205569229025515E-012
  413.00  1.46841245359445398E-012
  414.00  4.40523736078337002E-013
  415.00  2.90060754645098269E-015
  416.00 -3.43501020413961733E-012
  417.00  2.09853149186092082E-012
  418.00  6.29559447558276408E-013
  419.00  1.88867834267482923E-013
  420.00  5.66603502802448263E-014
  421.00  1.69981050840734731E-014
  422.00  5.09943152522204446E-015
  423.00 -5.96841500143944216E-012
  424.00  2.90541669967192602E-012
  425.00  8.71625009901578452E-013
  426.00  2.61487502970473536E-013
  427.00  7.84462508911421516E-014
  428.00  2.35338752673426303E-014
  429.00 -1.80847104384052549E-011
  430.00 -5.42541313152157615E-012
  431.00 -1.62762393945647333E-012
  432.00 -4.88287181836942120E-013
  433.00 -1.46486154551082641E-013
  434.00  7.95607532701268986E-012
  435.00  1.68137172358730638E-011
  436.00 -3.08057854370230580E-012
  437.00 -9.24173563110692064E-013
  438.00 -9.26965124504609741E-012
  439.00  7.23042925879695706E-012
  440.00  5.26712259254337851E-012
  441.00  4.20674680709508697E-012
  442.00  1.26202404212852609E-012
  443.00  3.78607212638557948E-013
  444.00 -7.55600268715596966E-012
  445.00 -2.26680080614679090E-012
  446.00 -1.59036798880221463E-011
  447.00 -4.77110396640664519E-012
  448.00 -1.43133118992199392E-012
  449.00 -4.29399356976598197E-013
  450.00 -1.69808633890912487E-011
  451.00 -5.09425901672737557E-012
  452.00 -1.52827770501821287E-012
  453.00 -4.58483311505463922E-013
  454.00 -1.37544993451639192E-013
  455.00 -4.12634980354917676E-014
  456.00 -1.52588467299087869E-012
  457.00 -4.57765401897263688E-013
  458.00 -9.65339756700571727E-012
  459.00 -2.89601927010171631E-012
  460.00 -8.68805781030514813E-013
  461.00 -2.60641734309154504E-013
  462.00 -7.81925202927463513E-014
  463.00  2.01659300236190045E-012
  464.00  6.04977900708569973E-013
  465.00  1.81493370212570830E-013
  466.00  5.44480110637712087E-014
  467.00  1.63344033191313702E-014
  468.00 -6.32968379801994360E-012
  469.00 -1.89890513940598372E-012
  470.00  3.53919453092527666E-012
  471.00  1.06175835927758300E-012
  472.00  3.18527507783274970E-013
  473.00  8.14986873149459238E-012
  474.00  2.44496061944837820E-012
  475.00  7.33488185834513339E-013
  476.00  2.20046455750353961E-013
  477.00 -9.89255164425854788E-012
  478.00 -2.96776549327756598E-012
  479.00 -2.95781820711438919E-013
  480.00 -4.26116016738379761E-012
  481.00 -1.27834805021513944E-012
  482.00 -3.83504415064541874E-013
  483.00  2.58656150998398588E-012
  484.00  7.75968452995195844E-013
  485.00 -1.90866758650421510E-013
  486.00  2.64742160186436469E-012
  487.00  1.44657177736472457E-012
  488.00  4.33971533209417491E-013
  489.00  1.30191459962825227E-013
  490.00  4.48061271101635441E-013
  491.00  2.02465528329713578E-012
  492.00  6.07396584989140977E-013
  493.00  1.82218975496742374E-013
  494.00 -5.17991452403947213E-012
  495.00 -1.55397435721184261E-012
  496.00 -4.66192307163553106E-013
  497.00 -1.39857692149065891E-013
  498.00 -4.19573076447197775E-014
  499.00 -1.25871922934159307E-014
  500.00 -1.84538525862559669E-011
  501.00 -5.53615577587679054E-012
  502.00 -1.66084673276303740E-012
  503.00 -4.98254019828911322E-013
  504.00 -1.49476205948673427E-013
  505.00 -4.48428617846020382E-014
  506.00 -3.92527849186818405E-012
  507.00 -1.17758354756045509E-012
  508.00 -1.55753269255530695E-011
  509.00  2.72323516262286303E-012
  510.00  3.07861277800081288E-012
  511.00  9.23583833400244672E-013
  512.00 -4.13965882394749414E-012
  513.00 -1.24189764718424877E-012
  514.00  1.62138302639458232E-011
  515.00  4.86414907918374857E-012
  516.00  1.45924472375512494E-012
  517.00 -1.32462728323897883E-012
  518.00 -7.73120203111155325E-012
  519.00 -2.31936060933346646E-012
  520.00 -6.95808182800039736E-013
  521.00 -2.08742454840011911E-013
  522.00 -6.26227364520035934E-014
  523.00 -5.56177704015268105E-012
  524.00 -1.66853311204580448E-012
  525.00 -5.00559933613741504E-013
  526.00  1.01187207354340517E-011
  527.00 -2.48643380603953859E-012
  528.00 -7.45930141811863031E-013
  529.00 -2.23779042543559232E-013
  530.00 -1.30917072720597294E-011
  531.00 -2.17138258978988419E-012
  532.00 -6.51414776936965258E-013
  533.00 -1.95424433081089618E-013
  534.00  1.55094742053026092E-011
  535.00  8.94672124534327485E-014
  536.00 -1.05666431624660687E-012
  537.00 -1.63820141044657013E-011
  538.00 -4.91460423133971184E-012
  539.00 -1.47438126940191379E-012
  540.00 -8.36846229362598064E-012
  541.00 -3.19406353183834074E-012
  542.00 -1.76715402311109343E-011
  543.00 -6.06493799738459411E-013
  544.00 -1.81948139921538106E-013
  545.00  1.29177938275145784E-012
  546.00  3.87533814825437594E-013
  547.00  2.87620933548475896E-013
  548.00  8.62862800645422437E-014
  549.00  2.58858840193626731E-014
  550.00  7.76576520580881203E-015
  551.00  2.87094434278579232E-012
  552.00  8.61283302835739150E-013
  553.00  3.58890027939448677E-011
  554.00  1.07667008381834606E-011
  555.00  3.23001025145503860E-012
  556.00  2.05489109869365378E-012
  557.00  6.16467329608096135E-013
  558.00 -1.52005274073728779E-012
  559.00  4.16153646334004355E-011
  560.00  1.24846093900201339E-011
  561.00 -4.23797773611958983E-012
  562.00 -1.16955962323512565E-012
  563.00 -3.50867886970537655E-013
  564.00 -1.05260366091161216E-013
  565.00 -3.15781098273483647E-014
  566.00 -9.47343294820450688E-015
  567.00 -2.84202988446135333E-015
  568.00  6.72329609708006214E-012
  569.00  1.63936063612538605E-011
  570.00  4.91808190837615879E-012
  571.00  1.47542457251284784E-012
  572.00  4.42627371753854442E-013
  573.00  7.98924078434381770E-012
  574.00  1.68779338081360584E-012
  575.00  5.06338014244080135E-013
  576.00  1.51901404273224121E-013
  577.00  4.55704212819673071E-014
  578.00  1.36711263845901820E-014
  579.00  1.36775529589995725E-012
  580.00  3.01737595260824981E-012
  581.00  1.86422959009841320E-012
  582.00  5.59268877029523838E-013
  583.00 -1.65073769757039228E-011
  584.00 -4.95221309271117780E-012
  585.00 -1.48566392781335334E-012
  586.00 -3.76896544445077861E-011
  587.00 -1.13068963333523368E-011
  588.00 -3.39206890000570169E-012
  589.00  4.40706373116361167E-012
  590.00  1.32211911934908366E-012
  591.00  3.96635735804725018E-013
  592.00  1.18990720741417525E-013
  593.00  3.56972162224252879E-014
  594.00  1.07091648667275965E-014
  595.00 -4.82183587089691277E-013
  596.00 -1.44655076126907666E-013
  597.00 -4.33965228380722997E-014
  598.00 -1.30189568514217303E-014
  599.00 -3.90568705542652161E-015
  600.00 -4.00457030196934654E-014
  601.00  8.10077706499605189E-013
  602.00  1.15030741887861416E-012
  603.00  1.41943148002021433E-011
  604.00  4.25829444006064397E-012
  605.00  4.89184949922783348E-012
  606.00  1.46755484976834956E-012
  607.00 -2.76074081935754323E-013
  608.00 -8.28222245807263778E-014
  609.00  1.18555153917863559E-011
