   10.0  0.99999998278741398     
   11.0  0.99999991573494729     
   12.0  0.99999968339505052     
   13.0  0.99999902962852361     
   14.0  0.99999746564131486     
   15.0  0.99999417612141117     
   16.0  0.99998793869983837     
   17.0  0.99997707088031229     
   18.0  0.99995941224653517     
   19.0  0.99993234264176145     
   20.0  0.99989283160210152     
   21.0  0.99983751098294826     
   22.0  0.99976276189371605     
   23.0  0.99966480733507679     
   24.0  0.99953980334926618     
   25.0  0.99938392351728655     
   26.0  0.99919343321459053     
   27.0  0.99896475176974275     
   28.0  0.99869450195685194     
   29.0  0.99837954703271492     
   30.0  0.99801701641629981     
   31.0  0.99760432122064169     
   32.0  0.99713916116461443     
   33.0  0.99661952436967416     
   34.0  0.99604368148365030     
   35.0  0.99541017543782484     
   36.0  0.99471780804064414     
   37.0  0.99396562428117974     
   38.0  0.99315289531596285     
   39.0  0.99227910069805125     
   40.0  0.99134391042306946     
   41.0  0.99034716719611104     
   42.0  0.98928886922789061     
   43.0  0.98816915378285042     
   44.0  0.98698828163169516     
   45.0  0.98574662250420764     
   46.0  0.98444464158599221     
   47.0  0.98308288711904479     
   48.0  0.98166197898831842     
   49.0  0.98018259840573752     
   50.0  0.97864547854330819     
   51.0  0.97705139610304848     
   52.0  0.97540116375751229     
   53.0  0.97369562339820004     
   54.0  0.97193564012805223     
   55.0  0.97012209693471851     
   56.0  0.96825588998300205     
   57.0  0.96633792446742606     
   58.0  0.96436911096899980     
   59.0  0.96235036226378357     
   60.0  0.96028259053456078     
   61.0  0.95816670493290512     
   62.0  0.95600360949687246     
   63.0  0.95379420127259706     
   64.0  0.95153936875644030     
   65.0  0.94923999051578900     
   66.0  0.94689693400527519     
   67.0  0.94451105454686923     
   68.0  0.94208319445230426     
   69.0  0.93961418226882365     
   70.0  0.93710483213152551     
   71.0  0.93455594320769875     
   72.0  0.93196829922040092     
   73.0  0.92934266804024024     
   74.0  0.92667980133581673     
   75.0  0.92398043427460574     
   76.0  0.92124528525876404     
   77.0  0.91847505574011856     
   78.0  0.91567042998529480     
   79.0  0.91283207494962493     
   80.0  0.90996064013557498     
   81.0  0.90705675748017744     
   82.0  0.90412104126101378     
   83.0  0.90115408801851971     
   84.0  0.89815647649271291     
   85.0  0.89512876757273252     
   86.0  0.89207150425779080     
   87.0  0.88898521162832278     
   88.0  0.88587039681740298     
   89.0  0.88272754903370243     
   90.0  0.87955713950670589     
   91.0  0.87635962152181390     
   92.0  0.87313543042022967     
   93.0  0.86988498361187494     
   94.0  0.86660868059259044     
   95.0  0.86330690296492651     
   96.0  0.85998001446184924     
   97.0  0.85662836097268402     
   98.0  0.85325227056112507     
   99.0  0.84985205353052118     
   100.  0.84642800239877947     
   101.  0.84298039196144570     
   102.  0.83950947931033593     
   103.  0.83601550385890988     
   104.  0.83249868736523702     
   105.  0.82895923395191129     
   106.  0.82539733011246363     
   107.  0.82181314476112355     
   108.  0.81820682918473919     
   109.  0.81457851707967455     
   110.  0.81092832453830954     
   111.  0.80725635003736451     
   112.  0.80356267441880069     
   113.  0.79984736085235275     
   114.  0.79611045483959320     
   115.  0.79235198411133434     
   116.  0.78857195860992491     
   117.  0.78477037041495723     
   118.  0.78094719366686727     
   119.  0.77710238446801527     
   120.  0.77323588082340555     
   121.  0.76934760246746892     
   122.  0.76543745077481107     
   123.  0.76150530860887578     
   124.  0.75755104015376806     
   125.  0.75357449078130212     
   126.  0.74957548680150110     
   127.  0.74555383529119135     
   128.  0.74150932385685964     
   129.  0.73744172037468581     
   130.  0.73335077276509608     
   131.  0.72923620863687522     
   132.  0.72509773501124464     
   133.  0.72093503795853564     
   134.  0.71674778227285019     
   135.  0.71253561101138085     
   136.  0.70829814510551625     
   137.  0.70403498287728661     
   138.  0.69974569958950739     
   139.  0.69542984684515707     
   140.  0.69108695205571979     
   141.  0.68671651779992537     
   142.  0.68231802121487684     
   143.  0.67789091320764427     
   144.  0.67343461772468594     
   145.  0.66894853097221840     
   146.  0.66443202045765615     
   147.  0.65988442407395953     
   148.  0.65530504912499543     
   149.  0.65069317113673153     
   150.  0.64604803277760814     
   151.  0.64136884250920223     
   152.  0.63665477324912534     
   153.  0.63190496094762982     
   154.  0.62711850290860816     
   155.  0.62229445618609480     
   156.  0.61743183563969861     
   157.  0.61252961204579193     
   158.  0.60758670984842156     
   159.  0.60260200493568450     
   160.  0.59757432202325866     
   161.  0.59250243203413133     
   162.  0.58738504903773914     
   163.  0.58222082715589252     
   164.  0.57700835696192165     
   165.  0.57174616179955873     
   166.  0.56643269360566084     
   167.  0.56106632836652037     
   168.  0.55564536129533193     
   169.  0.55016800139254285     
   170.  0.54463236557470529     
   171.  0.53903647222966622     
   172.  0.53337823405938123     
   173.  0.52765545035485961     
   174.  0.52186579831678648     
   175.  0.51600682354600080     
   176.  0.51007592949527203     
   177.  0.50407036576223274     
   178.  0.49798721504969284     
   179.  0.49182337870655046     
   180.  0.48557556039676508     
   181.  0.47924024795823000     
   182.  0.47281369290336189     
   183.  0.46629188741224553     
   184.  0.45967053809846087     
   185.  0.45294503649209866     
   186.  0.44611042519745192     
   187.  0.43916135930615269     
   188.  0.43209206195485517     
   189.  0.42489627334202035     
   190.  0.41756719127096159     
   191.  0.41009740218182117     
   192.  0.40247880036245948     
   193.  0.39470249272014074     
   194.  0.38675868604124014     
   195.  0.37863655250392741     
   196.  0.37032406809512092     
   197.  0.36180781705491416     
   198.  0.35307275292930568     
   199.  0.34410190421611181     
   200.  0.33487600762972153     
   201.  0.32537304637197956     
   202.  0.31556766103285538     
   203.  0.30543038786518134     
   204.  0.29492665755229358     
   205.  0.28401545609592876     
   206.  0.27264749656633547     
   207.  0.26076266377036167     
   208.  0.24828634365113858     
   209.  0.23512397743635371     
   210.  0.22115266212189469     
   211.  0.20620756519093655     
   212.  0.19005860239085082     
   213.  0.17236718528515518     
   214.  0.15259716183564348     
   215.  0.12980149094531720     
   216.  0.10196990318431985     
   217.  6.27217095763983878E-002
   218.  2.21193578311946319E-007
   219.  4.47032410547953893E-008
   220.  4.28404764271037554E-008
   221.  4.28407298307495355E-008
   222.  3.72541396709120122E-008
   223.  3.72532739905070014E-008
   224.  5.40177962665635802E-008
   225. -1.67399686373705945E-012
   226. -5.02199059121117836E-013
   227. -1.50659717736335396E-013
   228.  2.12504686812781369E-012
   229.  1.85148745413142381E-012
   230.  2.14082370980411406E-012
   231.  3.18824476773782565E-012
   232. -1.86295594063018231E-008
   233. -1.86273838665072455E-008
   234.  2.23473763219676314E-008
   235. -2.38036801329101685E-012
   236.  5.23298760060940929E-013
   237.  1.86027130345965146E-012
   238.  5.58081391037895479E-013
   239. -3.05444817081756513E-012
   240. -9.16334451245269863E-013
   241. -2.20492356422532861E-012
   242. -6.61477069267598725E-013
   243.  2.12102036888514931E-012
   244.  6.36306110665544753E-013
   245.  1.90891833199663471E-013
   246.  5.72675499598990616E-014
   247. -1.49048357108235283E-008
   248.  2.14981134298795206E-012
   249. -2.82275723003771370E-012
   250. -8.46827169011314170E-013
   251.  1.67601868107991564E-012
   252.  5.02805604323974712E-013
   253. -2.92503424591951454E-012
   254. -2.02381652927563334E-012
   255.  2.86451142057765283E-012
   256. -1.84272000843971051E-012
   257. -5.52816002531913294E-013
   258. -1.65844800759574044E-013
   259. -4.97534402278722245E-014
   260. -1.49260320683616674E-014
   261. -2.51877237788710382E-012
   262. -7.55631713366131168E-013
   263.  2.23894421516249220E-012
   264.  3.36027726902279081E-012
   265. -2.95711313631409876E-012
   266. -5.41381352258975962E-013
   267. -6.01316466165625120E-012
   268. -1.80394939849687536E-012
   269. -5.41184819549062608E-013
   270. -1.00664828902451182E-012
   271. -3.01994486707353546E-013
   272. -9.05983460122060840E-014
   273. -2.71795038036618309E-014
   274. -8.15385114109854990E-015
   275. -2.44615534232956576E-015
   276. -7.33846602698869865E-016
   277. -2.20153980809660984E-016
   278.  6.15395639590993408E-012
   279.  1.84618691877298038E-012
   280. -9.44115043521260919E-013
   281. -2.83234513056378296E-013
   282. -2.95402820591334401E-012
   283.  1.36288314201475899E-012
   284.  4.08864942604427718E-013
   285.  1.22659482781328341E-013
   286. -3.53709228877645029E-012
   287. -1.06112768663293541E-012
   288. -8.81707388833852156E-013
   289. -2.64512216650155637E-013
   290. -7.93536649950466860E-014
   291. -2.38060994985140102E-014
   292. -7.14182984955420401E-015
   293. -2.14254895486626191E-015
   294. -2.20340333167536772E-012
   295.  3.75893965379617693E-012
   296. -2.57621843254736353E-012
   297.  9.72230069227453484E-013
   298.  2.91669020768236025E-013
   299.  8.75007062304708302E-014
   300.  2.62502118691412554E-014
   301.  7.87506356074237882E-015
   302.  2.36251906822271349E-015
   303. -3.86446373460690149E-012
   304.  3.78973320915543139E-012
   305.  1.13691996274662982E-012
   306.  3.41075988823988957E-013
   307.  1.02322796647196710E-013
   308.  3.06968389941590205E-014
   309. -7.07021632755872594E-013
   310.  3.94995102380233045E-012
   311.  1.18498530714069954E-012
   312.  3.55495592142209872E-013
   313.  1.06648677642662989E-013
   314.  3.19946032927989044E-014
   315. -1.00448366360899765E-012
   316. -3.01345099082699385E-013
   317. -9.04035297248098305E-014
   318. -2.71210589174429491E-014
   319. -8.13631767523288443E-015
   320. -2.44089530256986580E-015
   321. -7.32268590770959898E-016
   322. -2.19680577231288014E-016
   323. -6.59041731693864264E-017
   324. -1.97712519508159285E-017
   325. -5.93137558524477887E-018
   326. -1.77941267557343404E-018
   327. -2.19880626920665465E-012
   328. -6.13873345098118303E-013
   329. -1.84162003529435521E-013
   330. -5.52486010588306564E-014
   331. -1.65745803176492020E-014
   332. -4.97237409529476185E-015
   333.  2.24074551752089014E-012
   334.  2.67361907355811064E-012
   335.  8.02085722067433313E-013
   336.  4.05512654741917744E-012
   337.  1.23843859673193170E-012
   338.  3.71531579019579561E-013
   339.  1.62863832370110577E-012
   340.  4.88591497110331770E-013
   341. -3.71456653271419472E-012
   342. -1.11436995981425886E-012
   343. -3.34310987944277759E-013
   344. -1.00293296383283350E-013
   345. -3.00879889149850127E-014
   346. -1.08897504179128017E-012
   347. -3.26692512537384061E-013
   348. -9.80077537612152410E-014
   349. -2.94023261283645799E-014
   350. -8.82069783850937586E-015
   351. -2.74350158595065747E-012
   352. -8.23050475785197242E-013
   353. -2.46915142735559203E-013
   354.  1.22457630016535141E-012
   355.  1.26942704644413340E-012
   356. -2.36987593749755448E-012
   357. -2.31151833800251190E-012
   358. -6.66989885596523018E-013
   359.  1.49003814357837095E-008
   360.  3.28377489541169119E-012
   361.  9.85132468623507681E-013
   362. -1.58058652268394805E-012
   363. -4.74175956805184496E-013
   364. -1.42252787041555384E-013
   365. -4.26758361124666177E-014
   366. -1.28027508337399878E-014
   367. -3.84082525012199714E-015
   368. -1.15224757503659958E-015
   369. -3.45674272510979982E-016
   370. -1.03702281753294019E-016
   371. -2.12095140956129282E-012
   372. -6.36285422868387966E-013
   373. -1.90885626860516435E-013
   374.  2.75258936158606531E-012
   375. -2.18181845138461230E-012
   376. -6.54545535415383911E-013
   377. -1.96363660624615224E-013
   378. -4.17744677568088424E-012
   379. -1.25323403270426552E-012
   380. -3.75970209811279745E-013
   381.  1.33174619777302469E-012
   382. -1.36399990994862400E-012
   383. -7.50217912209766249E-013
   384.  4.78496356485727479E-012
   385.  1.43548906945718272E-012
   386.  4.30646720837154866E-013
   387. -3.18471582318005179E-012
   388. -9.55414746954015619E-013
   389. -2.86624424086204756E-013
   390. -8.59873272258614320E-014
   391. -2.57961981677584353E-014
   392. -7.73885945032753248E-015
   393. -2.32165783509826045E-015
   394. -6.96497350529478274E-016
   395. -2.08949205158843497E-016
   396. -6.26847615476530540E-017
   397. -1.88054284642959174E-017
   398.  1.04081121714712409E-012
   399. -2.48882939092531580E-012
   400. -7.46648817277594961E-013
   401. -2.23994645183278544E-013
   402. -6.71983935549835632E-014
   403. -2.01595180664950683E-014
   404. -6.04785541994852097E-015
   405.  2.38242574873631758E-012
   406.  7.14727724620895334E-013
   407. -8.69686204933827261E-012
   408. -2.60905861480148202E-012
   409.  1.26694961470393504E-012
   410.  3.80084884411180493E-013
   411.  1.14025465323354183E-013
   412. -2.78586423157920317E-012
   413.  2.53193653814914961E-012
   414.  7.59580961444745064E-013
   415. -1.43136319087194855E-012
   416.  1.69916894692610447E-012
   417.  2.59999569077631474E-012
   418.  7.79998707232894605E-013
   419.  2.33999612169868442E-013
   420.  7.01998836509605301E-014
   421.  2.10599650952881660E-014
   422.  6.31798952858645121E-015
   423. -3.96335626046822394E-012
   424.  3.44852743442108248E-012
   425.  1.03455823032632499E-012
   426.  3.10367469097897527E-013
   427.  9.31102407293692832E-014
   428.  2.79330722188107856E-014
   429. -1.11981186718121857E-012
   430. -3.35943560154365560E-013
   431. -1.00783068046309673E-013
   432. -3.02349204138929057E-014
   433. -9.07047612416787139E-015
   434. -1.37146699215240717E-012
   435.  1.18561986905938885E-012
   436. -3.40182366067108694E-012
   437. -1.02054709820132632E-012
   438. -1.01797562046900485E-013
   439.  3.45695627063278092E-012
   440.  2.48922942320709648E-012
   441. -9.58571210865361173E-013
   442. -2.87571363259608413E-013
   443. -8.62714089778825238E-014
   444. -3.48946760616534415E-012
   445. -1.04684028184960353E-012
   446. -7.90123961468310023E-013
   447. -2.37037188440493057E-013
   448. -7.11111565321479399E-014
   449. -2.13333469596443807E-014
   450. -7.78050207996864715E-013
   451. -2.33415062399059485E-013
   452. -7.00245187197178607E-014
   453. -2.10073556159153633E-014
   454. -6.30220668477460914E-015
   455. -1.89066200543238322E-015
   456. -1.76760325308861437E-012
   457. -5.30280975926584352E-013
   458. -3.96972322361293647E-012
   459. -1.19091696708388135E-012
   460. -3.57275090125164414E-013
   461. -1.07182527037549347E-013
   462. -3.21547581112648066E-014
   463.  3.01506441040397118E-012
   464.  9.04519323121191496E-013
   465.  2.71355796936357439E-013
   466.  8.14067390809072316E-014
   467.  2.44220217242721745E-014
   468. -3.54651309743117261E-012
   469. -1.06395392922935202E-012
   470. -3.15582667842127555E-013
   471. -9.46748003526382893E-014
   472. -2.84024401057914887E-014
   473.  3.82276520487274684E-012
   474.  1.14682956146182413E-012
   475.  3.44048868438547250E-013
   476.  1.03214660531564180E-013
   477. -4.15417224737145220E-012
   478. -1.24625167421143598E-012
   479. -1.70443973960406052E-012
   480.  2.65159343533120633E-013
   481.  7.95478030599362100E-014
   482.  2.38643409179808630E-014
   483.  1.67039912720053664E-012
   484.  5.01119738160161153E-013
   485.  1.10075485944339367E-012
   486.  3.60447956087273071E-012
   487. -6.79142168871330303E-013
   488. -2.03742650661399096E-013
   489. -6.11227951984197389E-014
   490.  1.67890216453933633E-012
   491. -6.58099673064360215E-013
   492. -1.97429901919308065E-013
   493. -5.92289705757924269E-014
   494. -3.96109174065814956E-012
   495. -1.18832752219744527E-012
   496. -3.56498256659233672E-013
   497. -1.06949476997770124E-013
   498. -3.20848430993310424E-014
   499. -9.62545292979931587E-015
   500. -1.24506693726604452E-012
   501. -3.73520081179813447E-013
   502. -1.12056024353944029E-013
   503. -3.36168073061832087E-014
   504. -1.00850421918549629E-014
   505. -3.02551265755648959E-015
   506.  2.76845885195238156E-013
   507.  8.30537655585714493E-014
   508. -1.02738548357202355E-012
   509.  3.63250324132540052E-012
   510.  3.77292467522200380E-012
   511.  1.13187740256660142E-012
   512.  3.76400034127496657E-013
   513.  1.12920010238248992E-013
   514.  1.12536910704696567E-012
   515.  3.37610732114089792E-013
   516.  1.01283219634226945E-013
   517.  1.09832102080757471E-012
   518. -3.02475043978823266E-012
   519. -9.07425131936469959E-013
   520. -2.72227539580940988E-013
   521. -8.16682618742822963E-014
   522. -2.45004785622846946E-014
   523.  1.88136196468268194E-012
   524.  5.64408589404804704E-013
   525.  1.69322576821441411E-013
   526.  1.54049119301274031E-013
   527. -3.78678901355052150E-012
   528. -1.13603670406515669E-012
   529. -3.40811011219547098E-013
   530. -5.78200011320923131E-012
   531. -1.48400923474969133E-012
   532. -4.45202770424907398E-013
   533. -1.33560831127472219E-013
   534.  9.83916483540100114E-013
   535.  3.20925416498780493E-012
   536. -3.27394018639755302E-012
   537. -1.02870643891145177E-012
   538. -3.08611931673435632E-013
   539. -9.25835795020306897E-014
   540. -2.26679928651016575E-013
   541. -3.65913124823088876E-012
   542. -9.84227845231958797E-013
   543.  8.97436518695290334E-013
   544.  2.69230955608587120E-013
   545.  1.99650078078811017E-012
   546.  5.98950234236433032E-013
   547. -1.11592934025539708E-012
   548. -3.34778802076619184E-013
   549. -1.00433640622985755E-013
   550. -3.01300921868957354E-014
   551.  3.70579876380802732E-012
   552.  1.11173962914240848E-012
   553.  5.61727287492304958E-012
   554.  1.68518186247691524E-012
   555.  5.05554558743074612E-013
   556.  3.41927728380116414E-012
   557.  1.02578318514034949E-012
   558. -2.44390378946250123E-012
   559.  6.43119201953924737E-012
   560.  1.92935760586177462E-012
   561. -4.03576176304743642E-012
   562.  8.05157867849295083E-013
   563.  2.41547360354788525E-013
   564.  7.24642081064365852E-014
   565.  2.17392624319309825E-014
   566.  6.52177872957929523E-015
   567.  1.95653361887378904E-015
   568.  3.34278519637695880E-012
   569.  1.30967993300444754E-012
   570.  3.92903979901334263E-013
   571.  1.17871193970400304E-013
   572.  3.53613581911201039E-014
   573.  3.86258290201281876E-012
   574.  3.59048830593676917E-012
   575.  1.07714649178103075E-012
   576.  3.23143947534309276E-013
   577.  9.69431842602927803E-014
   578.  2.90829552780878442E-014
   579.  1.34795909899271871E-012
   580. -6.65172005597853238E-013
   581. -8.36884078029769919E-013
   582. -2.51065223408930996E-013
   583. -1.11798255242618829E-012
   584. -3.35394765727856579E-013
   585. -1.00618429718356989E-013
   586. -6.46912599980327322E-012
   587. -1.94073779994098221E-012
   588. -5.82221339982294683E-013
   589. -1.84619588914494922E-012
   590. -5.53858766743484926E-013
   591. -1.66157630023045523E-013
   592. -4.98472890069136709E-014
   593. -1.49541867020741038E-014
   594. -4.48625601062223098E-015
   595.  9.03625023181785033E-013
   596.  2.71087506954535520E-013
   597.  8.13262520863606787E-014
   598.  2.43978756259082049E-014
   599.  7.31936268777246367E-015
   600.  1.29910924263157353E-012
   601. -1.94125702296887865E-012
   602. -3.07625551336161594E-012
   603.  9.40864584928987870E-013
   604.  2.82259375478696391E-013
   605.  3.56096314425821222E-012
   606.  1.06828894327746367E-012
   607.  9.48541196458428632E-013
   608.  2.84562358937528640E-013
   609.  5.14467788778795886E-012
