   10.0 -0.99999999999372380     
   11.0 -0.99999999999999956     
   12.0  -1.0000000000000000     
   13.0  -1.0000000000000000     
   14.0  -1.0000000000000000     
   15.0 -0.99999999999999989     
   16.0 -0.99999999999999922     
   17.0 -0.99999999999999334     
   18.0 -0.99999999999995948     
   19.0 -0.99999999999979428     
   20.0 -0.99999999999911249     
   21.0 -0.99999999999666822     
   22.0 -0.99999999998890321     
   23.0 -0.99999999996669431     
   24.0 -0.99999999990872845     
   25.0 -0.99999999976909937     
   26.0 -0.99999999945571183     
   27.0 -0.99999999879499724     
   28.0 -0.99999999747738555     
   29.0 -0.99999999497707337     
   30.0 -0.99999999043896948     
   31.0 -0.99999998252539712     
   32.0 -0.99999996921520684     
   33.0 -0.99999994754844856     
   34.0 -0.99999991331062255     
   35.0 -0.99999986065172597     
   36.0 -0.99999978163678671     
   37.0 -0.99999966572619636     
   38.0 -0.99999949918591313     
   39.0 -0.99999926442931852     
   40.0 -0.99999893929420614     
   41.0 -0.99999849625992043     
   42.0 -0.99999790161104596     
   43.0 -0.99999711455520812     
   44.0 -0.99999608630348180     
   45.0 -0.99999475912260927     
   46.0 -0.99999306536864774     
   47.0 -0.99999092651204713     
   48.0 -0.99998825216375564     
   49.0 -0.99998493911241182     
   50.0 -0.99998087038171279     
   51.0 -0.99997591431688637     
   52.0 -0.99996992370846638     
   53.0 -0.99996273496086552     
   54.0 -0.99995416731243769     
   55.0 -0.99994402211288369     
   56.0 -0.99993208216298390     
   57.0 -0.99991811112075968     
   58.0 -0.99990185297728063     
   59.0 -0.99988303160448133     
   60.0 -0.99986135037652291     
   61.0 -0.99983649186518542     
   62.0 -0.99980811761075816     
   63.0 -0.99977586796418638     
   64.0 -0.99973936200371583     
   65.0 -0.99969819752079647     
   66.0 -0.99965195107409777     
   67.0 -0.99960017810853530     
   68.0 -0.99954241313599612     
   69.0 -0.99947816997411920     
   70.0 -0.99940694203919400     
   71.0 -0.99932820268898703     
   72.0 -0.99924140561114161     
   73.0 -0.99914598525263965     
   74.0 -0.99904135728573140     
   75.0 -0.99892691910567644     
   76.0 -0.99880205035455649     
   77.0 -0.99866611347285938     
   78.0 -0.99851845425881514     
   79.0 -0.99835840245105434     
   80.0 -0.99818527231554077     
   81.0 -0.99799836323826030     
   82.0 -0.99779696031865972     
   83.0 -0.99758033495993526     
   84.0 -0.99734774545246263     
   85.0 -0.99709843754686978     
   86.0 -0.99683164501346933     
   87.0 -0.99654659018499958     
   88.0 -0.99624248447759622     
   89.0 -0.99591852890051791     
   90.0 -0.99557391452031407     
   91.0 -0.99520782291889509     
   92.0 -0.99481942661314970     
   93.0 -0.99440788944636105     
   94.0 -0.99397236694803759     
   95.0 -0.99351200666092809     
   96.0 -0.99302594843419900     
   97.0 -0.99251332468194564     
   98.0 -0.99197326060280777     
   99.0 -0.99140487438116320     
   100. -0.99080727731854845     
   101. -0.99017957396151690     
   102. -0.98952086217730317     
   103. -0.98883023319636143     
   104. -0.98810677161887606     
   105. -0.98734955538551805     
   106. -0.98655765570805209     
   107. -0.98573013698788192     
   108. -0.98486605665566573     
   109. -0.98396446501992985     
   110. -0.98302440506124777     
   111. -0.98204491219745516     
   112. -0.98102501401633369     
   113. -0.97996372997025150     
   114. -0.97886007106813311     
   115. -0.97771303948032040     
   116. -0.97652162816668442     
   117. -0.97528482044791553     
   118. -0.97400158955150962     
   119. -0.97267089812030605     
   120. -0.97129169772506940     
   121. -0.96986292828042331     
   122. -0.96838351749409879     
   123. -0.96685238025420839     
   124. -0.96526841798315877     
   125. -0.96363051799688104     
   126. -0.96193755275886539     
   127. -0.96018837916976441     
   128. -0.95838183778819930     
   129. -0.95651675201218378     
   130. -0.95459192726703768     
   131. -0.95260615006772298     
   132. -0.95055818712165507     
   133. -0.94844678433768492     
   134. -0.94627066584325381     
   135. -0.94402853286158173     
   136. -0.94171906262309490     
   137. -0.93934090716777152     
   138. -0.93689269214939175     
   139. -0.93437301547347695     
   140. -0.93178044596503029     
   141. -0.92911352190205243     
   142. -0.92637074954486531     
   143. -0.92355060145622203     
   144. -0.92065151483538821     
   145. -0.91767188976484759     
   146. -0.91461008723351456     
   147. -0.91146442715332043     
   148. -0.90823318626789384     
   149. -0.90491459578483868     
   150. -0.90150683906407114     
   151. -0.89800804896090303     
   152. -0.89441630511437042     
   153. -0.89072963107502279     
   154. -0.88694599107678340     
   155. -0.88306328681235724     
   156. -0.87907935374203761     
   157. -0.87499195737356905     
   158. -0.87079878903240837     
   159. -0.86649746155584395     
   160. -0.86208550441587084     
   161. -0.85756035871597536     
   162. -0.85291937153278363     
   163. -0.84815979007704956     
   164. -0.84327875508772043     
   165. -0.83827329396344386     
   166. -0.83314031310548564     
   167. -0.82787658960856414     
   168. -0.82247876239461193     
   169. -0.81694332233809241     
   170. -0.81126660159179464     
   171. -0.80544476190547254     
   172. -0.79947378172360628     
   173. -0.79334944222011627     
   174. -0.78706731172164812     
   175. -0.78062272863924420     
   176. -0.77401078258307321     
   177. -0.76722629344343152     
   178. -0.76026378814008755     
   179. -0.75311747485456770     
   180. -0.74578121403913711     
   181. -0.73824848620010997     
   182. -0.73051235558759964     
   183. -0.72256542946560764     
   184. -0.71439981180241718     
   185. -0.70600705114991402     
   186. -0.69737808103254728     
   187. -0.68850315202725731     
   188. -0.67937175366891744     
   189. -0.66997252489285064     
   190. -0.66029314981629672     
   191. -0.65032023691093888     
   192. -0.64003917763613127     
   193. -0.62943398001014106     
   194. -0.61848707176608841     
   195. -0.60717906579053382     
   196. -0.59548847860096499     
   197. -0.58339138996901119     
   198. -0.57086102746956668     
   199. -0.55786725518380054     
   200. -0.54437593734711043     
   201. -0.53034813794243874     
   202. -0.51573910054966576     
   203. -0.50049693054117284     
   204. -0.48456086469738896     
   205. -0.46785895916660958     
   206. -0.45030493607946348     
   207. -0.43179378052096268     
   208. -0.41219542219202499     
   209. -0.39134537076434933     
   210. -0.36903028686459627     
   211. -0.34496466870595355     
   212. -0.31875087085247700     
   213. -0.28980503435397953     
   214. -0.25720473490919615     
   215. -0.21932445111470897     
   216. -0.17272212183773844     
   217. -0.10650161006398975     
   218. -3.75316666392219325E-007
   219. -7.63736603763721190E-008
   220. -7.07700211117825289E-008
   221. -7.07773673030782157E-008
   222. -6.33234659306749593E-008
   223. -6.33279943308992718E-008
   224. -9.03455108040527913E-008
   225.  1.48298284769685678E-011
   226.  4.44894854309057035E-012
   227.  1.33468456292717127E-012
   228. -1.27287565955264106E-011
   229. -1.29006886561387114E-011
   230. -1.28803574761690506E-011
   231. -1.10850196171547805E-011
   232.  2.98152100501695630E-008
   233.  2.98061886864375877E-008
   234. -3.35344536755455981E-008
   235.  1.40191298596803984E-011
   236.  1.07761138867630225E-011
   237. -5.15063234589331602E-012
   238. -1.54518970376799513E-012
   239.  1.20641522492137803E-011
   240.  3.61924567476413506E-012
   241.  1.27536370623810186E-011
   242.  3.82609111871430557E-012
   243. -1.26850907633782845E-011
   244. -3.80552722901348665E-012
   245. -1.14165816870404599E-012
   246. -3.42497450611213819E-013
   247.  2.23415118891955859E-008
   248. -1.31516435121979316E-011
   249.  1.39930338110259379E-011
   250.  4.19791014330778201E-012
   251. -4.56824342770714231E-012
   252. -1.37047302831214310E-012
   253.  1.03811088346361405E-011
   254.  8.29413497280944274E-012
   255. -1.42625201619161702E-011
   256.  1.38711792244578972E-011
   257.  4.16135376733736917E-012
   258.  1.24840613020121083E-012
   259.  3.74521839060363290E-013
   260.  1.12356551718109027E-013
   261.  1.31253368423288487E-011
   262.  3.93760105269865524E-012
   263. -5.75417728588198390E-012
   264.  1.23598436532300095E-011
   265. -1.01540805625698723E-011
   266.  4.59719057589553454E-012
   267.  1.29445660690577181E-011
   268.  3.88336982071731574E-012
   269.  1.16501094621519496E-012
   270.  1.13714171717648837E-011
   271.  3.41142515152946641E-012
   272.  1.02342754545884024E-012
   273.  3.07028263637652094E-013
   274.  9.21084790912956433E-014
   275.  2.76325437273886930E-014
   276.  8.28976311821660979E-015
   277.  2.48692893546498357E-015
   278. -1.33340553479372999E-011
   279. -4.00021660438119094E-012
   280. -1.07626706737675896E-011
   281. -3.22880120213027687E-012
   282. -1.00057877408865015E-011
   283. -1.37350024686054162E-011
   284. -4.12050074058162551E-012
   285. -1.23615022217448781E-012
   286.  1.66028863087279737E-012
   287.  4.98086589261839371E-013
   288.  4.91162002530827305E-012
   289.  1.47348600759248216E-012
   290.  4.42045802277744728E-013
   291.  1.32613740683323418E-013
   292.  3.97841222049970280E-014
   293.  1.19352366614991103E-014
   294.  8.56237367026922654E-012
   295.  1.16702580873171374E-011
   296.  9.33570099393580329E-012
   297. -4.74496562598107743E-012
   298. -1.42348968779432347E-012
   299. -4.27046906338297203E-013
   300. -1.28114071901489191E-013
   301. -3.84342215704467624E-014
   302. -1.15302664711340319E-014
   303.  1.39350068277578927E-011
   304.  1.05270317556884843E-011
   305.  3.15810952670654498E-012
   306.  9.47432858011963737E-013
   307.  2.84229857403589202E-013
   308.  8.52689572210767706E-014
   309.  5.14849308672247221E-012
   310. -1.43208468147469627E-011
   311. -4.29625404442409011E-012
   312. -1.28887621332722736E-012
   313. -3.86662863998168308E-013
   314. -1.15998859199450512E-013
   315.  5.32758079570921571E-012
   316.  1.59827423871276455E-012
   317.  4.79482271613829527E-013
   318.  1.43844681484148858E-013
   319.  4.31534044452446599E-014
   320.  1.29460213335734005E-014
   321.  3.88380640007202078E-015
   322.  1.16514192002160639E-015
   323.  3.49542576006481977E-016
   324.  1.04862772801944633E-016
   325.  3.14588318405833898E-017
   326.  9.43764955217501940E-018
   327.  8.80071426755619603E-012
   328. -1.27047465663759922E-011
   329. -3.81142396991279864E-012
   330. -1.14342719097383959E-012
   331. -3.43028157292151898E-013
   332. -1.02908447187645569E-013
   333. -9.61879646737735835E-012
   334. -7.78492153129716564E-012
   335. -2.33547645938914985E-012
   336. -6.21807643012632831E-012
   337. -9.60121598224702896E-012
   338. -2.88036479467410917E-012
   339. -1.22241945121270256E-011
   340. -3.66725835363810767E-012
   341. -8.28527764333992366E-012
   342. -2.48558329300197758E-012
   343. -7.45674987900593356E-013
   344. -2.23702496370178067E-013
   345. -6.71107489110534353E-014
   346.  1.33313535826204767E-011
   347.  3.99940607478614430E-012
   348.  1.19982182243584337E-012
   349.  3.59946546730753032E-013
   350.  1.07983964019225920E-013
   351.  1.16451512521915607E-011
   352.  3.49354537565746919E-012
   353.  1.04806361269724092E-012
   354. -9.66172353845270747E-012
   355. -5.63243955355718069E-012
   356.  5.91114197730098354E-012
   357.  8.88524817882760914E-012
   358. -1.24521506796444491E-011
   359. -2.23396587841513657E-008
   360. -1.12733639804421774E-011
   361. -3.38200919413265321E-012
   362.  1.29270719594415676E-011
   363.  3.87812158783247061E-012
   364.  1.16343647634974118E-012
   365.  3.49030942904922436E-013
   366.  1.04709282871476761E-013
   367.  3.14127848614430308E-014
   368.  9.42383545843291178E-015
   369.  2.82715063752987385E-015
   370.  8.48145191258962312E-016
   371.  6.02817232429820175E-012
   372.  1.80845169728946101E-012
   373.  5.42535509186838384E-013
   374. -1.00142693725685118E-011
   375.  1.34472516076893670E-011
   376.  4.03417548230681138E-012
   377.  1.21025264469204374E-012
   378.  5.33293545083952601E-012
   379.  1.59988063525185780E-012
   380.  4.79964190575557382E-013
   381. -6.60468954167591301E-012
   382.  9.60312271277306202E-012
   383. -1.20681952293824492E-011
   384.  1.22969302576611941E-011
   385.  3.68907907729835823E-012
   386.  1.10672372318950771E-012
   387.  1.14959281604707648E-011
   388.  3.44877844814123074E-012
   389.  1.03463353444236930E-012
   390.  3.10390060332710851E-013
   391.  9.31170180998132756E-014
   392.  2.79351054299439827E-014
   393.  8.38053162898319480E-015
   394.  2.51415948869495891E-015
   395.  7.54247846608487753E-016
   396.  2.26274353982546365E-016
   397.  6.78823061947639195E-017
   398.  1.28446252733507631E-011
   399.  9.22051243385904867E-012
   400.  2.76615373015771508E-012
   401.  8.29846119047314606E-013
   402.  2.48953835714194463E-013
   403.  7.46861507142583489E-014
   404.  2.24058452142775110E-014
   405. -1.33557229398992984E-011
   406. -4.00671688196978984E-012
   407.  1.17975011963485106E-011
   408.  3.53925035890455415E-012
   409. -9.03932084228243314E-012
   410. -2.71179625268473027E-012
   411. -8.13538875805418999E-013
   412.  1.00443333498161597E-011
   413. -9.92530196807671926E-012
   414. -2.97759059042301594E-012
   415.  6.44403496647021975E-012
   416. -1.10812704653070875E-011
   417. -9.60144911663249613E-012
   418. -2.88043473498974916E-012
   419. -8.64130420496924991E-013
   420. -2.59239126149077578E-013
   421. -7.77717378447232785E-014
   422. -2.33315213534169848E-014
   423.  1.18666881706675660E-011
   424. -1.26129567552229458E-011
   425. -3.78388702656688470E-012
   426. -1.13516610797006541E-012
   427. -3.40549832391019623E-013
   428. -1.02164949717305897E-013
   429. -1.30455570360897709E-011
   430. -3.91366711082693126E-012
   431. -1.17410013324807970E-012
   432. -3.52230039974423991E-013
   433. -1.05669011992327217E-013
   434.  1.41276767916985224E-011
   435.  1.14784278251058128E-011
   436.  1.22276279293175848E-011
   437.  3.66828837879527609E-012
   438. -8.81156221583504494E-012
   439. -8.32587395905055770E-012
   440. -5.93440981188855505E-012
   441.  8.52031725598921154E-012
   442.  2.55609517679676395E-012
   443.  7.66828553039029305E-013
   444.  8.14660154058808063E-012
   445.  2.44398046217642467E-012
   446. -1.23481220614147512E-011
   447. -3.70443661842442666E-012
   448. -1.11133098552732816E-012
   449. -3.33399295658198509E-013
   450. -1.34796374531053562E-011
   451. -4.04389123593160816E-012
   452. -1.21316737077948245E-012
   453. -3.63950211233844775E-013
   454. -1.09185063370153453E-013
   455. -3.27555190110460434E-014
   456.  6.42832996590788629E-012
   457.  1.92849898977236605E-012
   458.  8.21035693925249806E-012
   459.  2.46310708177574974E-012
   460.  7.38932124532725124E-013
   461.  2.21679637359817537E-013
   462.  6.65038912079452814E-014
   463. -1.15511968444559699E-011
   464. -3.46535905333679161E-012
   465. -1.03960771600103764E-012
   466. -3.11882314800311333E-013
   467. -9.35646944400934152E-014
   468.  9.62962514042033253E-012
   469.  2.88888754212610008E-012
   470.  4.95931653621485045E-012
   471.  1.48779496086445522E-012
   472.  4.46338488259336686E-013
   473. -9.05257469043276800E-012
   474. -2.71577240712983040E-012
   475. -8.14731722138949362E-013
   476. -2.44419516641684849E-013
   477.  8.80122346891298539E-012
   478.  2.64036704067389594E-012
   479.  7.37419700750683421E-012
   480. -5.45437721328284005E-012
   481. -1.63631316398485234E-012
   482. -4.90893949195455782E-013
   483. -4.93023456241842930E-012
   484. -1.47907036872552919E-012
   485. -5.14426362614569302E-012
   486. -1.35727364220629241E-011
   487.  4.50271153728571093E-012
   488.  1.35081346118571336E-012
   489.  4.05244038355714008E-013
   490. -7.10699846932537806E-012
   491.  4.98610381208675675E-012
   492.  1.49583114362602727E-012
   493.  4.48749343087808301E-013
   494.  1.26449983089222037E-011
   495.  3.79349949267666111E-012
   496.  1.13804984780299850E-012
   497.  3.41414954340899650E-013
   498.  1.02424486302269935E-013
   499.  3.07273458906809907E-014
   500. -1.28510513685587670E-011
   501. -3.85531541056763011E-012
   502. -1.15659462317028927E-012
   503. -3.46978386951086883E-013
   504. -1.04093516085326085E-013
   505. -3.12280548255978357E-014
   506. -5.17108497524675535E-012
   507. -1.55132549257402668E-012
   508. -1.09520922494789628E-011
   509. -1.36230294233414387E-011
   510. -1.38995482604982026E-011
   511. -4.16986447814946143E-012
   512. -5.83345897752122861E-012
   513. -1.75003769325636923E-012
   514.  1.11496692822344785E-011
   515.  3.34490078467034484E-012
   516.  1.00347023540110361E-012
   517. -6.26707187687306502E-012
   518.  5.88017494793549371E-012
   519.  1.76405248438064876E-012
   520.  5.29215745314194709E-013
   521.  1.58764723594258423E-013
   522.  4.76294170782775369E-014
   523. -1.40279058812247500E-011
   524. -4.20837176436742564E-012
   525. -1.26251152931022785E-012
   526.  9.42549969857831887E-012
   527.  1.45541167549378069E-011
   528.  4.36623502648134208E-012
   529.  1.30987050794440279E-012
   530.  1.29272932373818127E-011
   531.  4.50665896658372678E-012
   532.  1.35199768997511803E-012
   533.  4.05599306992535370E-013
   534.  1.10818500293721598E-011
   535. -1.43521765299916888E-011
   536.  1.36760665225423833E-011
   537. -1.17528351293641684E-011
   538. -3.52585053880925149E-012
   539. -1.05775516164277569E-012
   540. -7.34840261469640602E-012
   541.  1.32720270852006599E-011
   542. -1.32425149275671174E-011
   543. -4.64495813386726606E-012
   544. -1.39348744016018022E-012
   545. -7.69247413079503733E-012
   546. -2.30774223923851120E-012
   547.  5.30930296469776244E-012
   548.  1.59279088940932857E-012
   549.  4.77837266822798571E-013
   550.  1.43351180046839612E-013
   551. -1.38051500943503278E-011
   552. -4.14154502830509931E-012
   553.  1.06112748567911402E-011
   554.  3.18338245703734237E-012
   555.  9.55014737111202792E-013
   556. -1.33318566784115843E-011
   557. -3.99955700352347625E-012
   558.  9.47751431184396837E-012
   559.  1.26750005454738223E-011
   560.  3.80250016364214669E-012
   561.  1.39229501975938728E-011
   562. -4.79277002855695337E-012
   563. -1.43783100856708609E-012
   564. -4.31349302570125868E-013
   565. -1.29404790771037791E-013
   566. -3.88214372313113397E-014
   567. -1.16464311693934038E-014
   568. -8.31923728661625248E-012
   569.  1.05000466627338465E-011
   570.  3.15001399882015460E-012
   571.  9.45004199646046380E-013
   572.  2.83501259893813975E-013
   573. -9.39238227471386549E-012
   574. -1.44694039959018577E-011
   575. -4.34082119877055794E-012
   576. -1.30224635963116754E-012
   577. -3.90673907889350223E-013
   578. -1.17202172366805107E-013
   579. -4.69806064956727695E-012
   580.  6.01064997779858953E-012
   581.  5.63020794123237798E-012
   582.  1.68906238236971340E-012
   583. -1.14764554897860752E-011
   584. -3.44293664693582287E-012
   585. -1.03288099408074694E-012
   586. -8.57858744539305781E-012
   587. -2.57357623361791767E-012
   588. -7.72072870085375461E-013
   589.  1.27149452323158839E-011
   590.  3.81448356969476583E-012
   591.  1.14434507090842991E-012
   592.  3.43303521272529054E-013
   593.  1.02991056381758757E-013
   594.  3.08973169145276371E-014
   595. -4.54849619140772367E-012
   596. -1.36454885742231751E-012
   597. -4.09364657226695373E-013
   598. -1.22809397168008652E-013
   599. -3.68428191504026058E-014
   600. -5.88603729486177404E-012
   601.  9.54573430985955833E-012
   602.  1.49934572290058865E-011
   603.  9.96042416802169803E-012
   604.  2.98812725040650973E-012
   605. -1.11324846499341221E-011
   606. -3.33974539498023663E-012
   607. -4.54450946599868286E-012
   608. -1.36335283979960518E-012
   609. -1.12955351032594601E-011
